-0.320927976823
-0.320927976823
-0.173265560904
-0.468590392742
-0.61625280866
-0.814778201052
-0.720036197599
-0.674092143406
-0.748421014745
-0.833575466183
-0.844436937588
-0.626808252019
-0.763915224579
-0.716442618226
-0.542421600701
-0.642099362473
-0.61625280866
-0.70883850306
-0.544778000977
-0.464572843284
-0.626808252019
-0.56775610672
-0.691651380453
-0.674092143406
-0.897466521921
-0.503747349223
-0.549727294722
-0.759264540497
-0.451825404846
-0.503747349223
-0.759264540497
-0.865129129732
-0.451825404846
-0.642099362473
-0.61625280866
-0.776805831891
-0.542421600701
-0.588919746315
-0.69008401662
-0.588919746315
-0.578112111868
-0.61625280866
-0.462747749936
-0.493412850967
-0.872899005142
-0.861960283329
-0.542421600701
-0.61625280866
-0.70883850306
-0.61625280866
-0.70883850306
-0.716442618226
-0.897466521921
-0.69008401662
-0.634881746161
-0.542421600701
-0.691651380453
-0.503747349223
-0.451825404846
-0.544778000977
-0.61625280866
-0.468590392742
-0.542421600701
-0.626808252019
-0.451825404846
-0.451825404846
-0.636922661656
-0.451825404846
-0.463226754814
-0.542421600701
-0.542421600701
-0.462747749936
-0.588919746315
-0.69008401662
-0.503747349223
-0.636922661656
-0.407803208992
-0.542421600701
-0.550074708235
-0.763915224579
-0.636922661656
-0.550074708235
-0.542421600701
-0.451825404846
-0.451825404846
-0.674092143406
-0.723770615078
-0.544778000977
-0.716442618226
-0.674092143406
-0.56775610672
-0.493412850967
-0.636922661656
-0.691651380453
-0.759264540497
-0.468590392742
-0.544778000977
-0.61625280866
-0.588919746315
-0.810618568499
-0.69008401662
-0.636922661656
-0.723770615078
-0.503747349223
-0.70883850306
-0.56775610672
-0.69008401662
-0.588919746315
-0.636922661656
-0.542421600701
-0.588919746315
-0.588919746315
-0.626808252019
-0.544778000977
-0.451825404846
-0.550074708235
-0.674092143406
-0.61625280866
-0.451825404846
-0.503747349223
-0.61625280866
-0.790868754101
-0.810618568499
-0.542421600701
-0.642099362473
-0.550074708235
-0.626808252019
-0.451825404846
-0.723770615078
-0.723770615078
-0.626808252019
-0.542421600701
-0.468590392742
-0.642099362473
-0.642099362473
-0.588919746315
-0.636922661656
-0.542421600701
-0.451825404846
-0.588919746315
-0.503747349223
-0.464572843284
-0.810618568499
-0.503747349223
-0.61625280866
-0.674092143406
-0.468590392742
-0.419069595214
-0.379418391846
-0.674092143406
-0.463226754814
-0.723770615078
-0.493412850967
-0.451825404846
-0.578112111868
-0.56775610672
-0.544778000977
-0.642099362473
-0.61625280866
-0.544778000977
-0.663266563307
-0.503747349223
-0.810618568499
-0.636922661656
-0.69008401662
-0.674092143406
-0.61625280866
-0.542421600701
-0.550074708235
-0.636922661656
-0.550074708235
-0.759264540497
-0.716442618226
-0.674092143406
-0.464572843284
-0.542421600701
-0.674092143406
-0.550074708235
-0.763915224579
-0.759264540497
-0.451825404846
-0.436188026138
-0.462747749936
-0.542421600701
-0.544778000977
-0.588919746315
-0.790785873979
-0.464572843284
-0.663266563307
-0.626808252019
-0.663266563307
-0.468590392742
-0.463226754814
-0.69008401662
-0.626808252019
-0.542421600701
-0.70883850306
-0.810618568499
-0.872899005142
-0.716442618226
-0.503747349223
-0.674092143406
-0.549727294722
-0.468590392742
-0.544778000977
-0.723770615078
-0.674092143406
-0.674092143406
-0.626808252019
-0.463226754814
-0.674092143406
-0.810618568499
-0.69008401662
-0.759264540497
-0.861960283329
-0.588919746315
-0.69008401662
-0.720036197599
-0.634881746161
-0.723770615078
-0.626808252019
-0.674092143406
-0.636922661656
-0.549727294722
-0.636922661656
-0.723770615078
-0.674092143406
-0.550074708235
-0.69008401662
-0.674092143406
-0.674092143406
-0.588919746315
-0.578112111868
-0.723770615078
-0.716442618226
-0.588919746315
-0.70883850306
-0.451825404846
-0.61625280866
-0.70883850306
-0.929609334679
-0.636922661656
-0.720036197599
-0.723770615078
-0.56775610672
-0.626808252019
-0.674092143406
-0.674092143406
-0.844436937588
-0.674092143406
-0.69008401662
-0.634881746161
-0.723770615078
-0.578112111868
-0.69008401662
-0.542421600701
-0.805190649037
-0.636922661656
-0.636922661656
-0.542421600701
-0.418574952132
-0.550074708235
-0.503747349223
-0.642099362473
-0.636922661656
-0.61625280866
-0.550074708235
-0.588919746315
-0.723770615078
-0.503747349223
-0.588919746315
-0.451825404846
-0.503747349223
-0.451825404846
-0.451825404846
-0.61625280866
-0.748421014745
-0.626808252019
-0.542421600701
-0.636922661656
-0.542421600701
-0.451825404846
-0.663266563307
-0.493412850967
-0.464572843284
-0.394759184782
-0.437828374799
-0.289530847971
-0.464572843284
-0.674092143406
-0.544778000977
-0.56775610672
-0.451825404846
-0.588919746315
-0.451825404846
-0.376378801392
-0.503747349223
-0.674092143406
-0.606496929014
-0.503747349223
-0.451825404846
-0.550074708235
-0.550074708235
-0.626808252019
-0.790785873979
-0.588919746315
-0.462747749936
-0.503747349223
-0.674092143406
-0.451825404846
-0.674092143406
-0.634881746161
-0.723770615078
-0.503747349223
-0.550074708235
-0.468590392742
-0.674092143406
-0.69008401662
-0.588919746315
-0.748421014745
-0.451825404846
-0.49295766043
-0.663266563307
-0.451825404846
-0.451825404846
-0.544778000977
-0.549727294722
-0.451825404846
-0.468590392742
-0.451825404846
-0.503747349223
-0.61625280866
-0.61625280866
-0.642099362473
-0.462747749936
-0.437828374799
-0.61625280866
-0.503747349223
-0.691651380453
-0.759264540497
-0.550074708235
-0.49295766043
-0.436188026138
-0.588919746315
-0.588919746315
-0.451825404846
-0.674092143406
-0.468590392742
-0.542421600701
-0.550074708235
-0.451825404846
-0.468590392742
-0.69008401662
-0.588919746315
-0.462747749936
-0.636922661656
-0.468590392742
-0.451825404846
-0.451825404846
-0.626808252019
-0.462747749936
-0.578112111868
-0.642099362473
-0.451825404846
-0.70883850306
-0.663266563307
-0.544778000977
-0.810618568499
-0.674092143406
-0.636922661656
-0.557545984076
-0.759264540497
-0.723770615078
-0.865129129732
-0.626808252019
-0.462747749936
-0.493412850967
-0.588919746315
-0.462747749936
-0.542421600701
-0.626808252019
-0.810618568499
-0.626808252019
-0.468590392742
-0.549727294722
-0.542421600701
-0.468590392742
-0.503747349223
-0.542421600701
-0.626808252019
-0.451825404846
-0.468590392742
-0.451825404846
-0.451825404846
-0.451825404846
-0.642099362473
-0.720036197599
-0.537954315762
-0.451825404846
-0.451825404846
-0.376378801392
-0.544778000977
-0.468590392742
-0.468590392742
-0.451825404846
-0.437828374799
-0.597699364838
-0.486168870983
-0.589672131179
-0.52037257558
-0.494966435159
-0.543353575503
-0.54136615837
-0.498352504827
-0.397476876762
-0.38682217097
-0.45752607983
-0.695267380816
-0.268792486818
-0.45320938377
-0.607863999167
-0.37525632635
-0.576415883278
-0.398275872153
-0.572225622388
-0.406914389998
-0.432298203731
-0.423292294814
-0.278985386589
-0.451494768418
-0.552756527199
-0.363706188046
-0.341173437126
-0.552855211241
-0.336030751351
-0.355851284347
-0.517917225834
-0.566066979107
-0.457286577391
-0.658095752939
-0.432298203731
-0.45752607983
-0.460207898794
-0.477786377035
-0.470787862011
-0.268042724795
-0.432298203731
-0.497123502773
-0.318926978012
-0.432298203731
-0.406667068457
-0.409272936847
-0.45752607983
-0.361104244277
-0.386376690834
-0.416271451871
-0.610094983725
-0.465908573778
-0.612921203986
-0.565864010824
-0.317128593716
-0.607082104627
-0.350027781398
-0.416271451871
-0.37525632635
-0.56318219186
-0.498352504827
-0.293226075309
-0.446033595872
-0.504675422131
-0.616652590516
-0.477786377035
-0.446033595872
-0.519095425972
-0.580515404819
-0.592240053242
-0.153946153338
-0.472619127906
-0.580331953953
-0.52916116693
-0.644972940463
-0.645172476033
-0.644972940463
-0.565670673508
-0.460207898794
-0.546248154468
-0.606606168571
-0.535751727972
-0.457286577391
-0.497123502773
-0.698931379242
-0.546248154468
-0.576655385717
-0.50095005654
-0.477786377035
-0.607082104627
-0.408452762516
-0.658095752939
-0.519590681041
-0.494889860304
-0.63325866323
-0.569323520518
-0.497123502773
-0.182870327704
-0.494966435159
-0.502824177757
-0.493951541517
-0.621709795335
-0.45752607983
-0.414102103119
-0.457286577391
-0.557481516877
-0.43544750003
-0.655507402531
-0.435200178489
-0.364080869912
-0.280969179551
-0.520429930902
-0.480774026586
-0.486583941211
-0.577103562211
-0.486168870983
-0.45752607983
-0.413189080562
-0.406667068457
-0.607082104627
-0.465669071339
-0.369706547158
-0.563437031038
-0.414102103119
-0.607517386762
-0.196555107544
-0.385051584957
-0.333649876582
-0.416271451871
-0.773792741275
-0.54136615837
-0.583515929091
-0.357060026968
-0.427381489135
-0.280277204734
-0.457286577391
-0.281634617214
-0.691465323233
-0.50095005654
-0.444006715492
-0.446033595872
-0.363679611385
-0.45752607983
-0.502824177757
-0.611118851698
-0.435200178489
-0.519590681041
-0.52037257558
-0.52037257558
-0.601804382948
-0.608256872053
-0.477786377035
-0.607863999167
-0.472391532638
-0.465908573778
-0.607863999167
-0.457286577391
-0.50095005654
-0.725448987648
-0.498301702912
-0.414102103119
-0.414102103119
-0.457286577391
-0.446033595872
-0.50095005654
-0.5242626751
-0.336922557729
-0.378548150144
-0.23663391575
-0.497123502773
-0.502584675319
-0.477786377035
-0.432298203731
-0.268313808417
-0.463899799049
-0.504002377896
-0.477786377035
-0.588714447901
-0.477786377035
-0.611909719064
-0.626587735158
-0.446033595872
-0.472619127906
-0.401429489773
-0.462987252375
-0.607082104627
-0.695267380816
-0.457286577391
-0.423292294814
-0.414102103119
-0.231398204437
-0.460207898794
-0.45752607983
-0.444006715492
-0.41547360546
-0.423292294814
-0.398996671989
-0.352949309589
-0.568419946671
-0.588137851775
-0.596087035354
-0.410479642897
-0.435200178489
-0.392613979944
-0.398275872153
-0.648879124687
-0.386376690834
-0.783837292996
-0.369706547158
-0.428448985007
-0.349461086855
-0.650030145282
-0.69946125984
-0.700681951485
-0.537375518228
-0.572923355848
-0.265018732896
-0.369751464478
-0.498580100095
-0.607863999167
-0.614727659854
-0.465908573778
-0.466581618013
-0.429814306919
-0.185266643688
-0.386376690834
-0.52037257558
-0.566066979107
-0.458199124065
-0.687838449644
-0.590026839117
-0.462987252375
-0.466581618013
-0.394260353943
-0.450527564806
-0.432298203731
-0.519590681041
-0.498301702912
-0.358878421534
-0.232443577382
-0.519590681041
-0.45752607983
-0.494889860304
-0.301892819375
-0.131495395401
-0.35426078128
-0.36684948972
-0.37525632635
-0.446033595872
-0.493951541517
-0.432298203731
-0.194961278858
-0.415672977374
-0.270112192713
-0.410479642897
-0.38561546492
-0.2877291099
-0.32338094255
-0.423292294814
-0.370678126408
-0.0874498120778
-0.34465985548
-0.267908923711
-0.543599800839
-0.403765093699
-0.295399506369
-0.278908472821
-0.192728697125
-0.50095005654
-0.518867830704
-0.387432459726
-0.470787862011
-0.310876244882
-0.339064447251
-0.321494671366
-0.379378175811
-0.498301702912
-0.350173184334
-0.242853259206
-0.435200178489
-0.267342229167
-0.37525632635
-0.498301702912
-0.275029775927
-0.288559268721
-0.284535165781
-0.429814306919
-0.432298203731
-0.216993542391
-0.406667068457
-0.50095005654
-0.577103562211
-0.497123502773
-0.483487052019
-0.307114890586
-0.386376690834
-0.614727659854
-0.486168870983
-0.446033595872
-0.399646225514
-0.330319154022
-0.422815791895
-0.450527564806
-0.466827318933
-0.498301702912
-0.457286577391
-0.45752607983
-0.167834968615
-0.332827158142
-0.355312435303
-0.446033595872
-0.569497227275
-0.50095005654
-0.45752607983
-0.37525632635
-0.354890678217
-0.414102103119
-0.45752607983
-0.50095005654
-0.460207898794
-0.544374033251
-0.460207898794
-0.588919746315
-0.752021389362
-0.588919746315
-0.729356964459
-0.437828374799
-0.655507402531
-0.674092143406
-0.445061855615
-0.537954315762
-0.70883850306
-0.568318770887
-0.588919746315
-0.495740480009
-0.587355957236
-0.115834941128
-0.440241786899
-0.451825404846
-0.544778000977
-0.419069595214
-0.451825404846
-0.458944741137
-0.437828374799
-0.588919746315
-0.537954315762
-0.537954315762
-0.694706127209
-0.503747349223
-0.418574952132
-0.587355957236
-0.69008401662
-0.333402555041
-0.333402555041
-0.451825404846
-0.451825404846
-0.380717498895
-0.419069595214
-0.196039827955
-0.412771002616
-0.462747749936
-0.451825404846
-0.344726339461
-0.216656996813
-0.544778000977
-0.495740480009
-0.587355957236
-0.418574952132
-0.451825404846
-0.674092143406
-0.294263940407
-0.173222361701
-0.289530847971
-0.320927976823
-0.451825404846
-0.549727294722
-0.451825404846
-0.372485765295
-0.344726339461
-0.216656996813
-0.333402555041
-0.542421600701
-0.394759184782
-0.289530847971
-0.191668733641
-0.320927976823
-0.458944741137
-0.270383083708
-0.384616152411
-0.344726339461
-0.451825404846
-0.293127616562
-0.418574952132
-0.216656996813
-0.333402555041
-0.287587689471
-0.451825404846
-0.379418391846
-0.123955037531
-0.123955037531
-0.216656996813
-0.202682894549
-0.186050556547
-0.29302598243
-0.163057760859
-0.0815807550151
-0.298687247854
-0.209109488969
-0.333402555041
-0.287587689471
-0.549727294722
-0.205292848817
-0.194050165713
-0.289530847971
-0.194050165713
-0.162404376325
-0.24823015795
-0.451825404846
-0.445061855615
-0.372485765295
-0.451825404846
-0.216656996813
-0.376378801392
-0.333402555041
-0.437828374799
-0.344726339461
-0.270383083708
-0.0842955799757
-0.333402555041
-0.287587689471
-0.412771002616
-0.205292848817
-0.265879123261
-0.247096768863
-0.146013446226
-0.160394166855
-0.216656996813
-0.451825404846
-0.298687247854
-0.298687247854
-0.419069595214
-0.24823015795
-0.160394166855
-0.440241786899
-0.372485765295
-0.537954315762
-0.153980069432
-0.320927976823
-0.166808264278
-0.147565972009
-0.298687247854
-0.196039827955
-0.451825404846
-0.412771002616
-0.298687247854
-0.436188026138
-0.436188026138
-0.320927976823
-0.49295766043
-0.463226754814
-0.216656996813
-0.196039827955
-0.134626745772
-0.24823015795
-0.549727294722
-0.458944741137
-0.412771002616
-0.376378801392
-0.451825404846
-0.39438323122
-0.451825404846
-0.451825404846
-0.537954315762
-0.376378801392
-0.451825404846
-0.451825404846
-0.503747349223
-0.394759184782
-0.674092143406
-0.588919746315
-0.642099362473
-0.451825404846
-0.147565972009
-0.333402555041
-0.376378801392
-0.198878751394
-0.451825404846
-0.451825404846
-0.320927976823
-0.287587689471
-0.216656996813
-0.451825404846
-0.418574952132
-0.29302598243
-0.344726339461
-0.464572843284
-0.418574952132
-0.550074708235
-0.451825404846
-0.216656996813
-0.202682894549
-0.384616152411
-0.289530847971
-0.287587689471
-0.194050165713
-0.451825404846
-0.24823015795
-0.440241786899
-0.503747349223
-0.376378801392
-0.436188026138
-0.116873479504
-0.451825404846
-0.451825404846
-0.493412850967
-0.437828374799
-0.436188026138
-0.440241786899
-0.423831344753
-0.542421600701
-0.451825404846
-0.636922661656
-0.588919746315
-0.634881746161
-0.549727294722
-0.462747749936
-0.542421600701
-0.674092143406
-0.463226754814
-0.674092143406
-0.674092143406
-0.537954315762
-0.333402555041
-0.196039827955
-0.451825404846
-0.576825434173
-0.351033574699
-0.24823015795
-0.265879123261
-0.322648757553
-0.451825404846
-0.333402555041
-0.451825404846
-0.294263940407
-0.451825404846
-0.333402555041
-0.394759184782
-0.202682894549
-0.287587689471
-0.293127616562
-0.544778000977
-0.341064048101
-0.341064048101
-0.173222361701
-0.265879123261
-0.24823015795
-0.458944741137
-0.61625280866
-0.380717498895
-0.436188026138
-0.24823015795
-0.287587689471
-0.163057760859
-0.550074708235
-0.333402555041
-0.320927976823
-0.194050165713
-0.298687247854
-0.194050165713
-0.230949238509
-0.437828374799
-0.451825404846
-0.191668733641
-0.166808264278
-0.186050556547
-0.12832367974
-0.298687247854
-0.503747349223
-0.451825404846
-0.394759184782
-0.265879123261
-0.341064048101
-0.237494306115
-0.576825434173
-0.173222361701
-0.493412850967
-0.380717498895
-0.0842955799757
-0.0903114848517
-0.0903114848517
-0.451825404846
-0.343704606825
-0.451825404846
-0.162404376325
-0.10058452974
-0.437828374799
-0.115495484893
-0.333402555041
-0.186050556547
-0.179636459124
-0.418574952132
-0.298687247854
-0.173222361701
-0.294263940407
-0.179636459124
-0.550074708235
-0.247096768863
-0.202682894549
-0.0680066302117
-0.0734362801331
-0.141151874586
-0.24823015795
-0.289530847971
-0.196039827955
-0.160394166855
-0.115834941128
-0.0815807550151
-0.162404376325
-0.418574952132
-0.376378801392
-0.194050165713
-0.173222361701
-0.173265560904
-0.333402555041
-0.166808264278
-0.194050165713
-0.24823015795
-0.196039827955
-0.298687247854
-0.294263940407
-0.437828374799
-0.320927976823
-0.341064048101
-0.451825404846
-0.160394166855
-0.196039827955
-0.333402555041
-0.270383083708
-0.105302662029
-0.451825404846
-0.451825404846
-0.287587689471
-0.237494306115
-0.205292848817
-0.294263940407
-0.0778853637681
-0.102667290047
-0.451825404846
-0.544778000977
-0.493412850967
-0.115834941128
-0.380717498895
-0.115495484893
-0.344726339461
-0.376378801392
-0.289530847971
-0.463226754814
-0.179636459124
-0.24823015795
-0.289530847971
-0.380717498895
-0.463226754814
-0.376378801392
-0.19246465397
-0.097869704779
-0.12832367974
-0.247096768863
-0.380717498895
-0.451825404846
-0.173222361701
-0.247096768863
-0.116873479504
-0.202682894549
-0.173265560904
-0.1032993547
-0.437828374799
-0.451825404846
-0.419069595214
-0.247096768863
-0.351033574699
-0.412771002616
-0.503747349223
-0.451825404846
-0.549727294722
-0.372485765295
-0.451825404846
-0.463226754814
-0.503747349223
-0.788320942053
-0.70883850306
-0.537954315762
-0.578112111868
-0.538155709891
-0.535507356262
-0.444447374035
-0.651155659038
-0.626587735158
-0.438821496731
-0.505854826185
-0.408281425709
-0.323399574474
-0.436814535741
-0.455385072992
-0.423810627626
-0.436814535741
-0.443240667985
-0.142156979321
-0.218672147948
-0.421145496422
-0.522266756475
-0.531002075281
-0.450239183008
-0.486168870983
-0.363083798262
-0.429816020718
-0.301463720939
-0.582734034552
-0.491434822343
-0.436814535741
-0.457563549844
-0.423810627626
-0.280246681386
-0.417287334626
-0.436814535741
-0.438821496731
-0.213831118652
-0.407946283154
-0.174143637982
-0.371346607873
-0.423810627626
-0.429816020718
-0.450239183008
-0.458199124065
-0.420436630925
-0.274914051571
-0.436814535741
-0.148254969314
-0.438821496731
-0.478062588101
-0.360078825234
-0.267840615795
-0.265414089834
-0.303365233731
-0.408281425709
-0.291432360762
-0.455385072992
-0.507018640706
-0.397144715966
-0.116813170884
-0.420189309384
-0.185282077251
-0.294717758304
-0.437008200469
-0.295303172783
-0.290357653017
-0.357060026968
-0.207502170961
-0.338992401075
-0.399893547054
-0.455385072992
-0.435228313903
-0.309366169619
-0.371986708909
-0.339064447251
-0.271873471325
-0.436814535741
-0.297748088726
-0.452189298501
-0.231398204437
-0.130796200809
-0.356960329877
-0.19506065174
-0.338216020192
-0.457286577391
-0.507153193697
-0.481001621854
-0.323053015487
-0.320412491362
-0.367600130272
-0.355007309048
-0.429816020718
-0.394571208001
-0.157518694775
-0.221568298409
-0.419549208348
-0.408281425709
-0.435228313903
-0.543026454061
-0.436814535741
-0.377603110839
-0.330996012462
-0.381433857368
-0.212287238611
-0.431022726767
-0.420189309384
-0.420189309384
-0.399091234014
-0.207362334695
-0.205164004827
-0.317663994254
-0.3984330638
-0.491863746348
-0.455385072992
-0.48324754958
-0.299999318767
-0.340239216759
-0.418822273673
-0.436814535741
-0.394424042227
-0.436814535741
-0.337533024623
-0.176938227392
-0.170036912591
-0.323391504695
-0.452189298501
-0.397724198303
-0.377603110839
-0.485061103124
-0.397144715966
-0.292751043453
-0.358368828613
-0.452189298501
-0.552826379319
-0.436814535741
-0.219193592995
-0.452189298501
-0.35691059988
-0.294109047912
-0.452189298501
-0.428995846387
-0.423810627626
-0.253093922392
-0.212946438344
-0.0964893874495
-0.293049358363
-0.407946283154
-0.450239183008
-0.420189309384
-0.436814535741
-0.166014001307
-0.135286833024
-0.173049931365
-0.51981963949
-0.406667068457
-0.472619127906
-0.421145496422
-0.365875536797
-0.339555067836
-0.399646225514
-0.478092207622
-0.477786377035
-0.401260582766
-0.306976979627
-0.295907432208
-0.257155063921
-0.372942895946
-0.420189309384
-0.401260582766
-0.436814535741
-0.303262105235
-0.18504355413
-0.313547970181
-0.473917495419
-0.356410473443
-0.538579038212
-0.446033595872
-0.436814535741
-0.338216020192
-0.403209909523
-0.436814535741
-0.407946283154
-0.436814535741
-0.313907133879
-0.408093448928
-0.369407619567
-0.182445547671
-0.428995846387
-0.458199124065
-0.531002075281
-0.534329156124
-0.53153740119
-0.37360106616
-0.419778460711
-0.528125558582
-0.408281425709
-0.47831980289
-0.415672977374
-0.650274146732
-0.400611029241
-0.380497476901
-0.407946283154
-0.402551739309
-0.53460908314
-0.557578228931
-0.438821496731
-0.389687668596
-0.1171689297
-0.291889838808
-0.455385072992
-0.485061103124
-0.598886233476
-0.482165436375
-0.420436630925
-0.320879153599
-0.431822981708
-0.485061103124
-0.455385072992
-0.45752607983
-0.399091234014
-0.435228313903
-0.401260582766
-0.378736382032
-0.473917495419
-0.457286577391
-0.606501464306
-0.420189309384
-0.436814535741
-0.444447374035
-0.381433857368
-0.444447374035
-0.507018640706
-0.445190783478
-0.53153740119
-0.530532638523
-0.420189309384
-0.414145267599
-0.436814535741
-0.583036577298
-0.534928201806
-0.436814535741
-0.299065171781
-0.332806690929
-0.431022726767
-0.383265003048
-0.564860813676
-0.439035080849
-0.433432761125
-0.378548150144
-0.367253571285
-0.185601303145
-0.366074921037
-0.469847108231
-0.417287334626
-0.436814535741
-0.335793302599
-0.270215321208
-0.371365821729
-0.485061103124
-0.451494768418
-0.431022726767
-0.418822273673
-0.369751464478
-0.303688581865
-0.377603110839
-0.452102377299
-0.401260582766
-0.429816020718
-0.414803437814
-0.268880502961
-0.28175272833
-0.34894211549
-0.436814535741
-0.435228313903
-0.421145496422
-0.399646225514
-0.423810627626
-0.22026929513
-0.111739279779
-0.436814535741
-0.338206920851
-0.26093530146
-0.270678887256
0.0184785266911
-0.198202858383
-0.110381867299
-0.16814006128
-0.184138837866
-0.128779628072
-0.199442057999
-0.325550291302
-0.112448582913
-0.165526783929
-0.174728370297
-0.399006124478
-0.201292851244
-0.229675775077
-0.165917643629
-0.0809681109321
-0.237197666269
-0.299999318767
-0.146553210007
-0.193808964301
-0.34624819564
-0.17224620081
-0.253418558943
-0.0843525126278
-0.116813170884
-0.264005292308
-0.310344455723
-0.437235274893
-0.0845496003102
-0.234958641874
-0.151556281612
-0.205841868711
-0.406026967421
-0.347889137662
-0.243694604012
-0.0892349467539
-0.174143637982
-0.19369185954
-0.327230321004
-0.186237323109
-0.371365821729
-0.16009619164
-0.19037728019
-0.134180211444
-0.174227466436
-0.0845496003102
-0.360245457245
-0.17034223205
-0.148891290762
-0.264040680117
-0.142477193339
-0.207380029607
-0.339064447251
-0.37360106616
-0.204162865227
-0.240997750971
-0.157514037203
-0.220657284867
-0.403577116918
-0.436814535741
-0.381433857368
-0.245288757993
-0.421145496422
-0.317663836981
-0.269632491108
-0.174227466436
-0.297977275555
-0.408281425709
-0.3984330638
-0.31806694466
-0.219395239104
-0.397330139144
-0.236370023779
-0.485061103124
-0.236819123009
-0.473917495419
-0.521188537465
-0.436814535741
-0.476467461649
-0.418574952132
-0.576825434173
-0.543707349159
-0.518296801403
-0.437828374799
-0.421803666636
-0.44865296117
-0.526236711547
-0.451825404846
-0.452553192156
-0.462747749936
-0.436814535741
-0.352449404267
-0.421803666636
-0.202682894549
-0.419069595214
-0.421803666636
-0.313396593908
-0.421803666636
-0.341064048101
-0.297319815964
-0.223183355065
-0.394088899672
-0.451825404846
-0.330381641831
-0.293339042311
-0.425817588616
-0.223183355065
-0.356705384414
-0.425817588616
-0.325398465685
-0.421803666636
-0.360172469074
-0.292168213353
-0.267969254958
-0.269975306554
-0.437828374799
-0.44865296117
-0.356705384414
-0.462747749936
-0.202682894549
-0.242347358036
-0.174047280304
-0.333402555041
-0.445441513871
-0.445441513871
-0.299760934623
-0.10908138747
-0.119059139709
-0.24823015795
-0.372856611652
-0.451825404846
-0.451825404846
-0.292168213353
-0.146013446226
-0.157788006954
-0.23119616423
-0.363594413169
-0.436814535741
-0.108209735434
-0.29351439179
-0.17882355303
-0.217467276309
-0.0947229284033
-0.275922839784
-0.41953113917
-0.215850892929
-0.228087753492
-0.0845986654959
-0.125286359145
-0.233470442323
-0.157695935123
-0.420189309384
-0.346039500373
-0.0890260353056
-0.136525159552
-0.205317267138
-0.436814535741
-0.435228313903
-0.383622475039
-0.293399075613
-0.429981380373
-0.0991916068527
-0.169656254077
-0.182968760085
-0.309081654429
-0.45109751822
-0.292946229868
-0.178553963286
-0.109251115588
-0.104248288821
-0.233834216924
-0.31642315518
-0.177961172658
-0.450239183008
-0.242012105316
-0.290306835951
-0.166058999355
-0.208397420878
-0.227252758565
-0.327165265932
-0.387738341839
-0.270784600131
-0.244618666426
-0.0797821245773
-0.131246056902
-0.159915455282
-0.279532471729
-0.407946283154
-0.278213101725
-0.28175272833
-0.198476680945
-0.253302674066
-0.169656254077
-0.420189309384
-0.408093448928
-0.190345838984
-0.177482333741
-0.196092252038
-0.168322185992
-0.278511416635
-0.220088600332
-0.3595617413
-0.171417952447
-0.168225828315
-0.326468656123
-0.277778472215
-0.143482298074
-0.497382131526
-0.326986343835
-0.20858130922
-0.327230321004
-0.258315432175
-0.155720418966
-0.297748088726
-0.361759669997
-0.296262888898
-0.386618004907
-0.202378743394
-0.179984977786
-0.267320536902
-0.397330139144
-0.436086649115
-0.434560077453
-0.399091234014
-0.180269357344
-0.144137226346
-0.423810627626
-0.22408134891
-0.452102377299
-0.477786377035
-0.264638950864
-0.133853519177
-0.278781498012
-0.197277893671
-0.357568770095
-0.360653143206
-0.360890773498
-0.20858130922
-0.316914445637
-0.261907323163
-0.258160983362
-0.436814535741
-0.316044901448
-0.298003531909
-0.292453752717
-0.1411638928
-0.266113622528
-0.208507275696
-0.222503649842
-0.408281425709
-0.3595617413
-0.264941706042
-0.0984092827699
-0.158192222879
-0.283621304905
-0.421145496422
-0.399091234014
-0.385568993087
-0.192859449677
-0.202230862567
-0.266966494649
-0.284647515055
-0.370766761984
-0.438821496731
-0.438821496731
-0.404789093562
-0.290357653017
-0.17559986044
-0.223926580521
-0.316364475888
-0.423810627626
-0.444447374035
-0.28808080404
-0.233246090376
-0.297177606372
-0.311031846074
-0.417287334626
-0.595960078331
-0.390988067855
-0.477786377035
-0.309546646246
-0.343401575901
-0.327890053758
-0.296013145083
-0.384646474901
-0.34894211549
-0.26229274081
-0.183699983805
-0.211844488346
-0.283203853144
-0.357465641599
-0.376601632095
-0.440374203887
-0.303865753369
-0.294717758304
-0.0876089203959
-0.205972736909
-0.355743150701
-0.328719886165
-0.285647212326
-0.305358204936
-0.408281425709
-0.17520900074
-0.408209846023
-0.272296379069
-0.436814535741
-0.548776312233
-0.239146466547
-0.307888187058
-0.253469376008
-0.319030106507
-0.288559268721
-0.417287334626
-0.297657307977
-0.219532331443
-0.247123703744
-0.186237323109
-0.266896042792
-0.250585735392
-0.408281425709
-0.364999112997
-0.298514118939
-0.245684990839
-0.183114819949
-0.309807612338
-0.45109751822
-0.357498897121
-0.497382131526
-0.266966494649
-0.375397142043
-0.216146422017
-0.184145080686
-0.306041920881
-0.295223716263
-0.245050056048
-0.200408616456
-0.184410587109
-0.274059517192
-0.203621913666
-0.199344579989
-0.238896765066
-0.32485699985
-0.15002450671
-0.169388940332
-0.180251407928
-0.193808964301
-0.103102581146
-0.283494662188
-0.18100263161
-0.17559986044
-0.171112476536
-0.230148909026
-0.15002450671
-0.240423163474
-0.282988781464
-0.16038412664
-0.20537993351
-0.0810904718719
-0.13576050477
-0.149303750064
-0.194190932698
-0.340976807639
-0.130924193677
-0.0787484440451
-0.0452591332701
-0.0685584719675
-0.0248721209386
-0.158250501062
-0.137808427509
-0.105658420845
-0.112180900869
0.0177240869667
-0.0542979327193
-0.0828717284394
-0.101745168666
-0.356352888063
-0.204943874866
-0.113606122173
-0.0828162714753
-0.11962824316
-0.0972946163815
-0.131886255101
-0.260920755379
-0.370164494931
-0.131423271209
-0.0253140832474
0.0696037236075
-0.104003412733
-0.185012835534
-0.201245899329
-0.167834968615
-0.102368507487
-0.0535919500002
-0.101050821496
-0.0480297914917
-0.279260965252
-0.308595216101
-0.226372256714
-0.128878245679
-0.0766347888449
-0.0933525555113
-0.131423271209
-0.300025575122
-0.299727151324
-0.228087753492
-0.0770107051995
-0.115319293469
-0.0835963853842
-0.182742280793
-0.180730122344
-0.360117682823
-0.378052417457
-0.15190072659
-0.223182248156
-0.295326844759
-0.151748042913
-0.314291734353
-0.291147845572
-0.163621557186
-0.311359140825
-0.239066942075
-0.211556840558
-0.250365129858
-0.410287105804
-0.248537643745
-0.285620955972
-0.118146639055
-0.187643389469
-0.163842898151
-0.101586183404
-0.204943874866
-0.290925814939
-0.328016596956
-0.321961506968
-0.170818750914
-0.20360323097
-0.270179195131
-0.3984330638
-0.357060026968
-0.234345235172
-0.25567737948
-0.305808019501
-0.337553990646
-0.433432761125
-0.34127875942
-0.433622590253
-0.376264774226
-0.509306168587
-0.29768688612
-0.297588945149
-0.307021051886
-0.418822273673
-0.491545291627
-0.325398465685
-0.433622590253
-0.298540375294
-0.290176266322
-0.201269415386
-0.412771002616
-0.356705384414
-0.421803666636
-0.194050165713
-0.213875894053
-0.186704394667
-0.190247527034
-0.35384619452
-0.223183355065
-0.394759184782
-0.23119616423
-0.0904969960459
-0.179778144034
-0.255866984193
-0.304487477389
-0.421803666636
-0.310462233812
-0.179778144034
-0.165072512495
-0.200913533935
-0.224979342754
-0.179233125502
-0.297319815964
-0.269975306554
-0.330381641831
-0.196516874199
-0.0904969960459
-0.119059139709
-0.179233125502
-0.247096768863
-0.247096768863
-0.140990109246
-0.174239995659
-0.0805851302658
-0.177152440576
-0.198134338362
-0.360172469074
-0.325398465685
-0.297267303256
-0.134626745772
-0.146013446226
-0.191668733641
-0.132010686628
-0.421803666636
-0.0962531926242
-0.0652918052511
-0.0870104049364
-0.0870104049364
-0.157788006954
-0.0951548798184
-0.0989488607608
-0.134626745772
-0.18300863177
-0.0924400548577
-0.114696266496
-0.29302598243
-0.198134338362
-0.179233125502
-0.216656996813
-0.0994343529446
-0.199878864007
-0.186704394667
-0.119059139709
-0.089725229897
-0.179233125502
-0.14389074382
-0.10908138747
-0.0898390952011
-0.0816788853865
-0.0372210631799
-0.166808264278
-0.162404376325
-0.0646933037477
-0.198134338362
-0.134737777163
-0.0840517879356
-0.0328252090263
-0.121696572202
-0.360172469074
-0.108729004622
-0.0625769802904
-0.194050165713
-0.174239995659
-0.097869704779
-0.163057760859
-0.313396593908
-0.313396593908
-0.174239995659
-0.114696266496
-0.18588183396
-0.0951548798184
-0.114696266496
-0.200913533935
-0.236226956855
-0.114696266496
-0.0803302724638
-0.00176086658973
-0.105302662029
-0.23119616423
-0.115495484893
-0.10908138747
-0.115834941128
-0.198134338362
-0.134737777163
-0.198134338362
-0.114696266496
-0.265879123261
-0.186704394667
-0.297267303256
-0.12832367974
0.0482280629741
-0.134288397356
-0.115834941128
-0.394088899672
-0.213811135455
-0.124560219823
-0.162404376325
-0.174047280304
-0.162404376325
-0.255866984193
-0.289530847971
-0.380717498895
-0.0815807550151
-0.0815807550151
-0.083424997778
-0.298687247854
-0.26986401424
-0.241869954147
-0.208441632944
-0.213811135455
-0.283861044286
-0.165072512495
-0.223183355065
-0.14389074382
-0.302731334279
-0.297267303256
-0.179778144034
-0.165072512495
-0.105302662029
-0.165072512495
-0.283861044286
-0.339849164473
-0.372485765295
-0.179233125502
-0.177152440576
-0.174047280304
-0.292168213353
-0.264257990097
-0.395932365839
-0.264257990097
-0.0903114848517
-0.182227119185
-0.142261006466
-0.23119616423
-0.0892517744403
-0.283861044286
-0.292168213353
-0.236226956855
-0.247096768863
-0.138423573331
-0.179233125502
-0.124560219823
-0.376378801392
-0.208441632944
-0.198134338362
-0.0842955799757
-0.132010686628
-0.115834941128
-0.200505621628
-0.29302598243
-0.320927976823
-0.372485765295
-0.198134338362
-0.236226956855
-0.121909582317
-0.379418391846
-0.395932365839
-0.440241786899
-0.360172469074
-0.320927976823
-0.224979342754
-0.208441632944
-0.395932365839
-0.421803666636
-0.360172469074
-0.320927976823
-0.313396593908
-0.23119616423
-0.421803666636
-0.452379349751
-0.302731334279
-0.421803666636
-0.287587689471
-0.325398465685
-0.267969254958
-0.369341604294
-0.194050165713
-0.299760934623
-0.292168213353
-0.264257990097
-0.302731334279
-0.325852134426
-0.287587689471
-0.380717498895
-0.394759184782
-0.297319815964
-0.179778144034
-0.283861044286
-0.121909582317
-0.179778144034
-0.264257990097
-0.452553192156
-0.394759184782
-0.269534095486
-0.269534095486
-0.23119616423
-0.26986401424
-0.322648757553
-0.450369631594
-0.356705384414
-0.372485765295
-0.223183355065
-0.264257990097
-0.341064048101
-0.330381641831
-0.421803666636
-0.450369631594
-0.356705384414
-0.269975306554
-0.141151874586
-0.344726339461
-0.269975306554
-0.384616152411
-0.320927976823
-0.162404376325
-0.196039827955
-0.200505621628
-0.289530847971
-0.302731334279
-0.384616152411
-0.322648757553
-0.373746667798
-0.213811135455
-0.132010686628
-0.198134338362
-0.224979342754
-0.421803666636
-0.440241786899
-0.297267303256
-0.182227119185
-0.216656996813
-0.208441632944
-0.339849164473
-0.445441513871
-0.215881307821
-0.29302598243
-0.111443829582
-0.194050165713
-0.283861044286
-0.325852134426
-0.39438323122
-0.35384619452
-0.196039827955
-0.153980069432
-0.179778144034
-0.247096768863
-0.194050165713
-0.089725229897
-0.292764843173
-0.171884803913
-0.119059139709
-0.097869704779
-0.0875184456054
-0.108729004622
-0.200505621628
-0.129893713774
-0.157788006954
-0.0435732055658
-0.0879026236337
-0.0753851437612
-0.0962531926242
-0.23119616423
-0.173265560904
-0.077010900355
-0.0667184995868
-0.147565972009
-0.0544325054084
-0.145699563926
-0.297267303256
-0.213875894053
-0.0857851167705
-0.078851801431
-0.121909582317
-0.147565972009
-0.224979342754
-0.191668733641
-0.31185510438
-0.111443829582
-0.0803302724638
-0.0684518284217
-0.0989488607608
-0.269534095486
-0.289530847971
-0.199878864007
-0.216656996813
-0.0788659300544
-0.0256031449853
-0.0149879174449
-0.247096768863
-0.369341604294
-0.163057760859
-0.0805851302658
-0.0156145661313
-0.114696266496
-0.0951548798184
-0.162404376325
-0.297319815964
-0.10189965368
-0.0903114848517
-0.0994343529446
-0.174047280304
-0.10058452974
-0.0871658671552
-0.247096768863
-0.0840517879356
-0.124560219823
-0.0573244978647
0.00339512965208
-0.179778144034
-0.269975306554
-0.142261006466
-0.134626745772
-0.119059139709
-0.157887773867
-0.0609658388413
-0.0994343529446
-0.142261006466
-0.121696572202
-0.171884803913
-0.157887773867
-0.078851801431
0.000616181006155
-0.198134338362
-0.302731334279
-0.320927976823
-0.39438323122
-0.23119616423
-0.264257990097
-0.241869954147
-0.302731334279
-0.438159094111
-0.394759184782
-0.463226754814
-0.320927976823
-0.343704606825
-0.29302598243
-0.333402555041
-0.297319815964
-0.421803666636
-0.330381641831
-0.292168213353
-0.269975306554
-0.345704357818
-0.296393458527
-0.457380663533
-0.395572635465
-0.483301620716
-0.183241269351
-0.104320060611
-0.0767496205532
-0.30235228878
-0.262265018892
-0.302440543405
-0.303365233731
-0.162067976379
-0.170818750914
-0.223841710726
-0.14946994077
-0.127982862079
-0.386134837617
-0.176640202903
-0.16813048663
-0.0906336599307
-0.241047194508
-0.160146075096
-0.229534544165
-0.268751675222
-0.264231733743
-0.0857020576418
-0.212623164971
-0.163399548755
-0.208616760389
-0.239152823592
-0.322243637042
-0.18100263161
-0.111072595689
-0.261682188791
-0.15000662492
-0.123753085761
-0.2120484445
-0.221620433729
-0.289877951412
-0.139258744796
-0.014030770123
-0.111913161999
-0.0759977878441
-0.179548794407
-0.376756284461
-0.260822326629
-0.18165895513
-0.16009619164
-0.0721243089291
-0.13610721178
-0.131491896577
-0.128661063406
-0.144941110716
-0.0557336988209
-0.135265051113
-0.128285453226
-0.112489035599
-0.295765621832
-0.243653091024
-0.191413701675
-0.149146132605
-0.0665768759235
-0.0802717351871
-0.107436763811
-0.15366675948
-0.271754352087
-0.236078571289
-0.242707701654
-0.00718586821935
-0.0903834477859
-0.23276535655
-0.140163154849
-0.171534189358
-0.151947745271
-0.172152818999
-0.123752480401
-0.155117415322
-0.0993217834235
-0.214410046392
-0.191703783186
-0.17446979741
-0.197481849824
-0.133149541992
-0.0802724077204
-0.0828717284394
-0.193808964301
-0.220430325288
-0.288043660037
-0.223926580521
-0.102498684058
-0.142267893766
-0.125010125971
-0.18100263161
-0.215228638568
-0.218079637689
-0.0932336531831
-0.0225459984703
-0.188683731932
-0.102125761395
-0.265736152518
-0.193605008148
-0.193808964301
-0.0850277511804
-0.0711135113206
-0.0778773696169
-0.117595282816
-0.312579700154
-0.193929207879
-0.108716233444
-0.225098187072
-0.0897821625491
-0.100777927327
-0.114635705701
-0.193837379223
-0.285792429995
-0.124499459313
-0.15574381047
-0.168161660882
-0.0727313643883
-0.104388046778
-0.207148538214
-0.25363667332
-0.19037728019
-0.139251355668
-0.0957040362213
-0.205972736909
-0.133804573121
-0.240069648959
-0.167308320585
-0.209669945681
-0.1441476751
-0.08445598549
-0.0735058814242
-0.069172559337
-0.298809504478
-0.371099107973
-0.33736867774
-0.107182443363
-0.249582709594
-0.0826700185375
-0.0652409292494
-0.156993635202
-0.295907432208
-0.309930946927
-0.206844999731
-0.102125761395
-0.116991551721
-0.171112476536
-0.24476257893
-0.226557613568
-0.289877951412
-0.2120484445
-0.108029154112
-0.125163914362
-0.16373844441
-0.171106909919
-0.11681122226
-0.24725671912
-0.220818169783
-0.0620456345246
-0.0865201217932
-0.0578657490491
-0.109071806084
-0.26551060718
-0.194693644608
-0.226426133427
-0.15366675948
-0.0857607598527
-0.135286833024
-0.212742482191
-0.197277893671
-0.235633585939
-0.0904699982944
-0.146207376363
-0.105314329151
-0.197965646626
-0.193605008148
-0.33144433954
-0.255379776146
-0.262878902413
-0.190163218429
-0.186081418864
-0.194025565557
-0.1675661837
-0.423810627626
-0.192793865695
-0.261918119576
-0.168560449684
-0.0850403483731
-0.130798123827
-0.227189759647
-0.371068547882
-0.242928307188
-0.199006601185
-0.203287985653
-0.0911869292694
-0.248682972586
-0.32189769119
-0.36312418621
-0.303609405834
-0.139704575799
-0.0977962087173
-0.106758518089
-0.153405149865
-0.208775560957
-0.371068547882
-0.330996012462
-0.22970515596
-0.240397653396
-0.0936378507374
-0.191992942128
-0.181991499424
-0.207395667588
-0.180730122344
-0.235736349149
-0.11714228548
-0.17302069489
-0.191610634433
-0.201245899329
-0.293960937033
-0.14276039315
-0.159526290964
-0.101911162804
-0.19037728019
-0.218366289241
-0.207880085914
-0.213843514754
-0.278750051465
-0.228087753492
-0.194907291275
-0.100065260552
-0.135286833024
-0.212048536666
-0.290849530662
-0.296013145083
-0.100751139777
-0.233834216924
-0.219904856655
-0.320905912935
-0.174554385496
-0.208247015002
-0.31133288447
-0.100808075404
-0.11161043962
-0.0449087789553
-0.191840016666
-0.219532331443
-0.159357540648
-0.276894419034
-0.116608897126
-0.0956385635695
-0.165496761208
0.0290277607752
-0.22171513289
-0.0787980153104
-0.201663568278
-0.0542598387722
-0.165917643629
-0.0809096050352
-0.0717725525894
-0.0884247500688
-0.207958617225
-0.194025565557
-0.207239433473
0.00670132228718
-0.019306946529
-0.0808787906463
-0.0941663193809
-0.107222172827
0.00599950406507
-0.0865430839355
0.0626166386443
-0.0532385119763
0.0130859383062
-0.0878121059858
-0.0922730901538
-0.151172611131
0.0326635992728
0.262137968162
0.0352231467815
0.0991692919567
-0.027295066346
-0.0999714556871
-0.137135846547
-0.0898029610064
-0.00690789290347
0.179321166776
0.0136400827291
0.00551279848924
-0.0965900234081
-0.200538972512
-0.113582783223
0.0916363869702
-0.0536498236042
-0.0484027610706
-0.115027669135
-0.181066165473
-0.103465964738
-0.0741027469971
-0.0905923592342
-0.0732360825797
-0.123128396013
-0.0546153454947
-0.168560449684
-0.149424506389
-0.1374122627
-0.00992508796874
0.0813013218722
-0.0824403551208
-0.044924528334
-0.098418861182
-0.151565776592
-0.0933595389915
-0.00131796056649
0.0522107607181
0.0126064185952
-0.0868163847248
-0.0999433645318
-0.074081558746
-0.0778577081125
0.0651724076458
0.0408082689902
-0.0890754852152
-0.0195083397254
-0.164119899637
-0.139639870283
0.0675966156516
-0.0175534488603
-0.0925177859671
-0.0920570741914
-0.0868163847248
-0.193185267858
-0.116820803647
0.0947795451789
0.0258115963131
0.0278049698302
-0.068444226978
-0.119505752247
-0.113070048039
-0.0811320078262
-0.0484955222699
0.00277475203647
-0.0976010266925
-0.0960770011999
-0.104043693128
-0.199609669207
-0.255164920168
-0.0866274242701
-0.100347802011
-0.0898743852431
-0.152169181928
-0.395345775311
-0.437549280415
-0.389254525525
-0.21414207402
-0.144913489237
-0.319716906798
-0.199344579989
-0.274397661686
-0.394883917841
-0.180730122344
-0.188956241198
-0.264257990097
-0.190247527034
-0.34894211549
-0.297552114437
-0.402866095572
-0.289998164649
-0.259819300832
-0.112006813626
-0.19931566659
-0.272398481634
-0.300973967007
-0.373417532502
-0.34940491761
-0.177438473695
-0.219454925702
-0.205101657465
-0.191426760294
-0.339677070984
-0.31489729584
-0.25178104089
-0.213811135455
-0.108729004622
-0.165072512495
-0.077010900355
-0.0649851707519
-0.322648757553
-0.115834941128
-0.200505621628
-0.0805851302658
-0.0875184456054
-0.18300863177
-0.198134338362
-0.386662595931
-0.236226956855
-0.200505621628
-0.165072512495
-0.196039827955
-0.186704394667
-0.292168213353
-0.38196462669
-0.369341604294
-0.264257990097
-0.134288397356
-0.162404376325
-0.10058452974
-0.269975306554
-0.196039827955
-0.200505621628
-0.121909582317
-0.108729004622
-0.194050165713
-0.0895809815139
-0.124560219823
-0.196039827955
-0.198134338362
-0.124852849952
-0.0563185265775
-0.0736518149263
-0.0667184995868
-0.179778144034
-0.220246910715
-0.173265560904
-0.198134338362
-0.0707214551724
-0.0924400548577
-0.165072512495
-0.236226956855
-0.109062224697
-0.294366382216
-0.269534095486
-0.292764843173
-0.23119616423
-0.134288397356
-0.182227119185
-0.264257990097
-0.23119616423
-0.124852849952
-0.186704394667
-0.127362655499
-0.153999803614
-0.302731334279
-0.174047280304
-0.224979342754
-0.236226956855
-0.142261006466
-0.132010686628
-0.0289869877067
-0.23119616423
-0.174047280304
-0.258916689412
-0.194050165713
-0.287185544192
-0.220246910715
-0.190247527034
-0.189935718544
-0.239304091682
-0.171757902358
-0.258916689412
-0.0895809815139
-0.186704394667
-0.179778144034
-0.221913955159
-0.167973824178
-0.269534095486
-0.134626745772
-0.0577686080857
-0.111276442159
-0.097869704779
-0.186704394667
-0.179233125502
-0.302731334279
-0.109062224697
-0.223183355065
-0.0962531926242
-0.0761511050937
-0.250910108273
-0.0883268407141
-0.225032198589
-0.118483606127
-0.152251148845
-0.0966435566738
-0.111443829582
-0.162404376325
-0.223183355065
-0.224979342754
-0.216153149217
-0.0840517879356
-0.0805851302658
-0.121909582317
-0.269534095486
-0.425817588616
-0.0989488607608
-0.077010900355
-0.0671547648383
-0.0658870348935
-0.0994343529446
-0.0701851572566
-0.111276442159
-0.236226956855
-0.088966714858
-0.0805851302658
-0.0701851572566
-0.1032993547
-0.287587689471
-0.146013446226
-0.227562961098
-0.18063695173
-0.119059139709
-0.0385721617801
-0.124560219823
-0.0646933037477
-0.121696572202
-0.162404376325
-0.097869704779
-0.121909582317
-0.102667290047
-0.0805851302658
-0.190247527034
-0.167973824178
-0.124560219823
-0.106014179661
-0.0857851167705
-0.078851801431
-0.111276442159
-0.23119616423
-0.302186999392
-0.289530847971
-0.186704394667
-0.124560219823
-0.179778144034
-0.269975306554
-0.121909582317
-0.179778144034
-0.227562961098
-0.124852849952
-0.0805851302658
-0.0778853637681
-0.0955702203846
-0.407803208992
-0.239304091682
-0.236226956855
-0.124852849952
-0.142261006466
-0.0989488607608
-0.202682894549
-0.223183355065
-0.44865296117
-0.29302598243
-0.293127616562
-0.0903114848517
-0.146013446226
-0.0966435566738
-0.179778144034
-0.191668733641
-0.294794257505
-0.23119616423
-0.078851801431
-0.0924400548577
-0.179778144034
-0.179233125502
-0.417294750061
-0.289530847971
-0.255018587135
-0.132010686628
-0.0989488607608
-0.189935718544
-0.194050165713
-0.321710370142
-0.171757902358
-0.198395050474
-0.0996947060863
-0.0771184725961
-0.1032993547
-0.111276442159
-0.302731334279
-0.296064593564
-0.189516001102
-0.142261006466
-0.167973824178
-0.157788006954
-0.202682894549
-0.302186999392
-0.425817588616
-0.32270174168
-0.0966435566738
-0.132010686628
-0.279906261387
-0.237494306115
-0.20975355191
-0.179778144034
-0.255018587135
-0.165072512495
-0.173265560904
-0.174047280304
-0.269975306554
-0.200913533935
-0.177152440576
-0.144217148435
-0.173265560904
-0.144217148435
-0.0875184456054
-0.227562961098
-0.360172469074
-0.200505621628
-0.121909582317
-0.0208140630363
-0.0646933037477
-0.0222369715964
-0.23119616423
-0.0962531926242
-0.196039827955
-0.134925495817
-0.00287253797393
-0.0508272573528
0.0640992429529
-0.10058452974
-0.146013446226
-0.220246910715
-0.0898390952011
0.0247570788421
0.122059270933
0.0617243883324
0.00110072411117
0.055610014121
-0.111276442159
0.00531288723199
0.181010506046
0.338328876256
1.18137297216
1.01024813088
0.719862189224
0.77509600134
1.20622693559
1.47671829738
1.63917405252
1.56730173344
1.64343675901
2.2409052373
2.74804856755
4.34791901431
7.24206001506
1.70371722233
1.1249769169
0.635266665085
0.395810098783
0.302906750706
0.353869633597
0.406040273502
0.484100803151
0.181010506046
0.144064536131
0.072794466399
0.00582308507927
0.470156152536
0.353869633597
0.382386397333
0.331058481907
0.0552207628935
0.00110072411117
0.0413392825668
0.121296595719
0.174525023145
0.265644361599
0.214933427122
0.0206666756849
0.0199189568133
0.076278026039
0.115514531925
0.171407364628
0.262804224596
0.155036035322
0.113314063761
0.148214894448
-0.0253132891697
0.117347245839
0.237583114658
0.342848031238
0.076278026039
0.111464007352
0.112285171576
-0.0641827055088
0.260285199294
0.135478624416
0.177631827505
0.18380255504
-0.0705356472221
-0.0256031449853
0.144708919136
0.0966493356773
0.0966493356773
0.0998372751262
-0.0156145661313
-0.0256031449853
-0.0350833974113
-0.0215086968296
0.076278026039
0.128399599969
0.147887875029
0.104073200837
-0.0525964947307
0.0552207628935
-0.0904969960459
0.144708919136
0.0206666756849
0.181010506046
0.0752441718353
-0.0989488607608
-0.24823015795
-0.227562961098
0.0617243883324
0.207147456325
-0.152339854677
0.0939496301384
-0.0573244978647
-0.208441632944
-0.173141701531
-0.253980812915
-0.134288397356
-0.173600075753
-0.299224091239
-0.340862998322
-0.165117017469
-0.394260353943
-0.172551810881
-0.0721895523005
-0.146875316691
-0.230603149805
-0.115465977015
-0.1333187162
-0.15964981984
-0.184584422023
0.218966592816
0.0982433054017
0.0124882993606
0.0723302041981
0.000261295839075
-0.0463304569834
-0.0594741823828
-0.00072287596068
0.0540306372917
0.06594402008
-0.0190809077538
-0.0701930297201
-0.0350231361031
0.0974432721815
0.108716993455
0.170381251627
0.11886443767
0.0970411210812
-0.0457738514903
-0.0158622424576
0.0124786748604
0.223310481666
0.0893877967459
0.123003471592
0.00969581024448
-0.120179084804
-0.078012483305
0.0217409174762
0.0810703913279
0.0687270979442
0.0699079187092
0.166783279358
0.17062856925
-0.0400989121692
0.0806817284323
0.225281364908
0.0873539906559
-0.0190916076469
-0.0339543032188
-0.00982160443161
-0.0468401457272
0.0577795367944
0.204210443923
0.105461467558
0.0463567116062
0.0255135275571
-0.0234109929997
0.0392638206998
-0.00892007962508
0.160144872484
0.111931122331
0.178853827508
-0.0283050676722
0.138067548606
-0.0786705864094
0.0810462319609
0.195751633722
0.282136379061
0.215207416701
-0.0306810800359
-0.0820883837551
-0.0271766023595
0.197971966584
0.0978939357046
0.17775296124
0.18615496876
0.121905811153
0.0495687461502
0.0294851898399
0.0412984592948
0.164545356627
0.0997131286586
0.129429162006
0.100361268257
0.0577641573049
-0.0382902024863
0.036502090063
0.200018986462
0.0953071453048
0.147732467688
-0.0115201863904
-0.156993635202
-0.035147697012
0.137288565989
0.266262955724
0.13623206805
0.105707118314
-0.0189257688638
-0.0399071225297
0.032716020405
0.227877223913
0.145037026992
0.232713125243
0.108200559513
0.0327092713485
-0.00283245257861
-0.104537724736
0.0226156911576
0.186150780217
0.298874859972
0.346817119933
-0.0418763234817
-0.0430929259309
-0.0915598519322
0.0506730093443
0.23179442999
0.216184322683
0.159845221599
0.0112142585268
0.0716458739079
-0.0324783631414
0.15051478491
0.0997998643693
0.178360949184
0.0772829773957
-0.0166725557387
-0.0549277041221
-0.0829888076065
0.246100663716
0.137789783616
0.126136854273
0.118296540357
0.0470879688273
-0.00608831776799
-0.12323490107
0.0479026943694
0.153442784791
0.178668112334
0.0167564012094
-0.00131796056649
-0.0510908840077
0.00420260321588
0.11086255947
0.125229435451
0.0875407234808
0.231057984942
0.128688784907
-0.0811051685351
-0.135286833024
-0.0357472066705
0.109354303305
0.152196594992
0.139650669271
-0.039632860457
0.0449947654742
-0.0803302724638
0.0256146584144
0.0924594304141
0.0869752628664
0.0113827531158
0.0278298876946
0.0460169783345
0.0278298876946
0.13088098759
0.076278026039
0.117347245839
0.0806144513782
-0.0577686080857
-0.0996947060863
-0.132010686628
-0.0989488607608
0.0552207628935
0.0921305338599
-0.153434888121
-0.039632860457
-0.077010900355
-0.124560219823
-0.0256822808713
-0.132010686628
-0.0609658388413
0.104279816941
0.0125780310071
0.0390514228665
-0.213811135455
-0.111276442159
-0.0966435566738
-0.0547656592568
-0.0156145661313
-0.144217148435
-0.121909582317
-0.223183355065
-0.0508272573528
0.0460169783345
0.0528405116899
-0.0615297861513
0.0390514228665
-0.0646933037477
-0.132010686628
-0.0508272573528
-0.0385263158165
0.0278298876946
-0.0641827055088
0.0449947654742
-0.20975355191
-0.177152440576
0.000616181006155
-0.0573244978647
-0.153434888121
-0.0253132891697
-0.114696266496
-0.177152440576
-0.189516001102
-0.0769331895892
0.0449947654742
0.0100552697526
-0.0328252090263
-0.0416014052189
-0.333429062344
-0.179233125502
-0.0646933037477
-0.0328252090263
-0.0350833974113
-0.111276442159
0.00501007677969
-0.141151874586
-0.111276442159
-0.0296931124082
0.086738392546
0.126039882208
0.0823477802131
-0.167973824178
-0.174047280304
-0.024141096892
-0.20975355191
0.132528804095
0.0147021344511
0.00110072411117
-0.0513545106626
-0.165526290905
-0.0615297861513
0.00339512965208
0.148214894448
0.0663602685754
-0.0705968029319
0.0731642677427
0.00110072411117
-0.0770717688945
-0.0711522171371
0.000616181006155
0.0278298876946
0.0528405116899
0.0692443701088
0.0376021531154
-0.0474512111519
0.0840235675854
0.198046215933
0.129147658755
0.212979615158
0.0113827531158
0.055610014121
0.00595993612204
0.0449947654742
0.365200841157
0.162821033451
0.212979615158
0.160038666484
0.0135938456054
0.116601467113
0.151894191602
0.18380255504
0.12741432992
0.0970437290943
0.126039882208
0.0599490594679
0.0449947654742
0.0371478508549
0.166539832847
0.18380255504
0.0966493356773
0.111171817192
0.212979615158
0.295329064785
0.387413655152
1.08942875513
0.750108268303
0.337192738338
0.219764815619
0.181427905087
-0.00774196649209
0.206190690815
0.334247452171
0.217435218244
0.170374327128
0.149179366641
-0.0209509000487
0.117347245839
-0.0385263158165
0.0723927655987
0.127460766956
0.264438885911
0.155974587096
0.0278298876946
-0.0871658671552
0.174525023145
0.18380255504
0.171773183209
0.113314063761
0.0623049679001
-0.114696266496
0.00023661684095
0.113314063761
0.100886587102
0.184032188436
0.0528811900201
0.0182146133224
0.0944810820573
-0.00287253797393
-0.00774196649209
0.181010506046
-0.0350833974113
0.0858144378829
0.035856329271
0.0164918956485
-0.0372210631799
0.0332984427082
0.171407364628
0.144064536131
0.117347245839
-0.0816788853865
-0.00590152199816
-0.0119350136645
0.0127864635682
0.104073200837
-0.0658870348935
0.00800846868682
-0.0671547648383
-0.0871658671552
-0.153434888121
-0.0156145661313
0.0994220944427
0.160347577783
0.0677346178214
0.0752441718353
-0.0506502470742
-0.121909582317
0.0405863682148
0.117347245839
-0.024141096892
0.055610014121
-0.0508272573528
-0.0966435566738
-0.0871658671552
0.0278298876946
0.0371478508549
0.0338145728364
-0.00285083115583
-0.0609658388413
-0.114696266496
-0.162878852986
-0.200913533935
-0.29820807392
-0.394088899672
-0.246489430656
-0.364905487452
-0.167973824178
-0.168537799879
-0.144217148435
-0.173141701531
-0.153434888121
-0.142261006466
-0.0871658671552
-0.0966435566738
-0.293127616562
-0.142261006466
-0.1212990299
-0.00176086658973
0.00595993612204
-0.0883268407141
-0.145699563926
-0.0989488607608
-0.0209509000487
-0.114696266496
-0.00176086658973
-0.0962531926242
-0.0996947060863
-0.00556565611649
-0.0658870348935
0.00501007677969
0.0297270683721
0.125681001085
0.0278298876946
-0.00431866153102
-0.0871658671552
-0.239304091682
0.0869752628664
-0.00285083115583
0.0371478508549
0.00946380629469
-0.0506502470742
0.039014559341
-0.173141701531
0.0528405116899
0.0449947654742
0.134926462707
0.188677513343
0.00261465380851
-0.0646933037477
-0.0803302724638
0.0459478746806
0.0147021344511
0.0476812035154
-0.0149879174449
-0.0966435566738
-0.00287253797393
-0.00590152199816
0.0199189568133
0.0199189568133
0.147887875029
0.0502183319386
-0.134288397356
-0.0770717688945
-0.111276442159
0.0598145053596
0.0702144783689
0.055610014121
0.175711392323
-0.000136006195167
0.00339512965208
0.0528811900201
0.0966493356773
0.0650144918643
0.072794466399
-0.0149879174449
-0.00778531920079
-0.115495484893
-0.0904969960459
0.104073200837
0.076278026039
0.343965067093
0.074585196516
0.076278026039
-0.00828048107716
-0.0898390952011
0.115514531925
0.0424812170108
0.104881055067
0.0552207628935
-0.00176086658973
-0.00258533269614
0.0338145728364
0.15248982323
0.0332984427082
0.0939496301384
0.0164812844876
0.224197575268
-0.0547656592568
-0.144217148435
-0.0253132891697
0.0829177672949
-0.0137101309985
0.0338145728364
0.0164812844876
-0.0372210631799
-0.179233125502
0.0247570788421
0.264447521779
0.076927437799
0.181427905087
0.164171021089
-0.00590152199816
0.068481149534
0.268229532741
0.229500665496
0.212979615158
0.0286145863317
0.0332984427082
-0.153434888121
-0.0202324030212
0.117347245839
0.243229799085
0.212979615158
0.0552207628935
0.0135938456054
-0.0479370364753
0.0371478508549
0.0407478881759
0.0908133435262
0.186067937611
0.224197575268
0.244227483218
0.00946380629469
-0.165526290905
0.243432756428
0.329012954006
0.0705133403759
0.0779424764412
0.0297270683721
-0.0671547648383
0.0371478508549
0.0563478476899
0.0695113362754
0.0278298876946
0.0125780310071
-0.0209509000487
-0.0508272573528
-0.0705356472221
0.0650144918643
-0.00774196649209
0.0192005609913
0.0332984427082
0.0332984427082
-0.0508272573528
-0.0895809815139
-0.0506502470742
0.0286145863317
0.233061043942
-0.000136006195167
0.00339512965208
0.00954796914804
-0.0506502470742
0.039014559341
0.0298054119699
0.17669714897
0.405441958003
0.076278026039
0.0123741174999
-0.132010686628
-0.0871658671552
0.0528405116899
-0.0646933037477
0.0371478508549
-0.00605199036591
-0.0202324030212
0.0552207628935
0.055051714238
0.117347245839
-0.144217148435
0.0125780310071
0.0752441718353
-0.0816788853865
-0.0646933037477
-0.10908138747
0.115514531925
0.155974587096
0.0100552697526
-0.105302662029
0.00608131147827
-0.0506502470742
-0.00431866153102
0.0164918956485
0.000616181006155
-0.0178467371958
-0.0658870348935
-0.179233125502
0.00023661684095
-0.128063017508
-0.00768833035841
0.0460169783345
0.0287688001316
-0.00736662057883
-0.0755553838326
-0.0870800452434
-0.0103636360988
0.0862840043661
0.126136854273
0.035856329271
-0.0506502470742
-0.0895809815139
-0.174239995659
-0.0416014052189
-0.017210915459
0.17669714897
0.192283121889
0.130458724043
-0.0989488607608
-0.0209509000487
-0.0377820021459
0.0338145728364
-0.0646933037477
-0.0202324030212
0.00234289357076
-0.10800056965
-0.163921648931
0.000881324973624
0.0147021344511
0.0390514228665
0.0259893550056
-0.105204810667
-0.119284513388
-0.120608931851
0.0147479556527
0.0779424764412
0.0857345294261
0.00946380629469
-0.0209509000487
-0.0202324030212
-0.0898390952011
-0.039632860457
0.0259893550056
0.0371478508549
0.000616181006155
0.0524990132166
0.035856329271
-0.165072512495
0.0135938456054
0.13274880465
0.00023661684095
0.0966493356773
0.0320812440015
-0.109062224697
-0.224979342754
0.00582308507927
0.0680475759804
0.112403012727
0.212998596083
-0.0189408833613
-0.0615297861513
0.000616181006155
0.0869752628664
0.107481469391
0.153896606876
0.441919780691
-0.0285852652194
0.0390514228665
-0.0816788853865
0.170374327128
0.190771798251
0.213760261516
0.152811252508
0.100886587102
-0.0479370364753
0.0100552697526
0.0449947654742
0.155974587096
0.273185939658
0.334247452171
0.112686356792
0.0599490594679
-0.0277507782168
0.382386397333
0.274801323338
0.405441958003
0.353183651235
0.0234145998271
0.234206679384
0.149947604774
0.44763044356
1.07350426833
0.727038649842
0.405441958003
0.277116271901
0.19561278855
0.128399599969
0.337192738338
0.363466955021
0.541521298638
0.522975773441
0.100886587102
0.171407364628
0.0869752628664
0.337192738338
0.227799319376
0.318832811502
0.243229799085
0.166539832847
0.074585196516
0.0449947654742
0.128399599969
0.410701131256
0.298831714351
0.366220110115
0.104073200837
0.0921305338599
0.076278026039
0.234206679384
0.416001413347
0.271207668566
0.541521298638
0.186067937611
0.162821033451
0.166539832847
0.0695113362754
0.174525023145
0.424385596325
0.354030565742
0.184032188436
0.171773183209
0.220864460781
0.20116217126
0.271207668566
0.237336447677
0.122717580721
0.108997924914
0.0752441718353
-0.088966714858
0.0908133435262
0.025147928662
0.17669714897
0.181427905087
-0.0871658671552
0.0247570788421
0.072794466399
0.0124878845108
0.248339417079
0.22703717002
0.117845394968
0.134926462707
-0.0285852652194
0.0966493356773
0.0247570788421
0.331338048351
0.256522165645
0.346733559475
0.0966493356773
0.0921305338599
-0.00287253797393
0.0728946811572
0.0703014564124
0.068822199621
0.144411534791
0.0228931636095
-0.126191874441
-0.0453294756248
0.0228054732402
0.0721628010097
-0.0103636360988
-0.154069398683
-0.0248013088007
-0.238218915904
-0.143980285196
-0.186090809333
-0.143130713162
-0.102138624005
-0.010528915092
0.143759977816
-0.114808577558
-0.0628295712945
-0.0185632012987
0.147314872566
0.0619797273879
0.0736898314575
-0.0579244265114
0.0287863982407
0.0090986012896
-0.14823414864
0.088932531643
0.103467474902
0.209360821817
-0.0369013844782
-0.0168298724638
0.0588946159366
-0.0468189065551
0.0687794561279
0.0540306372917
-0.0215409901267
0.0676623517724
0.0663717629334
-0.101636003875
0.0352231467815
0.067270312792
0.128178035748
0.202333507911
0.16029089075
0.0307354938427
-0.0197582132842
0.0209620197448
0.0449941812724
0.282512207233
0.187894839875
0.143892419986
-0.0151666003358
0.0141826387756
0.0492579957755
0.0704210211897
0.280151000093
0.33146180252
-0.0806684302108
-0.0205916515349
-0.0267571166307
0.0313812546346
0.210137308497
0.0640423284539
0.156101077504
-0.0281052438705
-0.0196857520837
-0.071713465211
0.0195019909117
0.14389527988
0.202655731719
0.225248131093
0.0392275850522
0.109965536665
-0.0326489741739
0.0992161496099
0.143489062566
0.326044364588
0.0701886344959
0.0693698183659
-0.0252532490019
-0.0609660754105
0.0669318665554
0.284500359106
0.312416972103
0.142187093532
0.191901413005
-0.0587725863277
-0.0988123357701
-0.015877809816
0.330710815989
0.425133385362
0.216859892486
0.0177265806502
-0.0716043357689
0.0183750746271
0.0290352995036
0.247839729966
0.212677941045
0.251579229802
-0.0266826588774
0.0813219371179
0.0282560243072
0.0914719386931
0.0930139361504
0.501896517883
0.127492182308
0.0604440438352
0.0080475092744
-0.114845159661
0.00471103750836
0.174444485531
0.0505165973526
0.296062429317
0.224368140175
-0.0577602805503
-0.00343032075923
-0.021138887373
0.25175749919
0.267543261316
0.160520215418
0.249921729945
0.166335868033
-0.0182474695031
0.0559229446328
0.298889399339
0.242837932378
0.0869855834467
-0.00193696618405
0.0157687880592
-0.0876937385879
0.375703257611
0.281659941554
0.191245745199
0.25927971178
0.0966067295813
0.0331607128065
0.0373695075751
0.0659895760185
0.384444212985
0.0719423819438
0.206933628494
0.127219741088
0.0238666300657
-0.0113242060493
0.0846269862884
0.267087681754
0.15927592896
0.200373256115
0.253277546112
-0.0134262110234
0.121371947809
0.176279820314
0.0859467537563
0.0472463196807
0.175692416587
0.0517540597152
0.0107042429593
0.000558970907287
-0.0440528324435
-0.210658846714
0.211795224516
0.385666540042
0.0966493356773
0.00946380629469
0.128399599969
0.213760261516
0.211442096363
0.521542995581
0.442052834453
0.107481469391
0.382386397333
0.0599490594679
0.293248387517
0.115514531925
0.331585556689
0.19561278855
0.128399599969
-0.0506502470742
0.0460169783345
0.074585196516
-0.0829674086394
0.076278026039
0.0695113362754
0.0854213534223
-0.267969254958
-0.0256822808713
0.0857345294261
0.055051714238
0.0124878845108
-0.0829674086394
-0.0705356472221
-0.236226956855
-0.183893365838
-0.198134338362
0.19561278855
-0.0256822808713
0.184032188436
0.0124878845108
-0.0996947060863
-0.133329327952
-0.0658870348935
0.128399599969
0.0966493356773
-0.0506502470742
-0.00590152199816
-0.273974608689
-0.0658870348935
-0.00768833035841
0.055051714238
0.0908133435262
-0.120608931851
-0.174047280304
-0.146797414187
-0.124560219823
0.0371478508549
0.023581183823
-0.142261006466
-0.0189408833613
-0.0883268407141
-0.0658870348935
-0.403519111919
-0.177152440576
-0.124560219823
0.0449947654742
0.0449947654742
-0.124560219823
-0.192917802045
-0.200505621628
-0.0895809815139
-0.196516874199
-0.0705356472221
-0.0816788853865
-0.0609658388413
-0.198134338362
-0.124560219823
0.0460169783345
-0.0883268407141
-0.124560219823
-0.146797414187
-0.190247527034
-0.302731334279
-0.138423573331
-0.00774196649209
0.0663602685754
-0.0178467371958
0.117845394968
-0.00590152199816
-0.0149879174449
-0.260548396077
0.00234289357076
0.076278026039
0.0966493356773
0.287908142565
-0.088966714858
0.0752441718353
-0.0506502470742
0.239558260597
0.122717580721
0.313310835375
0.055051714238
0.0921305338599
0.271207668566
-0.0658870348935
-0.00768833035841
0.0825926850041
0.410701131256
0.0599490594679
0.0124878845108
0.00595993612204
0.072561461075
0.155974587096
0.171773183209
0.277116271901
0.451601993606
0.212998596083
0.104279816941
0.0692443701088
0.0854213534223
0.130129776285
0.055051714238
0.51245479582
0.104279816941
-0.0658870348935
-0.0253132891697
0.156766924401
0.421276590883
0.393628059579
0.277116271901
0.290739889062
0.13248392031
0.17669714897
0.506301703632
0.729271728653
0.477954517763
0.393628059579
0.181010506046
0.117347245839
0.000616181006155
0.0854213534223
0.541799156126
0.422370769337
0.385666540042
0.334247452171
0.16137890055
-0.100725507383
0.239558260597
0.506079882268
0.361404831086
0.334347911838
0.188677513343
0.000616181006155
-0.0966435566738
0.354024323049
0.382386397333
0.293248387517
0.223029820013
0.17669714897
0.251415832558
0.0371478508549
0.0123741174999
0.181427905087
0.298831714351
0.506079882268
0.22703717002
0.0663602685754
-0.0578444500043
0.0970437290943
0.490343780605
0.323342059304
0.237336447677
0.000616181006155
-0.0879381217918
-0.0149879174449
0.115514531925
0.18380255504
0.271207668566
0.361404831086
-0.0989488607608
-0.0769331895892
-0.0578444500043
0.076278026039
0.0599490594679
0.181010506046
0.107481469391
-0.134925495817
-0.0895809815139
-0.269534095486
0.0723927655987
0.134926462707
-0.024141096892
-0.0871658671552
0.220864460781
-0.0222369715964
-0.105204810667
-0.0658870348935
0.175711392323
0.234206679384
0.17669714897
0.17669714897
-0.188250361083
-0.182227119185
-0.0816788853865
0.107481469391
0.183404072517
0.0779424764412
-0.0350833974113
-0.134288397356
-0.360172469074
-0.0253132891697
-0.235245741444
-0.177152440576
-0.198281585013
-0.325398465685
-0.332067909556
-0.297267303256
-0.302731334279
-0.332067909556
-0.207274099846
-0.198134338362
-0.208312808942
-0.220246910715
-0.221913955159
-0.267969254958
-0.0506502470742
-0.118031793579
-0.024141096892
-0.134288397356
-0.165072512495
-0.144217148435
-0.0879381217918
0.0332984427082
0.0599490594679
0.0921305338599
-0.024141096892
-0.267969254958
-0.165072512495
-0.0871658671552
-0.0479370364753
0.0869752628664
-0.0705356472221
-0.119284513388
-0.153434888121
-0.238406480729
0.0332984427082
0.0966493356773
0.055051714238
-0.097969345721
-0.0658870348935
-0.0506502470742
-0.310634359186
-0.146797414187
0.076278026039
0.00023661684095
0.0680475759804
-0.0506502470742
-0.325398465685
-0.132010686628
-0.105204810667
0.0908133435262
0.155036035322
0.104279816941
0.0332984427082
-0.0779068978626
-0.236226956855
-0.105929342703
0.00946380629469
-0.00590152199816
0.128399599969
-0.208312808942
-0.179778144034
-0.218344032871
-0.182227119185
0.00023661684095
0.0449947654742
-0.0350833974113
-0.024141096892
0.104073200837
-0.0646933037477
-0.0506502470742
0.126039882208
0.0857345294261
0.16137890055
0.0599490594679
-0.0478132260751
-0.192917802045
-0.132010686628
0.0768554800542
0.0994220944427
0.100886587102
-0.0816788853865
-0.0904969960459
-0.178219137154
0.0921305338599
0.0247570788421
0.210041220632
-0.0256822808713
-0.0871658671552
-0.0989488607608
-0.196516874199
-0.0506502470742
0.0376021531154
-0.0296931124082
-0.00774196649209
-0.0350833974113
-0.182227119185
-0.0966435566738
-0.153434888121
0.0599490594679
0.0966493356773
-0.0895809815139
-0.0904969960459
-0.0904969960459
-0.174239995659
-0.00590152199816
0.130129776285
0.0970437290943
0.0147021344511
-0.18300863177
-0.144217148435
-0.221913955159
-0.119059139709
0.287908142565
0.0921305338599
0.264447521779
-0.0350833974113
-0.269534095486
-0.146797414187
0.0695113362754
0.0752441718353
-0.0895809815139
0.0966493356773
-0.174239995659
-0.218408835088
-0.269975306554
0.0147021344511
0.0994220944427
0.217435218244
0.0994220944427
0.0779424764412
-0.142451287961
-0.218408835088
-0.0119350136645
0.0908133435262
0.13248392031
0.192283121889
0.076278026039
-0.134925495817
-0.0769331895892
0.0332984427082
0.244227483218
0.244227483218
0.121250726914
-0.0256822808713
-0.250910108273
-0.0816788853865
0.0970437290943
0.0599490594679
0.175711392323
0.184032188436
-0.00768833035841
-0.0671547648383
-0.0918464580113
0.0449947654742
-0.0508272573528
0.128399599969
0.232148608605
0.0820111301524
-0.170599234273
-0.293650806414
-0.136935130911
0.0122969623806
0.181010506046
0.306226437158
0.181010506046
0.00023661684095
-0.0189408833613
0.195813238082
0.593659777103
0.237336447677
0.393628059579
0.393628059579
0.0966493356773
0.0449947654742
0.410701131256
0.541166636188
0.612630507202
0.254436467492
0.0695113362754
0.0449947654742
-0.192917802045
-0.0816788853865
0.264447521779
0.155036035322
0.322382106056
0.195813238082
-0.0178467371958
0.251415832558
0.181010506046
0.155974587096
0.184032188436
0.376131863598
-0.0671547648383
-0.0658870348935
-0.0479370364753
0.107481469391
0.56101343495
0.260007780847
0.16137890055
-0.088966714858
-0.119284513388
-0.0989488607608
-0.0671547648383
0.16137890055
-0.0705356472221
0.313293994805
-0.00590152199816
-0.0253132891697
-0.146797414187
0.000616181006155
-0.0178467371958
0.181427905087
0.0994220944427
0.165545746177
-0.179778144034
-0.105929342703
0.0390514228665
-0.0904969960459
0.181427905087
0.0908133435262
0.0921305338599
0.15248982323
-0.226440063536
-0.0705356472221
0.117347245839
0.0460169783345
-0.179233125502
-0.267969254958
-0.144217148435
-0.163921648931
-0.144217148435
-0.0573244978647
0.346733559475
-0.0740883592676
0.000616181006155
-0.146797414187
-0.119284513388
-0.136241704871
-0.0769331895892
0.0966493356773
-0.153434888121
0.00339512965208
-0.304487477389
-0.0652093098957
-0.165072512495
-0.0296931124082
0.242024494664
0.0376021531154
-0.00774196649209
0.0921305338599
-0.247177799825
0.0966493356773
0.188677513343
0.251415832558
-0.0652093098957
-0.0816788853865
-0.216153149217
-0.196123008682
-0.0474512111519
0.107481469391
-0.0119350136645
0.117347245839
-0.0253132891697
-0.0769331895892
-0.0253132891697
0.0966493356773
0.378743158698
0.83064992088
0.593659777103
0.0970437290943
0.0371478508549
-0.171757902358
0.361404831086
0.410701131256
0.331338048351
0.431813798618
0.0695113362754
-0.0816788853865
0.0371478508549
0.557401160078
0.490343780605
0.423418593293
0.184032188436
0.188677513343
0.15248982323
0.271207668566
0.130129776285
0.237336447677
0.220864460781
0.180639075698
-0.153434888121
0.0966493356773
0.0966493356773
0.264731223779
0.901980188384
1.12160533149
0.885600427972
0.647970638259
0.334247452171
0.353183651235
0.0994220944427
0.545864441944
0.769039277571
0.361404831086
0.450679210387
-0.00590152199816
0.100886587102
0.0869752628664
0.24555741812
0.297793049646
0.188677513343
0.184032188436
-0.00590152199816
0.0371478508549
0.0908133435262
0.451601993606
0.334247452171
0.0854213534223
0.243432756428
-0.133329327952
-0.179778144034
0.0921305338599
0.0779424764412
0.70812816906
0.264731223779
0.0966493356773
0.234206679384
-0.0705356472221
0.329012954006
0.16137890055
0.260007780847
0.331338048351
0.220864460781
-0.00590152199816
0.0449947654742
0.117347245839
0.271020647778
0.329012954006
0.0663602685754
0.0695113362754
-0.144217148435
-0.196123008682
-0.0178467371958
0.0966493356773
0.301584516809
-0.153434888121
-0.304487477389
-0.192917802045
-0.0711522171371
-0.0989488607608
0.618974485145
0.132528804095
0.56101343495
0.198607572044
0.0449947654742
0.0371478508549
0.0449947654742
0.117845394968
-0.0178467371958
0.184032188436
0.181427905087
-0.00590152199816
-0.0328252090263
0.0921305338599
0.155036035322
-0.0208140630363
-0.0573244978647
-0.146797414187
-0.294794257505
-0.239304091682
-0.375976037911
-0.310634359186
-0.232667504777
-0.27992095761
-0.411492235399
-0.192562884138
-0.360172469074
-0.0705356472221
-0.152251148845
-0.226440063536
-0.18300863177
-0.232667504777
-0.144217148435
-0.337898567614
0.000616181006155
0.00339512965208
0.0332984427082
0.0100552697526
-0.0658870348935
-0.105204810667
-0.0658870348935
-0.132010686628
-0.0328252090263
0.181427905087
0.0994220944427
-0.145699563926
-0.0664937408329
-0.144217148435
0.00595993612204
0.0994220944427
0.220864460781
0.126039882208
0.0994220944427
0.264731223779
0.0449947654742
0.055051714238
0.346733559475
0.0966493356773
0.0663602685754
-0.132010686628
-0.105929342703
-0.144217148435
-0.0189408833613
0.21302834155
0.0908133435262
0.0908133435262
-0.0658870348935
-0.142451287961
-0.127362655499
0.0371478508549
-0.0711522171371
0.0966493356773
0.117347245839
-0.105929342703
-0.278820016818
-0.306082712886
0.00582308507927
0.557401160078
-0.0030559642926
0.188677513343
0.290739889062
-0.0573244978647
-0.105204810667
0.00946380629469
0.346733559475
0.237336447677
0.431813798618
0.290739889062
-0.133329327952
0.41894363016
-0.0711522171371
0.331058481907
0.385666540042
0.0460169783345
0.234206679384
0.423418593293
0.410701131256
0.24555741812
0.156869409747
0.763955250715
0.22703717002
0.155974587096
-0.0904969960459
-0.0189408833613
0.313293994805
0.272194566235
0.271020647778
0.0921305338599
0.346733559475
-0.0256822808713
-0.144217148435
0.0970437290943
0.155036035322
0.0966493356773
0.260007780847
0.107481469391
0.0854213534223
0.22703717002
0.227799319376
0.242024494664
0.242024494664
0.525226557176
0.424385596325
0.243432756428
0.236678368748
0.210041220632
0.346733559475
0.301584516809
0.132528804095
0.300016800892
0.130129776285
0.0921305338599
0.290739889062
0.0599490594679
0.0908133435262
0.0854213534223
0.117347245839
0.107481469391
0.155036035322
0.155974587096
0.210041220632
0.220864460781
0.302906750706
0.0390514228665
0.0599490594679
-0.145120754243
0.0966493356773
0.184032188436
0.363916701381
0.430040353115
0.290739889062
0.0966493356773
0.227455455076
0.0779424764412
0.35800910712
0.541799156126
0.0970437290943
0.396978527248
0.0966493356773
0.251415832558
0.0124878845108
0.0854213534223
0.67439642634
0.0966493356773
-0.105929342703
0.0970437290943
-0.0256822808713
0.416001413347
0.423138405557
0.0854213534223
0.13902711757
0.0929944708381
-0.118674859225
0.00460910736568
0.0078175056901
-0.0425598835623
0.188419523939
-0.0826849508926
0.0690737560972
0.0270237687348
-0.228849851683
0.027864120507
0.387005260234
0.0449947654742
0.593659777103
0.00595993612204
0.313293994805
0.448950974029
0.237336447677
-0.00590152199816
0.693081730443
0.34322696121
0.0449947654742
-0.105929342703
0.0921305338599
0.0100552697526
0.0966493356773
0.334247452171
-0.146797414187
-0.294366382216
-0.0178467371958
-0.153999803614
-0.153434888121
0.0966493356773
0.545864441944
0.184032188436
0.0692443701088
0.331058481907
-0.136241704871
0.0324602331949
-0.225032198589
0.369020117888
0.0449947654742
-0.366894720728
-0.144217148435
-0.0189408833613
0.00595993612204
0.300016800892
0.0124878845108
-0.088966714858
0.0854213534223
-0.144217148435
0.0854213534223
0.0147021344511
0.589978332031
0.334247452171
-0.233911247961
0.242024494664
-0.0815790158982
-0.107766949729
-0.0649268521488
0.41160909809
0.195538044565
-0.224749740842
0.00916914754419
-0.230444450747
-0.148826018278
0.297672777399
0.475116860425
-0.131750830911
0.34515455639
-0.200708733429
-0.448392029212
-0.101990537056
-0.109964314477
0.48680780216
0.291500694624
0.182538627977
-0.270950886967
-0.0113175888553
-0.130543973706
0.0762381174329
0.177728703149
0.155583108405
0.027864120507
0.232289477222
-0.0290238813557
-0.162427050083
0.251750241938
0.126116090678
0.452654305302
0.208122447875
0.0130269410564
0.126771762356
0.257545335172
0.0838564692753
0.301139941741
0.318432937064
0.48229261474
0.170041046053
-0.502582803314
-0.0594634417284
0.172705544493
0.0893086095726
0.0275250176134
-0.127763109129
-0.00118477803617
-0.0183938102786
0.016696555062
0.0652080594483
0.669720989686
0.493845210572
0.254178547728
0.139038620382
0.201879394223
-0.0337346916472
0.229888080226
0.32245390532
0.296596349584
-0.154521201587
-0.237572629131
0.500900114286
-0.053034665688
0.385076076384
0.141165606576
0.498181319389
0.0956314572376
0.3855595779
0.0647301978716
0.164321296478
0.187256637974
0.695910376571
0.671299992771
0.229888080226
0.239567897047
0.385076076384
-0.0151594632022
1.23323219685
1.78547687435
0.788572301057
0.688292878958
0.3562185977
0.0808209350677
0.318223467421
0.228443105319
0.967073203004
0.96260878974
0.874032208095
0.113232356446
-0.0960770924552
0.027864120507
0.687179718209
0.418276885152
0.517597759507
0.000983106762884
0.238766634943
-0.211885995389
0.207602969819
0.482404036052
-0.103830298928
0.439722121089
0.235442524066
-0.205485859613
0.151127127682
0.193583416287
0.207817292235
0.625913693216
0.24835222784
0.408841122027
0.0887759436411
-0.117455747956
0.387521485015
0.211667147496
0.732013095193
0.63337663131
-0.0154379485129
0.1561852785
0.0708220505757
-0.0203882239577
0.125469620681
0.184172854522
0.120106797063
0.068402269761
-0.176667165453
0.0275250176134
0.0867524078657
0.0485156659658
-0.134563229799
-0.161982628025
0.242811255971
-0.0102539946404
-0.587015613736
-0.0765709235712
0.142460266628
0.21953351304
0.176026037176
0.138644205688
-0.0741764049793
-0.290966964352
0.019546621738
0.700726320192
0.188172636667
0.244176240545
0.464860148462
0.100015400398
-0.26134827936
0.052471912471
0.0536697729097
0.103186833012
-0.136359700754
-0.259732542745
-0.249164896349
-0.28246356176
-0.199580890494
-0.0304672886144
-0.385933455877
-0.601119172278
-0.418231834281
-0.61689875459
-0.419804271152
-0.320241602776
-0.215870691471
-0.270950886967
-0.32199064025
-0.0691126983746
-0.148826018278
-0.132690743182
0.0165298759049
0.0968465323858
-0.11820114838
0.301461775799
-0.117228648077
-0.174741238585
-0.306667661866
-0.177004658439
0.104745430813
0.274536703223
0.490409876686
-0.00228851149607
-0.225538169933
0.0949430232034
0.333010239001
0.533657569291
0.116389206509
0.112816920586
0.263315516864
0.0100552697526
-0.133329327952
-0.192917802045
0.300016800892
0.121250726914
0.16137890055
-0.0030559642926
-0.0615297861513
-0.337898567614
-0.232667504777
0.545864441944
0.56101343495
0.331585556689
0.0966493356773
0.334247452171
0.16137890055
0.0695113362754
0.126039882208
0.346733559475
0.331058481907
0.181427905087
0.0970437290943
-0.221913955159
-0.0208140630363
0.0100552697526
-0.0479370364753
0.0390514228665
-0.119284513388
0.234206679384
-0.00774196649209
0.147887875029
0.300016800892
0.569986429955
0.251415832558
0.0857345294261
-0.296064593564
0.0599490594679
0.0854213534223
0.0921305338599
0.745782202268
0.300016800892
0.423418593293
-0.0705356472221
0.220864460781
-0.0296931124082
0.155036035322
0.16137890055
0.41894363016
0.155036035322
0.329012954006
0.346733559475
0.0324602331949
-0.308902414501
0.46520908906
0.331058481907
0.0100552697526
0.0680475759804
0.156869409747
0.0970437290943
0.0413392825668
0.901162409119
1.22478456034
0.346733559475
0.768375924045
0.494607479348
0.0124878845108
0.0599490594679
0.107481469391
0.329012954006
0.237336447677
0.612630507202
0.334247452171
-0.333429062344
0.444997566461
0.787779417729
0.331585556689
0.490343780605
0.126039882208
0.888557027351
0.506301703632
0.44763044356
0.693081730443
0.369020117888
0.0390514228665
0.272194566235
0.0970437290943
-0.0664937408329
0.44763044356
0.306226437158
0.346733559475
0.0921305338599
0.117845394968
0.181427905087
1.04467186159
0.423418593293
0.410701131256
0.502989872689
0.237336447677
0.220864460781
0.237336447677
0.346733559475
0.44763044356
0.424385596325
0.787779417729
1.11780821793
-0.0615297861513
0.180639075698
0.56101343495
0.156869409747
0.617124183315
0.331058481907
0.612630507202
0.156869409747
0.0599490594679
0.387005260234
0.0680475759804
0.0966493356773
0.0599490594679
0.389251541933
0.121250726914
-0.00590152199816
-0.346050496167
-0.369084858906
-0.153434888121
0.531986025803
0.331585556689
0.0857345294261
0.251415832558
0.618974485145
0.517597759507
0.729271728653
0.769039277571
0.693081730443
0.808914378002
0.147887875029
0.331585556689
0.389251541933
0.593659777103
0.506301703632
0.431813798618
0.0100552697526
-0.218408835088
0.234206679384
0.220864460781
0.0854213534223
0.00946380629469
0.243432756428
0.243432756428
-0.105929342703
-0.119284513388
-0.0189408833613
-0.27992095761
0.234206679384
0.612630507202
-0.105929342703
-0.294366382216
-0.146797414187
0.541166636188
0.156869409747
0.331058481907
0.0590973813105
0.00582308507927
-0.0385721617801
-0.146797414187
0.0124878845108
0.681017850574
0.431813798618
0.41894363016
0.220864460781
0.156766924401
-0.337898567614
0.300016800892
0.156869409747
0.16137890055
0.21302834155
0.184032188436
0.155036035322
-0.144217148435
-0.142451287961
-0.0705356472221
0.306226437158
0.506301703632
0.0970437290943
-0.134925495817
-0.105204810667
0.0695113362754
0.251415832558
0.389251541933
0.405380306813
0.0147021344511
-0.27992095761
-0.163921648931
-0.0664937408329
0.612630507202
0.234206679384
0.0449947654742
-0.00774196649209
-0.0918464580113
-0.119284513388
-0.119284513388
0.0695113362754
0.21302834155
0.0100552697526
-0.00590152199816
-0.119284513388
0.244227483218
0.00946380629469
0.334247452171
0.251415832558
0.180639075698
-0.369084858906
-0.144217148435
-0.119284513388
0.171773183209
0.180639075698
0.180639075698
0.16137890055
-0.00774196649209
-0.0671547648383
0.220864460781
0.0970437290943
0.0970437290943
0.431813798618
0.476412701788
-0.0705356472221
0.234206679384
0.0921305338599
0.490343780605
0.808914378002
0.494607479348
0.649629079304
0.306226437158
-0.0664937408329
0.156869409747
0.67439642634
1.08906710845
0.0854213534223
0.331585556689
0.331585556689
0.0768554800542
0.313293994805
0.490343780605
0.171773183209
0.494170800532
0.44763044356
0.0390514228665
0.0324602331949
0.331058481907
0.0100552697526
0.745782202268
0.682988521538
0.313293994805
0.234206679384
0.251415832558
0.423418593293
1.11780821793
1.3554385896
1.16897855279
0.902607071638
0.871369563729
0.612630507202
0.0921305338599
0.612630507202
0.612630507202
0.901162409119
0.729271728653
0.0390514228665
0.147887875029
0.156869409747
0.334247452171
1.05975060592
0.41894363016
0.541166636188
0.41894363016
0.0449947654742
0.0124878845108
0.334247452171
0.331058481907
0.494607479348
0.801842421112
0.334247452171
0.0147021344511
0.331058481907
0.107481469391
1.05355091096
1.46807736607
0.44763044356
0.107481469391
0.306226437158
0.107481469391
0.21302834155
0.482776177051
0.617124183315
0.871369563729
0.410701131256
0.234206679384
1.2867702741
0.729271728653
0.612630507202
0.369020117888
0.389251541933
0.234206679384
0.0768554800542
0.331058481907
0.565203195507
0.482776177051
0.306226437158
0.0100552697526
0.0568456590726
0.180639075698
0.334247452171
0.331585556689
0.67439642634
0.90870669503
0.729271728653
0.220864460781
0.237336447677
0.055051714238
0.180639075698
0.787779417729
0.681017850574
1.12254428665
0.16137890055
0.156869409747
0.653993689226
0.0568456590726
0.234206679384
0.220864460781
0.298831714351
0.180639075698
-0.192562884138
-0.196123008682
-0.226440063536
0.41894363016
-0.105204810667
-0.269427445449
-0.510091412332
-0.242790297333
-0.369084858906
-0.105204810667
-0.192562884138
0.251415832558
-0.146797414187
-0.287185544192
0.220864460781
0.243432756428
0.0568456590726
0.531986025803
0.432017454929
0.237336447677
0.107481469391
0.00582308507927
-0.0664937408329
-0.105204810667
0.0449947654742
-0.0705356472221
0.220864460781
-0.0769331895892
-0.369084858906
-0.294366382216
0.0568456590726
0.306226437158
0.244227483218
0.612630507202
0.0568456590726
0.693081730443
-0.346050496167
-0.134925495817
0.920365170382
0.431813798618
-0.0671547648383
0.0768554800542
0.234206679384
-0.105204810667
0.0854213534223
0.334247452171
0.768375924045
0.234206679384
0.023581183823
-0.00590152199816
0.107481469391
0.180639075698
0.649629079304
0.538566047391
0.117845394968
0.482776177051
-0.0178467371958
-0.00774196649209
0.112371677542
0.44763044356
0.449775553673
-0.105204810667
0.126039882208
0.0449947654742
0.44763044356
0.0568456590726
0.107481469391
0.506301703632
0.34322696121
0.334247452171
-0.0829674086394
-0.00774196649209
0.334247452171
0.745782202268
0.482776177051
0.681017850574
0.244227483218
0.16137890055
0.482776177051
0.557401160078
0.56101343495
0.220864460781
0.482776177051
-0.0189408833613
-0.0829674086394
0.0568456590726
0.331585556689
0.617124183315
0.289952664979
0.389251541933
-0.333429062344
0.0449947654742
0.251415832558
-0.105204810667
0.44763044356
0.10349262817
0.0568456590726
0.0854213534223
-0.250910108273
-0.192562884138
0.192283121889
0.0568456590726
0.38762220807
0.769039277571
0.0568456590726
0.0568456590726
-0.00590152199816
0.414259356185
0.331585556689
0.210041220632
0.117845394968
-0.260548396077
-0.346050496167
-0.105204810667
0.243432756428
0.243432756428
0.234206679384
-0.0479370364753
-0.133329327952
-0.105929342703
-0.0189408833613
0.0568456590726
0.298831714351
0.306226437158
0.300016800892
0.0680475759804
-0.321710370142
0.171773183209
0.360985059954
0.34322696121
0.620194840808
0.0502183319386
-0.153999803614
0.244227483218
-0.192562884138
0.244227483218
0.272194566235
0.10349262817
0.331058481907
0.482776177051
-0.171757902358
-0.447297731602
0.237336447677
0.431813798618
0.423418593293
0.617124183315
-0.192917802045
1.33463721301
0.180639075698
0.334247452171
0.180639075698
0.24555741812
0.0680475759804
0.482776177051
0.180639075698
0.180639075698
0.369020117888
0.0568456590726
-0.0296931124082
0.41894363016
0.0100552697526
0.220864460781
-0.119284513388
0.331058481907
0.531986025803
0.787779417729
1.35469437468
0.67439642634
0.506301703632
0.389251541933
0.244227483218
0.593659777103
1.46724051182
1.01454540051
0.9681996767
0.569986429955
-0.369084858906
-0.686199470336
0.331585556689
0.0124878845108
0.334247452171
0.389251541933
0.107481469391
0.0921305338599
0.693081730443
0.313293994805
0.424457581656
-0.212615194458
0.305058001357
0.193325734179
0.0448173660978
-0.349017758181
-0.0243661781502
0.175854476305
0.27992755844
-0.0938952118748
-0.298544196256
-0.116170792767
-0.495646068702
0.232545972
0.136817099427
-0.0555531663326
0.171212816447
0.106150521651
0.372474291714
-0.099300621747
0.55373398196
0.362856155655
0.361749497052
-0.126001112427
-0.49011841537
0.333231545021
-0.487701873831
-0.093219639113
-0.365887929201
0.0337873081132
0.240916771101
0.0885363591898
-0.326066604526
-0.0196579723979
0.389608000125
-0.0421702390144
0.00113832936223
0.00329318125633
-0.417997919177
-0.186288226859
-0.093219639113
0.0771853599741
-0.0763494680928
0.258570889918
0.190237839361
-0.0533983144385
-0.55891356994
-0.341888423336
-0.44475902734
0.133876855669
-0.15810701298
-0.339010644807
-0.0579315992613
-0.412480516948
-0.167740015634
0.0812435393818
0.402620459084
-0.00989172862238
-0.129898780845
-0.479270920591
-0.225538169933
-0.55891356994
-0.199602735499
0.11916298061
0.0280870449414
0.0508880976287
0.509895878302
-0.459509846249
-0.688442938692
-0.494138327247
-0.133040963788
0.201879394223
0.397978799226
0.0371418983321
-0.376502196658
0.0199405349775
0.657608040817
1.05071937144
1.56329467608
0.209834402797
0.0370335232969
0.361749497052
0.97417707589
0.436376096438
1.08180437634
0.911966837108
0.133546343666
0.455313107707
-0.0801490125782
0.168179008539
0.742129353588
0.720575637858
0.386996796531
0.417887663445
0.143788532109
0.432427456826
0.145187898528
0.44629949582
0.548629761432
1.36728840651
0.616110445513
0.509895878302
0.502856185861
0.318491136135
1.37643692057
1.04300394732
1.73810395846
0.95279381783
0.303951342753
0.400281599917
0.174301876025
0.502990991514
0.935139699013
1.11822664506
0.502990991514
1.00572865973
0.358312460809
0.376595541166
1.09833466963
1.31523857067
0.813385908522
1.06617680922
0.3832634801
-0.376502196658
0.399391532464
1.14317936103
1.13782437325
0.516003450474
1.89052432672
0.284595807836
0.459745621508
-0.129898780845
0.703005129824
0.324018789467
0.154249565705
0.951788161783
0.701834077496
0.191610616243
4.58581564358
4.38700121565
1.34831792434
0.404097586047
0.621015642762
0.185702402368
-0.12087899852
0.0692477988845
0.327464307237
0.701287077552
-0.168936157722
-0.281443406741
-0.0741764049793
-0.570418287444
-0.632475236655
-0.177570494214
0.360312326446
0.36015501192
0.517597759507
-0.00989172862238
-0.562047488343
-0.342936775547
0.420100980652
-0.189732459482
-0.457035296054
-0.336360770004
0.638669761579
-0.570418287444
-0.343652304665
-0.296859547309
0.0998060016257
0.323606595176
-0.112708507845
0.777856018348
0.168659462589
0.0216005228828
0.429165787408
-0.107603002169
0.164321296478
-0.325122443476
-0.94547487974
-0.543502919478
-0.882192373088
0.271583348877
-0.199602735499
-0.369677222583
-0.604772576269
-0.775801012163
-0.591039668275
-0.831581860028
0.135536843574
-0.408714599461
-0.631751442997
-0.596674121595
-0.618738984038
-0.557405828485
-0.604815877248
0.344696762826
0.0754839438742
-0.401079990604
0.250200090817
-0.217256854316
-0.63471870501
-0.249322798512
-0.460002558068
-0.173537861224
0.363583082206
-0.0196579723979
-0.40860809721
-0.727480315569
-0.470047755014
-0.758040391095
-0.631751442997
-0.243281772234
-0.286245279852
-0.46771798219
-0.777090531709
-0.286245279852
-0.325122443476
-0.011874129597
-0.229553784157
-0.24160737439
-0.456144846007
-0.701132984582
-0.50071433279
-0.699442845528
-0.263516943497
-0.235634766791
-0.57578374096
-0.638556219289
-0.945875499247
-0.256294231193
0.392697059703
0.627600911998
-0.093219639113
-0.473189937957
-0.457035296054
-0.439381177237
-0.452287133946
-0.319985621892
-0.172862288462
-0.206825447802
-0.365887929201
-0.229553784157
-0.735069039658
-0.112244662027
0.175894432661
0.316739512575
-0.243464633177
-0.439449595916
-0.487701873831
-0.96486243859
-0.63471870501
-0.225627653417
0.342483445619
0.542001778854
-0.374318882441
-0.352111720227
-0.349017758181
-0.712117886004
-0.336680871983
0.204554815443
-0.093219639113
-0.448664496953
-0.468481732204
-0.967916005071
-0.3873313414
-0.49210845862
0.309701813385
0.0964514114069
-0.281428699064
-0.585506524836
-0.758020193312
-0.168936157722
-0.00653713840356
-0.264088325098
-0.416003419353
-0.727203812306
-0.630860992949
-0.913827905088
-0.456319766936
-0.359806946567
0.16482441832
0.0590259671448
-0.155923698763
0.0371418983321
-0.588072406261
-0.989554535983
-0.0364699758425
-0.587181956214
-0.0361976314155
-0.112244662027
-0.585506524836
-0.309196433506
0.0448173660978
0.134983514272
0.248366505662
0.389608000125
-0.112244662027
0.237512923551
-0.099300621747
-0.463860270129
0.248302111938
0.242533589007
-0.169680149163
-0.165822437102
-0.142911239804
-0.33214758716
-0.585506524836
0.244376140118
-0.287143669913
-0.104803026399
0.00113832936223
-0.187559396369
-0.644763901956
-0.470047755014
0.402620459084
0.0280870449414
-0.112244662027
-0.243281772234
-0.0736230756776
-0.630860992949
-0.0365281434182
0.267360212668
-0.0741764049793
-0.66035741336
-0.166781305828
-0.264070272798
-0.188112725671
-0.0744487494063
0.582590927522
-0.204244395357
0.0141507883214
-0.0026794263425
-0.244804221366
-0.758146893346
-0.303115450872
-0.463860270129
-0.678377543963
-0.218739347091
-0.470047755014
-0.222424449312
-0.767025136981
-0.544393369526
-0.264088325098
0.0808209350677
-0.522239023599
-0.977984306364
-0.294366382216
0.00946380629469
-0.674154117854
-0.902026759237
-0.0664937408329
-0.902026759237
-0.826069212109
-1.20585694775
-0.218408835088
-0.598196570726
-0.522239023599
-0.446281476471
-0.522239023599
-1.28181449487
-1.05394185349
-0.370323929343
-0.902026759237
