-0.157527384175
-0.332208505076
-0.31079358747
-0.220561145624
-0.0924346585609
-0.216758774154
-0.126879899645
-0.249723738338
-0.335049469663
-0.290567590726
-0.205506823568
-0.205506823568
-0.139081877055
-0.141447598914
-0.216758774154
-0.289260551829
-0.31107766867
-0.256076626294
-0.222620109788
-0.245788214579
-0.364290056216
-0.285787729354
-0.444372396787
-0.347367649058
-0.216758774154
-0.205506823568
-0.218013214642
-0.411986127019
-0.244887636327
-0.281436007984
-0.26520109495
-0.322489590752
-0.232841675081
-0.20452013383
-0.161075258028
-0.217142863527
-0.401553444756
-0.340041911161
-0.384378467232
-0.239850575225
-0.220561145624
-0.216758774154
-0.387997722053
-0.55753961607
-0.416616034219
-0.408987365978
-0.412896522831
-0.448269134827
-0.495470736552
-0.424693239698
-0.533558298932
-0.542705677523
-0.575282224826
-0.42512089072
-0.469825373394
-0.417962190187
-0.431469945417
-0.562569993279
-0.481575014332
-0.471092873949
-0.420868462469
-0.402348264907
-0.391570641427
-0.411275961184
-0.484068551629
-0.483763484122
-0.405834739851
-0.215433813324
-0.297080700648
-0.25825587109
-0.331944765595
-0.41883789213
-0.48299833787
-0.439744792694
-0.252211132822
-0.227267822131
-0.296047601643
-0.250128113191
-0.420592830172
-0.438333599084
-0.380351207591
-0.383531657049
-0.235973244653
-0.278451619993
-0.433945375399
-0.430275432685
-0.415809573195
-0.241595420938
-0.148113804686
-0.211132798861
-0.227067783564
-0.284473397376
-0.271555428627
-0.444873232186
-0.245040451871
-0.275976184515
-0.235768819121
-0.21455537136
-0.208434754288
-0.30573410465
-0.395404765008
-0.354525611564
-0.23668837802
-0.194547263591
-0.290745384901
-0.246243564045
-0.359760739748
-0.322133717881
-0.257919461591
-0.231299813979
-0.145242814018
-0.197298253921
-0.256468646233
-0.370223064981
-0.309531504452
-0.296834163057
-0.182081601508
-0.21455537136
-0.24529243386
-0.245459729451
-0.312824787009
-0.30930770305
-0.314655761928
-0.154442004644
-0.0824012971568
-0.18740952174
-0.225878506959
-0.317644603703
-0.384726020332
-0.309396255326
-0.174899969009
-0.177982950027
-0.130024855183
-0.302323253327
-0.374975009373
-0.282100158501
-0.261614392579
-0.187867977734
-0.209298953428
-0.13741959527
-0.240691760674
-0.384243492502
-0.332487893259
-0.273956202984
-0.325527497687
-0.226069149627
-0.193031556728
-0.297385648456
-0.334206538051
-0.451021229322
-0.33822198536
-0.271467346989
-0.149948564752
-0.198697377938
-0.242143162285
-0.348332102988
-0.438438719594
-0.250661533707
-0.198356707818
-0.126896186976
-0.196995896652
-0.201453343261
-0.377572896277
-0.374666679319
-0.240065146319
-0.26282714465
-0.165291459581
-0.198030770762
-0.29273015487
-0.361588307482
-0.384403165612
-0.21695081884
-0.205024402103
-0.22553242975
-0.221218623894
-0.239755459946
-0.369793948058
-0.422872959375
-0.286057081652
-0.240541357574
-0.21455537136
-0.243333895803
-0.384249750633
-0.377233342893
-0.48299833787
-0.316219975275
-0.253337240087
-0.231861974902
-0.259624294146
-0.34949763066
-0.353786919228
-0.436028229922
-0.360204136557
-0.211599469245
-0.228100249157
-0.295110781696
-0.316540980071
-0.40328780864
-0.487420558325
-0.341815285812
-0.315482387966
-0.174499453563
-0.218014289747
-0.332461415555
-0.476101912654
-0.504533884354
-0.288486693615
-0.270398393375
-0.247637123116
-0.337658959022
-0.338086980596
-0.406159763255
-0.484368175228
-0.339968286514
-0.282938879232
-0.184419072943
-0.320305492334
-0.340783934158
-0.413073460018
-0.403900316627
-0.306907391421
-0.248191968908
-0.325893453867
-0.255056557946
-0.322921528567
-0.47637207941
-0.463499472632
-0.321960813799
-0.239993212839
-0.20764929169
-0.284376056447
-0.38752788886
-0.440211429741
-0.447746532741
-0.396922519657
-0.32276862498
-0.2888181366
-0.331548432595
-0.339113294829
-0.504389426287
-0.510988594037
-0.440631431059
-0.389078718642
-0.330545614417
-0.36078432222
-0.478851083856
-0.479906640084
-0.572684780447
-0.48527288327
-0.410094132035
-0.414578295297
-0.492397707534
-0.456363648998
-0.509318641454
-0.50017844231
-0.425083181646
-0.424738586637
-0.363286822642
-0.406969721827
-0.400385291113
-0.438440872383
-0.495417838916
-0.425831696314
-0.40774446593
-0.367731601012
-0.303459701409
-0.482194164885
-0.518799503414
-0.491512745425
-0.500883974012
-0.430620395779
-0.379906602065
-0.34176927953
-0.345479639029
-0.540485874359
-0.498998798998
-0.477385011493
-0.466609694005
-0.334200484375
-0.383340499727
-0.44673312794
-0.562665821144
-0.49108264676
-0.540485874359
-0.34392751534
-0.301815789318
-0.394429962105
-0.413956016131
-0.458672874591
-0.585870956435
-0.487160172467
-0.371962279789
-0.266625223848
-0.357150651723
-0.361590184499
-0.466371911409
-0.53798468863
-0.388286508937
-0.328067617798
-0.320623164446
-0.281474530978
-0.435567653909
-0.488398012486
-0.557302137374
-0.458672874591
-0.280447306084
-0.301731859814
-0.294639730806
-0.333582981087
-0.387847788864
-0.484068551629
-0.402735898214
-0.242373935257
-0.311246747099
-0.253413670467
-0.388667828748
-0.440344245286
-0.45030839037
-0.43871511443
-0.260014586753
-0.289910608554
-0.244148398892
-0.249420311188
-0.377789287165
-0.438169970128
-0.399618187984
-0.184850935996
-0.233632927076
-0.298359980557
-0.166814485958
-0.252348375414
-0.25142281654
-0.226774400069
-0.144703140362
-0.183190976381
-0.0409103305708
-0.0737822896104
-0.21455537136
-0.354874667189
-0.205274793645
-0.0276509052064
0.0243249321912
-0.0793900711658
-0.202576749073
-0.322450893338
-0.379684087688
-0.220301765398
-0.181558319913
-0.153432918752
-0.122693215509
-0.179650467834
-0.29296227064
-0.35085846253
-0.222117116949
-0.146816134874
-0.138280152957
-0.21549999076
-0.159410978932
-0.360157428944
-0.366528591711
-0.223631244015
-0.139345480507
-0.151115039664
-0.136146515795
-0.265716752659
-0.427765351279
-0.360638954157
-0.31919002872
-0.168176066385
-0.0661396167951
-0.202661487823
-0.334000645203
-0.310102672886
-0.337471341406
-0.214872770516
-0.122734955576
-0.171422704006
-0.164228121439
-0.239699366569
-0.241648637816
-0.327868812631
-0.235037214048
-0.112626523946
-0.16952536906
-0.233665841781
-0.251337043193
-0.331594438877
-0.194652844146
-0.263409617259
-0.149885448379
-0.133661153023
-0.261137041227
-0.235953858527
-0.301930224603
-0.336679190809
-0.202565599837
-0.15776477066
-0.0715113478769
-0.165548040795
-0.240541357574
-0.314112226892
-0.324133788195
-0.211132798861
-0.0904821347971
-0.0461333539259
-0.245297817609
-0.263683910603
-0.391582167445
-0.401564313889
-0.304534854811
-0.420278310777
-0.335003463381
-0.392342023141
-0.481338002301
-0.481338002301
-0.554443648445
-0.405663925206
-0.439801676078
-0.387997722053
-0.447142605005
-0.427003331828
-0.480582348962
-0.480582348962
-0.411986127019
-0.366543865952
-0.370674831418
-0.41942087524
-0.398801143408
-0.333582981087
-0.446694091946
-0.347996117773
-0.228313600975
-0.190743579336
-0.209840688326
-0.19362614884
-0.311550480613
-0.411929605165
-0.26408319183
-0.214872770516
-0.221726127957
-0.120976968759
-0.149364004798
-0.261227513931
-0.318676465863
-0.305452236119
-0.0835777596824
-0.133428247107
-0.203326813227
-0.189040114245
-0.281231637714
-0.327349047914
-0.216492590685
-0.20764929169
-0.13896355955
-0.218400579663
-0.164677834778
-0.293386931009
-0.35646211048
-0.241034779635
-0.198241482016
-0.120157394966
-0.0737822896104
-0.128015732809
-0.290525587134
-0.355955922715
-0.289687639831
-0.0643382520574
-0.0721492469086
-0.130704211729
-0.12679485476
-0.312925491693
-0.295356721947
-0.211324843548
-0.159409744948
-0.027784079979
-0.0091384865607
-0.121338203686
-0.25988049308
-0.292465813445
-0.14592451673
-0.0159568346188
-0.0938387897865
-0.0764436213037
-0.204250612615
-0.15636875447
-0.26852683319
-0.159381751857
0.00326687898009
-0.10316545003
-0.0113538413719
-0.14222466057
-0.292641597838
-0.261215097482
-0.283839010861
-0.0854640327857
-0.0600865694302
-0.0846203379981
-0.150054685255
-0.147318593019
-0.144451153547
-0.201529971528
-0.0704333590078
-0.0635478086464
-0.0121164923681
-0.0267941895358
-0.239443767447
-0.231493442732
-0.226793742492
-0.00704139685129
-0.0194022612693
-0.118203607814
-0.0688171150397
-0.212202518114
-0.271340702727
-0.190434249755
-0.0776988989048
-0.0860050354024
-0.114860337028
-0.111070547028
-0.247783916181
-0.337681085883
-0.211735589554
-0.0413666489805
-0.102100287175
0.00855201415014
-0.221410668581
-0.239633858996
-0.332171989559
-0.232132742865
-0.0302541189667
-0.0754819556262
0.00650994304569
-0.13676373473
-0.140658650095
-0.32769506825
-0.203326813227
-0.0826816815801
-0.0382003496616
-0.000865189891522
-0.0720390583946
-0.240612887666
-0.228152003517
-0.184244713823
-0.0313812684204
-0.0330895297567
-0.0621640149885
-0.0748504607721
-0.23063371648
-0.359228859093
-0.157146098466
-0.122101685968
-0.134676511585
-0.104108328993
-0.105414355509
-0.263413660041
-0.351204912945
-0.216583199459
-0.0483934373023
-0.156810251156
-0.079937732999
-0.207398445673
-0.29528783231
-0.341983418515
-0.20572330818
-0.1626190573
-0.0830236708278
-0.134919054477
-0.122073599313
-0.235884074454
-0.275031079468
-0.276303449225
-0.131822897802
-0.15907132691
-0.127195195673
-0.143279885153
-0.205421508888
-0.324864483822
-0.297704409915
-0.0529400548471
-0.123962671949
-0.193540421595
-0.216536407114
-0.346197472697
-0.243943973359
-0.219747825492
-0.125804367124
-0.10091754938
-0.144054726183
-0.177958702411
-0.292340111321
-0.330276673869
-0.159019848426
-0.172008368379
-0.116449379638
-0.240838446436
-0.21699463527
-0.242549461795
-0.289480876871
-0.191777178882
-0.1238150556
-0.0407397907522
-0.19281699736
-0.289586436823
-0.336893790725
-0.353415016319
-0.385588355208
-0.197254398449
-0.206027363222
-0.250852729706
-0.270398393375
-0.418925275829
-0.401515813749
-0.325152852278
-0.176586530312
-0.196005523903
-0.186307095303
-0.396835369273
-0.326123681934
-0.404766296975
-0.277438461529
-0.16239236632
-0.253139808392
-0.260284085797
-0.267062408877
-0.349381339115
-0.361271270672
-0.280194063724
-0.149743226778
-0.230135181707
-0.233472934345
-0.230726221097
-0.379026826016
-0.336232991543
-0.317026274276
-0.213978151998
-0.180183124439
-0.222625552915
-0.221997500572
-0.333981930973
-0.303585336345
-0.272412647066
-0.183217594368
-0.239327545016
-0.229251968411
-0.278082737791
-0.358913454788
-0.419008706775
-0.275925910581
-0.153617084332
-0.177624713033
-0.234442970034
-0.243468218121
-0.373198645303
-0.395745509441
-0.246078095773
-0.143561896641
-0.246640256695
-0.203963888835
-0.152736807654
-0.327261559949
-0.346852192861
-0.25134158313
-0.128320957853
-0.254746892056
-0.177473303214
-0.122359251171
-0.221176788224
-0.304105430083
-0.268266531922
-0.118488182998
-0.0290112880213
-0.0294056235342
-0.116536862295
-0.273404972154
-0.283765049666
-0.253580953313
-0.12697376136
-0.112213826486
0.000370672505607
-0.0880684726443
-0.247047365931
-0.272678931616
-0.160527511446
-0.066622262125
-0.0130103847597
-0.0829193950581
-0.0263808319812
-0.219656095257
-0.245589732055
-0.12628773915
-0.0456520988703
-0.0439130539817
0.00654377784535
0.000914056944262
-0.161575388982
-0.146955708763
-0.155664092747
0.0942567953899
0.0997286310238
0.140903255831
0.0037802039694
-0.0804738143487
-0.107016020398
0.054289066295
0.456739675714
0.305692602736
0.235008395736
0.056458608716
-0.00983658973484
-0.0835759508013
-0.00028773917942
0.12618528641
0.0749660987551
0.0182021906025
0.0473511050429
-0.0445436683851
-0.221307521939
-0.0455514292623
0.108319387078
0.0924199514662
0.165675882024
0.0404675255302
-0.159133017857
-0.236588622453
-0.16715771801
0.017368075088
-0.00625042063265
-0.0294388733917
0.0184412939155
-0.188378835666
-0.205514614442
-0.148860823068
0.0710631631078
0.118727486325
-0.0520055294986
-0.0320105925106
-0.136444428852
-0.270217182809
-0.120705906962
0.0947027609777
0.0586578628885
0.00613371330794
0.0061869565094
-0.14521779158
-0.160150909021
-0.0439933250334
0.0468701171352
0.05475323764
-0.0375548506958
-0.0683680558401
-0.234032731227
-0.231197240059
-0.047070070474
0.0405460876045
-0.0465618843872
-0.0324191053278
-0.159178177484
-0.243082881864
-0.23588812608
-0.0573001757047
0.120658910396
0.0500779963095
0.0541432832706
-0.00686054462159
-0.117067881698
-0.199082092666
-0.00439558831765
0.0191057861061
-0.0232834894937
-0.0837996063968
-0.16267600018
-0.240194642783
-0.33195762438
-0.181426391091
-0.126191837576
-0.114931185863
-0.132847764409
-0.292161875159
-0.358498473166
-0.405341257382
-0.33165114988
-0.328945346665
-0.322388981712
-0.255378697325
-0.311891891362
-0.391749003979
-0.412725708186
-0.388093875393
-0.249287607266
-0.248446222559
-0.223631853251
-0.252035460147
-0.279673731547
-0.312352900621
-0.196182728578
-0.144312782368
-0.0475289709692
-0.0714262803686
-0.141447598914
-0.262726157281
-0.235515902263
-0.171593536909
-0.0545248737021
-0.0301484289428
-0.0254197310152
-0.0246102443678
-0.158661771595
-0.220042385172
-0.171275358545
-0.0486928202964
-0.0604640005936
0.0856163088914
-0.0218491723268
-0.165136546243
-0.230503713877
-0.121132374553
-0.0475289709692
0.022009669531
0.00170503316291
-0.121132374553
-0.230763719084
-0.301294191973
-0.147946231133
0.0172899423816
-0.0361470379215
-0.00185346050866
-0.0884929372072
-0.10066643207
-0.242208086374
-0.0659802906884
0.0682823336971
0.0371111143365
0.0818392343252
0.036831663555
-0.167076218825
-0.275233270669
-0.105618298452
0.00764073633855
0.0412936526251
0.107889993848
-0.00946020238102
-0.0836218041378
-0.220561145624
-0.119650984439
0.0871758357847
0.045513790062
0.0961361754147
0.0233119742312
-0.0460908377006
-0.119650984439
-0.0479104219612
0.0764887149678
0.0687084160748
0.120269190559
0.0381506202774
0.0117151980389
-0.167076218825
0.034400662325
0.0158169043769
0.128292833042
0.0916994564091
0.0599800400171
-0.029697938251
-0.152666413899
-0.0748070951004
0.154441313051
0.281760278384
0.0444227909107
0.00122518249947
-0.157235365906
-0.198539809227
0.00724746762348
0.0356789093179
0.05591652551
0.0444227909107
0.00401128530981
-0.0666821551162
-0.124022546802
-0.0263728280488
0.0251673897921
0.0835585522016
0.128805314256
-0.0080478040416
-0.0604640005936
-0.135443038467
-0.121132374553
0.0828988045945
0.0949827201847
0.0734421969477
-0.0439149671926
-0.162305824308
-0.222620109788
-0.106504741011
0.135167081151
0.210728412932
0.165573765197
0.104204861209
-0.104412365607
-0.144312782368
-0.0436113085287
0.0987777157067
-0.0218491723268
0.0112915536318
-0.0218491723268
-0.0436113085287
-0.105684286534
-0.032198071868
0.104349131478
0.1414378899
0.0366693842984
-0.00498790680077
-0.0975365881312
-0.128555570521
-0.074891845434
-0.00113111018195
0.0381506202774
0.0621404746502
-0.017874474421
-0.21790998912
-0.167076218825
-0.0254197310152
0.0512071885453
0.11596999879
0.0762652056693
-0.0843567050024
-0.125537578979
-0.147946231133
0.036831663555
0.0263314062394
0.0818392343252
0.0884474993683
-0.0142058744282
-0.193527153218
-0.210186924847
-0.0775998180744
0.0232952684039
0.117165922956
0.0140433705974
-0.0331663049862
-0.128555570521
-0.13776916926
-0.0659802906884
0.0115935079019
0.0786920082357
0.0366693842984
-0.0815607517908
-0.139081877055
-0.217142863527
-0.109200528753
0.0263314062394
0.095692394584
-0.0218491723268
-0.0905562680598
-0.156196075105
-0.243340266652
-0.0975365881312
-0.0520164810691
-0.083641084761
-0.0706099350453
0.022009669531
-0.217142863527
-0.236790025985
-0.0772628797283
-0.0437379284085
0.0425856712705
-0.0708429311463
-0.168740399912
-0.244435749346
-0.32879736532
-0.198539809227
-0.0765992513051
-0.0995376939836
-0.0741048765598
-0.195376029908
-0.333705828217
-0.325832327778
-0.163144686194
-0.0714262803686
-0.0950745256469
-0.0915036683822
-0.153408863768
-0.205506823568
-0.310870917128
-0.128355533353
-0.125128831258
-0.114484778958
-0.161640046446
-0.160445970234
-0.172463542916
-0.279597767771
-0.249287607266
-0.106504741011
-0.108379383268
-0.0818029540928
-0.126879899645
-0.239310709012
-0.327440594972
-0.147946231133
-0.0280340013444
-0.0583715049776
-0.0273419329472
-0.11744215134
-0.288784540058
-0.323037663489
-0.217142863527
-0.120444739561
-0.138611387374
-0.143491178325
-0.112316237119
-0.245788214579
-0.279597767771
-0.236790025985
-0.0756958448125
-0.0656352192061
-0.116277170835
-0.167076218825
-0.230503713877
-0.244435749346
-0.128816243442
-0.0659802906884
-0.0544025337603
-0.0142058744282
-0.129318933092
-0.224466181898
-0.171275358545
-0.21990191424
-0.152666413899
-0.0616638710696
-0.0315358138362
-0.0818029540928
-0.222630996043
-0.255963537221
-0.23944172416
-0.0254197310152
-0.0437379284085
-0.0278741470997
-0.0808382403042
-0.175020791826
-0.191872350559
-0.124022546802
-0.0800008472886
0.00764073633855
0.0372202328813
-0.0218491723268
-0.130328703777
-0.230503713877
-0.157424427207
0.0501361799157
0.0828988045945
0.177263559617
0.161371303289
-0.0118493281714
-0.0532129870493
0.0647942808644
0.339785385923
0.777471302624
1.31424659495
1.24097631012
0.840075156097
0.773300926302
1.1541709218
1.86898807552
1.59766646158
1.76665374969
1.83657708346
2.3688526866
2.49025165012
4.78918575891
8.48246590033
2.00943793286
1.19845215349
0.920734667794
0.275717284532
0.167936243894
0.306167866588
0.551189915566
0.54073332575
0.513422770899
0.384508343066
0.141976544458
0.00831813231314
0.142863609689
0.353411074407
0.364760733469
0.280905879702
0.150782527948
-0.00577411572796
-0.0628273585727
-0.0545248737021
0.275328719828
0.208420004127
0.202268044037
0.222594382774
-0.00581119052246
-0.131113297866
0.00570587470535
0.276460210877
0.313750893172
0.264196901424
0.149764586074
0.0116474681268
-0.139081877055
0.104349131478
0.433467740097
0.258368160837
0.252073267686
0.175266953278
0.0327843873422
-0.0748090761101
0.121237545077
0.208420004127
0.257435346788
0.209712576382
0.0356789093179
-0.0305346056789
0.0545406515773
0.100743608852
0.166183965206
0.213051853136
0.0358723868993
0.0154476342852
-0.0365925043041
-0.0400962619309
0.00654949857127
0.231729671612
0.0835429947665
0.250528902069
0.202268044037
-0.0332710820055
-0.121803493443
0.00170503316291
0.100743608852
0.0871758357847
0.139003584235
-0.012498099569
-0.0551350022386
-0.188841185997
0.00488080166812
0.0625747605462
-0.032198071868
0.020587476828
-0.152223902523
-0.216758774154
-0.269190404585
-0.223475263787
-0.175020791826
-0.127083240533
-0.232095914082
-0.232095914082
-0.390399548339
-0.323373350767
-0.359571159437
-0.290567590726
-0.236790025985
-0.185193676844
-0.105684286534
-0.249287607266
-0.315342393951
-0.170781169259
0.0490333920798
0.129330264644
0.0402957988929
0.00654949857127
-0.162305824308
-0.140157949839
-0.150324403669
0.0735994012109
0.018919245799
0.0284376638957
0.0659051158417
-0.0460908377006
-0.199624376105
0.0444227909107
0.0176833861863
0.0398000063726
0.0327843873422
0.0501361799157
-0.028434276151
-0.084983620564
0.0444227909107
0.0848508868733
0.138039973752
0.110291141147
0.00764073633855
-0.0782670425584
-0.104412365607
-0.0621292296158
0.122727526267
0.230601063609
0.0818392343252
0.0574819772046
0.0358723868993
-0.129234371065
-0.0254197310152
0.0545406515773
0.129330264644
0.182502363643
0.000123080725616
0.0567570795763
-0.0872662346689
0.0356789093179
0.120269190559
0.280215973891
0.186192366125
0.0871758357847
0.0377507926666
-0.0603713503511
0.0356789093179
0.206481378006
0.241367417646
0.164429345385
0.11328718951
0.0548724397613
-0.0577380632512
0.142778134364
0.257228504929
0.342634343338
0.274977737214
0.110681828436
-0.00577411572796
-0.0714262803686
0.0818392343252
0.313404725382
0.179350257984
0.227865997797
0.233028969508
0.000123080725616
-0.0475289709692
0.0775251489762
0.210728412932
0.232588699831
0.229160608787
0.000123080725616
-0.0706099350453
-0.119650984439
0.020587476828
0.173303287234
0.165573765197
0.215523535
0.143597174012
-0.0400962619309
-0.118120607619
-0.0280340013444
0.14529386252
0.200523582993
0.120269190559
0.206772607789
-0.0396775927732
0.0267774900886
0.0262449836962
0.189892991595
0.237476346404
0.202027921266
0.165904632686
0.0370350484074
-0.0772628797283
0.101588298963
0.240369100914
0.187411217433
0.263154334186
0.124077739778
-0.0771338258724
-0.161640046446
0.143597174012
0.186586418806
0.177263559617
0.250528902069
0.165573765197
0.0835585522016
-0.0267605798729
0.0835429947665
0.339207488694
0.239362488637
0.225997855125
0.0952524008389
0.0433536457787
-0.101305985929
-0.0142058744282
0.171395467921
0.0935068179311
0.250528902069
0.000123080725616
-0.0657923746398
-0.102693421144
-0.0659802906884
0.152534776823
0.0575170750115
0.0762939262713
0.0785760199403
-0.106504741011
-0.0615542572101
-0.00185346050866
0.104204861209
0.18518121006
0.142863609689
-0.0666821551162
0.00170503316291
-0.191872350559
-0.0628273585727
-0.0522962926774
0.128292833042
0.0776688782501
-0.0365626128833
-0.0960417681761
-0.189896880225
-0.0755418720368
0.0828988045945
0.130104395966
0.0660183251263
0.164174135544
-0.090937384057
-0.125518932254
0.0228025033482
0.160264315549
0.172504495839
0.120023869284
0.114518220947
-0.128225277116
-0.0563170136794
-0.082553898808
0.100170518312
0.145511549333
-0.0121737138702
0.0957104584445
-0.175165111544
-0.1159601028
-0.113556881993
-0.0584018656258
0.0639774589549
-0.0473741335765
-0.041557668035
-0.233458591952
-0.187534650403
-0.125685889918
-0.0495396606976
-0.04623641203
-0.0705083368463
-0.189492244991
-0.146179505284
-0.172246365797
-0.107900316518
-0.0516918036182
0.0424128439439
-0.0598897391445
-0.042900921485
-0.0604489664005
-0.384003143379
-0.191006398182
-0.0104914774559
-0.143677348782
-0.109991453389
-0.029704980468
-0.114512244191
-0.172114682988
-0.0930964597985
-0.0403023733359
-0.038265788276
-0.0844976109928
-0.0673272086224
-0.179798968753
-0.163761094529
-0.0817584394098
0.0203409901099
0.0922115809708
0.071529742278
-0.000206357831803
-0.165320807424
-0.232083459981
-0.116139984734
0.0425863418508
0.12574358393
0.0738465427295
0.014110117578
-0.11601495704
-0.0798963483371
-0.1288998871
0.0773225713863
0.128325124542
0.0932705373974
-0.067619835361
-0.140157949839
-0.084983620564
-0.129234371065
0.141976544458
-0.0537991876006
0.0871758357847
0.036831663555
-0.0687459662376
-0.10460427824
-0.161075258028
0.0665707695881
0.020587476828
0.0733730255241
0.0773225713863
0.036831663555
-0.108379383268
-0.066183009127
0.00426777000473
0.144570324402
0.145827304653
0.13095753516
-0.029697938251
-0.11294403635
-0.116835008747
0.135167081151
0.0117151980389
0.175266953278
0.110291141147
-0.0761406983239
-0.0537991876006
0.034400662325
0.175015424885
0.336958720916
0.295778804607
0.13867065104
0.0393884767147
-0.0747674958579
-0.0312647703699
0.202890989217
0.186216976743
0.155914180888
0.219477557364
0.100899988831
