-0.118170870554
-0.168387190187
-0.171275358545
-0.100692642435
-0.0894602749959
-0.0898724136312
-0.0854835183415
-0.12029336761
-0.175020791826
-0.122148990086
-0.0849452580618
-0.106980727443
-0.0910889480422
-0.0837633055423
-0.0902746115191
-0.175020791826
-0.141447598914
-0.132586897903
-0.0991121348402
-0.109159632758
-0.0902746115191
-0.15765076607
-0.190554717956
-0.0963038811137
-0.0882570825243
-0.110453109575
-0.0910640389784
-0.112240305903
-0.11690094785
-0.118437745135
-0.155886507999
-0.154954523596
-0.112870877709
-0.0905152436442
-0.0876491278374
-0.0974307143643
-0.133282724938
-0.157961318572
-0.223631853251
-0.129747512023
-0.134300652813
-0.111774212213
-0.20147482033
-0.185278906138
-0.156352500201
-0.153090554788
-0.149765077171
-0.193290030053
-0.240247141133
-0.249031525549
-0.39556360289
-0.23944172416
-0.303413221675
-0.222951825241
-0.248412165235
-0.169968564857
-0.228727469401
-0.365166079859
-0.322288372672
-0.278319123955
-0.189404392079
-0.116530740522
-0.168387190187
-0.204047019443
-0.260023837665
-0.240541357574
-0.211760019105
-0.0994926014953
-0.112992508632
-0.110684573262
-0.116911200803
-0.16282606821
-0.184878552366
-0.172874765403
-0.0879727650593
-0.107974425688
-0.0972834516174
-0.0966613761038
-0.194100754319
-0.153571448036
-0.126625557991
-0.115103303259
-0.110919914712
-0.0888215647314
-0.103717135616
-0.135732481229
-0.129538197707
-0.111614799617
-0.0912659564931
-0.0875750471783
-0.103717135616
-0.103717135616
-0.106336465236
-0.229192748437
-0.103717135616
-0.0919735490017
-0.10237437812
-0.103717135616
-0.129959079673
-0.160379702076
-0.164822098146
-0.137146315415
-0.119458065579
-0.105054781327
-0.103717135616
-0.143622603862
-0.262839900735
-0.114374191274
-0.112560807521
-0.0911767043789
-0.0867408680189
-0.104720305639
-0.130589934239
-0.112560807521
-0.144813439403
-0.107787872313
-0.0946034579534
-0.107736000363
-0.0957031244586
-0.13773879164
-0.114436855486
-0.150443765696
-0.104775548853
-0.0870922828365
-0.0920294520923
-0.0953590670022
-0.103243945497
-0.12844796581
-0.110472818939
-0.190025979968
-0.0963942580838
-0.0918413964837
-0.0929862449051
-0.101097602887
-0.115579584871
-0.0969555191462
-0.0997144844647
-0.0928004802487
-0.102241490316
-0.0921225542045
-0.105050388447
-0.160255010532
-0.102487020628
-0.0922752005464
-0.11646117632
-0.0973132118578
-0.0935275606279
-0.0995406372007
-0.131205438499
-0.155317011718
-0.114972541384
-0.124156958088
-0.100543092381
-0.0918786062664
-0.100014064973
-0.114462461304
-0.10479094603
-0.141059646751
-0.0909950505386
-0.0821329393917
-0.0901969216034
-0.0910640389784
-0.105365792666
-0.140157949839
-0.1008899325
-0.152391566485
-0.0982925605553
-0.105356717326
-0.102247087424
-0.139025138252
-0.0990893637561
-0.101792479389
-0.0955192583812
-0.0845897011034
-0.0988478897278
-0.129318933092
-0.223981473533
-0.112628985029
-0.164476071545
-0.0972887950126
-0.0932048524238
-0.13776916926
-0.152603733
-0.193290030053
-0.152417554427
-0.15355654699
-0.0988764681067
-0.100316834089
-0.0942473766714
-0.198539809227
-0.176643207321
-0.118918863839
-0.0974307143643
-0.0918821715147
-0.0973655434899
-0.115619263941
-0.15765076607
-0.150324403669
-0.152417554427
-0.0988411887895
-0.113347402829
-0.100316834089
-0.103268124688
-0.155653511898
-0.219531272772
-0.216364789108
-0.145867675658
-0.101737142856
-0.0911587071277
-0.173861450593
-0.183998423646
-0.176643207321
-0.151925574283
-0.198539809227
-0.0908904464664
-0.12029336761
-0.106594229086
-0.118918863839
-0.114726500184
-0.113055896122
-0.12029336761
-0.109210844394
-0.0975837524576
-0.154488531394
-0.129721006589
-0.192594802951
-0.132689870409
-0.102247087424
-0.1008899325
-0.0972887950126
-0.0972883174981
-0.109166816079
-0.140157949839
-0.263521849117
-0.150324403669
-0.12029336761
-0.162876391028
-0.106647476575
-0.106504741011
-0.241675146032
-0.170838477382
-0.155187519697
-0.179202386776
-0.109159632758
-0.16334238323
-0.274007831829
-0.190554717956
-0.225678473634
-0.164740359836
-0.155853766346
-0.160080437817
-0.348911364044
-0.212986766878
-0.2193796353
-0.259556883824
-0.152417554427
-0.158661771595
-0.142246987938
-0.135319633441
-0.114726500184
-0.219269805341
-0.185278906138
-0.151026539504
-0.1008899325
-0.100316834089
-0.110492528303
-0.23944172416
-0.263285051071
-0.13103380552
-0.216364789108
-0.233103826785
-0.135138347413
-0.13776916926
-0.140157949839
-0.326505788014
-0.302337386664
-0.2193796353
-0.244435749346
-0.143304718547
-0.167276796028
-0.242208086374
-0.288036006039
-0.307772965427
-0.230503713877
-0.189239042494
-0.116774172871
-0.162305824308
-0.212986766878
-0.270307320254
-0.328139408091
-0.241675146032
-0.103801532413
-0.1078893112
-0.198539809227
-0.129571479987
-0.225678473634
-0.228015667712
-0.111205081389
-0.113055896122
-0.114484778958
-0.142560153927
-0.12717492503
-0.194186785169
-0.216364789108
-0.131743212264
-0.111774212213
-0.114484778958
-0.127083240533
-0.129264091294
-0.223475263787
-0.302833338095
-0.193290030053
-0.0837633055423
-0.0946779874617
-0.0974307143643
-0.0991121348402
-0.223981473533
-0.232772051475
-0.146566663961
-0.136993969889
-0.119714078215
-0.109159632758
-0.106980727443
-0.126761995378
-0.129571479987
-0.114337580032
-0.0988411887895
-0.109166816079
-0.118437745135
-0.0895184146969
-0.114337580032
-0.113055896122
-0.103268124688
-0.0991381974465
-0.0895184146969
-0.0748348252036
-0.0853362480354
-0.111015255233
-0.135138347413
-0.0909668226581
-0.0719437803468
-0.0781201219186
-0.0782258008817
-0.0937312941207
-0.139427791543
-0.133282724938
-0.0939790334749
-0.084983620564
-0.0882744368023
-0.0823980592685
-0.1008899325
-0.198539809227
-0.161640046446
-0.0868053424189
-0.0925811255014
-0.0864187627234
-0.119650984439
-0.0972887950126
-0.20503116811
-0.119650984439
-0.0960758954352
-0.091887088782
-0.0853362480354
-0.0793184166792
-0.115578182532
-0.124602338037
-0.172741378213
-0.110492528303
-0.0875009665192
-0.0809047797634
-0.0800725289018
-0.142838726345
-0.129721006589
-0.244807318498
-0.109210844394
-0.0864187627234
-0.129318933092
-0.0943620554025
-0.109210844394
-0.14167374584
-0.106980727443
-0.0988411887895
-0.0873091631009
-0.0937312941207
-0.129571479987
-0.0991381974465
-0.187831990356
-0.0953769414484
-0.126080753601
-0.0898115275132
-0.0910889480422
-0.115619263941
-0.165809970601
-0.160445970234
-0.100269619356
-0.0944142528907
-0.0915358628747
-0.0825813530227
-0.100692642435
-0.100316834089
-0.127083240533
-0.114337580032
-0.0908904464664
-0.0837633055423
-0.0823980592685
-0.135319633441
-0.115619263941
-0.204742441201
-0.241675146032
-0.156867769725
-0.0925445869635
-0.0988411887895
-0.162775745392
-0.245788214579
-0.2193796353
-0.348911364044
-0.208104845719
-0.122897415908
-0.150324403669
-0.289040142841
-0.193290030053
-0.326505788014
-0.222951825241
-0.232841675081
-0.142246987938
-0.240247141133
-0.127083240533
-0.223981473533
-0.230155842704
-0.223981473533
-0.230948728316
-0.119650984439
-0.0988411887895
-0.0960293074687
-0.103268124688
-0.102690501243
-0.112628985029
-0.127715857512
-0.115578182532
-0.118437745135
-0.0904842635412
-0.0874188375302
-0.178875677424
-0.11294403635
-0.124898026571
-0.0876884475942
-0.092938607591
-0.109166816079
-0.0953769414484
-0.135443038467
-0.138178804326
-0.122148990086
-0.111078328268
-0.0895184146969
-0.0980258979056
-0.107304010283
-0.107929160485
-0.126080753601
-0.131129098541
-0.0991381974465
-0.0897853095545
-0.0861899186276
-0.0988411887895
-0.106504741011
-0.20147482033
-0.0980258979056
-0.0821312462875
-0.0813994005032
-0.0989908673173
-0.102247087424
-0.104021642093
-0.179202386776
-0.103801532413
-0.0870172654264
-0.0827555384183
-0.0825813530227
-0.0943620554025
-0.114484778958
-0.128355533353
-0.0967748494219
-0.0861899186276
-0.0875009665192
-0.0825813530227
-0.113055896122
-0.0978336643386
-0.0989908673173
-0.0988411887895
-0.0885096906081
-0.0809289648851
-0.092938607591
-0.0915358628747
-0.137185646965
-0.132689870409
-0.148543973441
-0.0898724136312
-0.083867153652
-0.0944335808959
-0.105365792666
-0.0925811255014
-0.100316834089
-0.107304010283
-0.079512450841
-0.0814469578171
-0.0825980618803
-0.0925445869635
-0.109210844394
-0.112240305903
-0.110164065136
-0.0765992513051
-0.0875009665192
-0.0908904464664
-0.100162761603
-0.103619679232
-0.111205081389
-0.122148990086
-0.0861272105814
-0.0937312941207
-0.0920476494451
-0.08967306814
-0.104084108756
-0.130722929095
-0.0939392617817
-0.0753354640739
-0.083867153652
-0.0876884475942
-0.107929160485
-0.106647476575
-0.137246819922
-0.0988411887895
-0.0834409461486
-0.0854554735532
-0.08471840932
-0.101305273275
-0.0908904464664
-0.118918863839
-0.101520740938
-0.088387401581
-0.0920476494451
-0.0788297966148
-0.0954882262691
-0.128555570521
-0.0914629622914
-0.129264091294
-0.0853362480354
-0.0788097624125
-0.0878807012855
-0.0853362480354
-0.102690501243
-0.160445970234
-0.0966764613599
-0.0873091631009
-0.112240305903
-0.0944142528907
-0.0884911156205
-0.106980727443
-0.139427791543
-0.0936876575256
-0.0831415779867
-0.124558002887
-0.084983620564
-0.128555570521
-0.180425258244
-0.156867769725
-0.13414257782
-0.101520740938
-0.0950992343418
-0.0953769414484
-0.0864922424303
-0.190554717956
-0.162060555955
-0.150061605475
-0.127715857512
-0.101520740938
-0.0875009665192
-0.0971361888705
-0.124602338037
-0.189239042494
-0.17193945081
-0.0978336643386
-0.104021642093
-0.118918863839
-0.122029751044
-0.141447598914
-0.160445970234
-0.125632722077
-0.100614052057
-0.102297404777
-0.101520740938
-0.160445970234
-0.196630815994
-0.113055896122
-0.129571479987
-0.135848843316
-0.102058254997
-0.0990893637561
-0.129318933092
-0.155853766346
-0.263521849117
-0.0985694671614
-0.100614052057
-0.0946779874617
-0.116530740522
-0.228015667712
-0.279634489001
-0.232772051475
-0.232772051475
-0.126080753601
-0.162775745392
-0.113055896122
-0.141447598914
-0.257688982992
-0.222951825241
-0.162305824308
-0.162305824308
-0.113055896122
-0.110492528303
-0.212986766878
-0.212986766878
-0.230763719084
-0.205506823568
-0.118918863839
-0.131427102463
-0.129318933092
-0.17193945081
-0.171275358545
-0.162775745392
-0.216364789108
-0.0990893637561
-0.134921250041
-0.103801532413
-0.103801532413
-0.248194438928
-0.249031525549
-0.100316834089
-0.119650984439
-0.105365792666
-0.147434088377
-0.143896740485
-0.17072873898
-0.230503713877
-0.112628985029
-0.128355533353
-0.110164065136
-0.129318933092
-0.156867769725
-0.239850575225
-0.192594802951
-0.0988411887895
-0.0978336643386
-0.102802424847
-0.136178979506
-0.107929160485
-0.249031525549
-0.219365849403
-0.0990893637561
-0.0873091631009
-0.0990893637561
-0.149765077171
-0.124004612561
-0.249031525549
-0.230503713877
-0.102802424847
-0.0935533110524
-0.141447598914
-0.100614052057
-0.104084108756
-0.103801532413
-0.232772051475
-0.192594802951
-0.0910640389784
-0.0773807627565
-0.0885096906081
-0.1008899325
-0.214108852494
-0.164476071545
-0.109210844394
-0.0958898981903
-0.0915358628747
-0.0807926675165
-0.0939473273781
-0.149041914471
-0.198390332737
-0.111774212213
-0.100692642435
-0.0838739707767
-0.0973655434899
-0.0944142528907
-0.128555570521
-0.161640046446
-0.0973655434899
-0.0823980592685
-0.0838608283696
-0.0895184146969
-0.0864922424303
-0.100316834089
-0.0873091631009
-0.106504741011
-0.079512450841
-0.0809047797634
-0.0721143985844
-0.0870172654264
-0.1008899325
-0.0882570825243
-0.0781201219186
0.00142180045335
-0.070645304201
-0.0434534736683
-0.0766249333979
-0.0878807012855
-0.106647476575
-0.0939473273781
-0.069517106956
-0.0794840869154
-0.0788297966148
-0.0779907761182
-0.0929204174909
-0.111205081389
-0.0853362480354
-0.0602012848299
-0.0813994005032
-0.0781201219186
-0.0875009665192
-0.132689870409
-0.0950992343418
-0.116884577058
-0.0915358628747
-0.0900865200385
-0.079512450841
-0.0991381974465
-0.155853766346
-0.11294403635
-0.0936876575256
-0.0781201219186
-0.0794598705016
-0.088285951295
-0.0950992343418
-0.139427791543
-0.129571479987
-0.0853362480354
-0.0869894936075
-0.0827900256154
-0.0725508062292
-0.0908904464664
-0.102247087424
-0.105355977402
-0.0882744368023
-0.0801383772159
-0.0780595636717
-0.0850817665304
-0.0876491278374
-0.125860235036
-0.133282724938
-0.0861272105814
-0.0779907761182
-0.0823980592685
-0.0868053424189
-0.101520740938
-0.253297967023
-0.149572725835
-0.0920476494451
-0.0788097624125
-0.0659802906884
-0.0862029289033
-0.0870172654264
-0.100692642435
-0.0939095451421
-0.0775469959232
-0.0479832022885
-0.0939392617817
-0.0854835183415
-0.0890863555677
-0.101711916975
-0.102690501243
-0.0885760405089
-0.0911832175279
-0.0908550206596
-0.0967748494219
-0.134300652813
-0.244292689162
-0.387615906691
-0.293230681126
-0.199624376105
-0.225678473634
-0.218708363193
-0.186201415321
-0.376670600647
-0.326211644997
-0.244639333341
-0.104776882211
-0.15765076607
-0.124022546802
-0.102247087424
-0.129571479987
-0.162060555955
-0.113055896122
-0.111774212213
-0.0861899186276
-0.0863863613482
-0.101792479389
-0.114484778958
-0.1008899325
-0.11294403635
-0.084574255857
-0.0834947236737
-0.0753962774529
-0.0849452580618
-0.131427102463
-0.0944335808959
-0.103268124688
-0.0836218041378
-0.0836894376081
-0.0671490210193
-0.0788097624125
-0.0950992343418
-0.0915358628747
-0.088387401581
-0.0659802906884
-0.0730104138725
-0.0724739038531
-0.087618650416
-0.111078328268
-0.113347402829
-0.0900865200385
-0.0712546088149
-0.0729411839096
-0.0834947236737
-0.0913659725021
-0.0975837524576
-0.160445970234
-0.0875009665192
-0.0794598705016
-0.0775469959232
-0.072286893609
-0.0960293074687
-0.127469541784
-0.116539198748
-0.0915358628747
-0.0944748624798
-0.0568873152933
-0.076671590425
-0.0825980618803
-0.1008899325
-0.0975837524576
-0.0825813530227
-0.0663596590403
-0.0752698570647
-0.0647809350825
-0.102690501243
-0.0923455056813
-0.0960293074687
-0.0849452580618
-0.0711584773068
-0.0739431351516
-0.0721143985844
-0.085591585634
-0.0753354640739
-0.0971361888705
-0.102802424847
-0.081335295391
-0.0735954742101
-0.0716326033084
-0.0861899186276
-0.109210844394
-0.111205081389
-0.084983620564
-0.0634784695666
-0.0793184166792
-0.0755583451119
-0.0972887950126
-0.0846973635926
-0.111205081389
-0.0850817665304
-0.081335295391
-0.0725508062292
-0.0655702970614
-0.0753354640739
-0.0854835183415
-0.0837599193338
-0.0864740954528
-0.0820393025687
-0.0676743924263
-0.0712546088149
-0.0988411887895
-0.0973655434899
-0.113055896122
-0.110453109575
-0.069517106956
-0.07003283904
-0.0532129870493
-0.0853362480354
-0.104084108756
-0.0958898981903
-0.0870172654264
-0.0434534736683
-0.0645513711518
-0.0681177359653
-0.0862029289033
-0.0849452580618
-0.111774212213
-0.0763153468639
-0.0718851928928
-0.0739431351516
-0.0529022313718
-0.0762126354125
-0.0936876575256
-0.0864853825515
-0.0712546088149
-0.0720630573785
-0.0749040548113
-0.0711584773068
-0.0781201219186
-0.0841237089014
-0.0943620554025
-0.0870172654264
-0.0755583451119
-0.0452782250291
-0.076866925713
-0.0851481925465
-0.11818263176
-0.0905271387858
-0.0794598705016
-0.0275056563664
-0.0821977053551
-0.0837633055423
-0.0958211910817
-0.0878316019496
-0.0981034749595
-0.0775469959232
-0.0712546088149
-0.0726745548717
-0.0741293199608
-0.0867026375354
-0.124004612561
-0.100614052057
-0.0788097624125
-0.0778535429445
-0.0676743924263
-0.0710958309139
-0.0851481925465
-0.0863863613482
-0.104084108756
-0.0813169097643
-0.0665623691338
-0.0884911156205
-0.0568873152933
-0.0815607517908
-0.0862616345515
-0.0936876575256
-0.0779907761182
-0.072286893609
-0.0692135428558
-0.0727126326354
-0.0890863555677
-0.112240305903
-0.142246987938
-0.0944335808959
-0.080475619658
-0.0821312462875
-0.0958898981903
-0.0703240227072
-0.0944142528907
-0.0988411887895
-0.0821977053551
-0.088285951295
-0.0671490210193
-0.084983620564
-0.129264091294
-0.0972887950126
-0.129571479987
-0.124022546802
-0.0735324017857
-0.079512450841
-0.0908550206596
-0.0988411887895
-0.162775745392
-0.222951825241
-0.0958898981903
-0.0853362480354
-0.0868053424189
-0.0849452580618
-0.0973655434899
-0.091887088782
-0.199624376105
-0.113347402829
-0.0918821715147
-0.0969384944547
-0.0897853095545
-0.109753280008
-0.122148990086
-0.198539809227
-0.129571479987
-0.078930412591
-0.091887088782
-0.0925811255014
-0.0974307143643
-0.140037859995
-0.113347402829
-0.0944142528907
-0.0765992513051
-0.0815029856183
-0.0781201219186
-0.091887088782
-0.103268124688
-0.145183033981
-0.12000510845
-0.0894602749959
-0.0932800794882
-0.111850244917
-0.0978336643386
-0.149041914471
-0.0958898981903
-0.0974307143643
-0.0851481925465
-0.0838608283696
-0.0878316019496
-0.129318933092
-0.141447598914
-0.0973655434899
-0.0954882262691
-0.0882570825243
-0.0876884475942
-0.0773807627565
-0.112240305903
-0.131427102463
-0.0925445869635
-0.0988411887895
-0.0958898981903
-0.078930412591
-0.0862616345515
-0.0920476494451
-0.119714078215
-0.0935533110524
-0.112240305903
-0.0774065046975
-0.0834947236737
-0.0712546088149
-0.0878316019496
-0.115619263941
-0.114726500184
-0.0800725289018
-0.0765992513051
-0.0683942466716
-0.0691762098175
-0.0520164810691
-0.0988478897278
-0.12029336761
-0.0926817199527
-0.049783057483
-0.069517106956
0.00142180045335
-0.0651170619349
-0.076866925713
-0.0853362480354
-0.0658842842319
0.121175146557
0.301368466606
0.741596715491
0.594174500123
0.231790451978
0.556068012081
0.611177630419
0.963827736655
0.970137720517
1.2000530641
1.18782210074
1.3249819856
1.15761261737
3.09697021859
10.6035536029
2.66984362051
1.496689011
1.22105635198
0.777022155048
0.365927588955
0.513330787452
0.700698570934
0.570085644968
0.505138413699
0.365927588955
0.358236124172
0.280905879702
0.230173617981
0.370106461965
0.307797918968
0.286264191109
0.135582995875
0.0953239208824
0.0558886713481
0.179280421824
0.227282997118
0.211304764024
0.206481378006
0.124077739778
0.0734051963199
0.0514766773488
0.137374736138
0.194129794004
0.174384758507
0.161115870551
0.112036148196
0.115982958091
0.0733730255241
0.152534776823
0.172191371262
0.206106443201
0.142625634104
0.136497003865
0.0921367696683
0.045102423817
0.112669573369
0.136429799371
0.150718807283
0.1727203912
0.10997374649
0.117165922956
0.108512970176
0.104349131478
0.124349307574
0.150221821349
0.106115840557
0.0617361702824
0.0360985165866
0.0919399718364
0.110115530655
0.244533914603
0.130135322467
0.19805258904
0.106273507857
0.104797862558
0.0998307611309
0.143665322019
0.206481378006
0.139435192632
0.186192366125
0.124077739778
-0.0218112784965
0.0796229762754
0.106816911512
0.111258860184
0.0474668865155
0.0792183914042
0.0394148461351
-0.00174661531656
-0.106504741011
-0.0254197310152
-0.128355533353
-0.0198956653402
-0.0458366512049
-0.0838739707767
-0.0305806228127
-0.0532129870493
-0.162775745392
-0.014663934348
-0.0545248737021
-0.079512450841
0.000123080725616
-0.0699109467424
-0.0265019039565
-0.0175513629848
0.0780611884255
0.0954595466385
0.0741467732077
0.0267774900886
-0.0503400475925
-0.0532129870493
-0.028434276151
0.0815503948673
0.0658250949878
0.0773042211234
0.0659051158417
0.0143464670854
-0.135443038467
0.0558886713481
0.0618611043684
0.075582714322
0.044941353537
0.0438875665693
0.0539911344028
0.00310419510474
0.0593606856734
0.0978276325753
0.0627988068821
0.058831784919
-0.00511392126918
0.00452311371949
0.00784036697827
0.0507196828999
0.0733730255241
0.071850751331
0.0486767854771
0.0356138989324
0.0329302722558
0.000123080725616
-0.00431705312444
0.0615731903093
0.0647623919039
0.0601040959259
0.0118322086818
0.0194625335723
-0.0315358138362
0.0388355075597
0.0537204059214
0.0639845675297
0.0871758357847
0.0546259223706
0.0323521545206
0.022047328325
0.0490333920798
0.075582714322
0.0930606453871
0.13283512325
0.0693823753668
0.0352446782132
0.0297881556656
0.0774787122515
0.106092574387
0.121175146557
0.0971402650207
0.0538629530799
0.0232394902756
-0.0287494522578
0.0158907317311
0.0889593487647
0.0772646932779
0.136131052153
0.0480978279033
0.034400662325
0.0171604907728
0.0514766773488
0.121237545077
0.0795084561254
0.121175146557
0.0267850544724
0.01744517672
-0.0337639605056
0.0521861572036
0.0827680793391
0.0668923374504
0.0953239208824
0.019748173316
0.0109434156602
0.0148326994262
0.0363252962872
0.0935068179311
0.100525706961
0.0516746317714
0.0590528582695
0.0114558281421
0.0263149251066
0.0351294914073
0.103519653957
0.0725926931125
0.0710724745189
0.0522795226006
0.00327005939072
0.0259870543835
0.0444048232491
0.0479086258346
0.12615857422
0.090351677687
0.0430014102237
-0.0354524449282
0.0078577494699
0.0489769339409
0.0490333920798
0.0657690994467
0.0823647313904
0.0273402312955
0.0141552628096
0.0297041363346
0.0752849565653
0.0727882707419
0.0997036328395
0.0509792816866
0.034400662325
0.0188350879816
0.0263008079452
0.0698905219994
0.091094186552
0.0680744149293
0.0467126551745
0.0449561357252
0.0310909738826
-0.0293187642456
-0.00193058357625
0.0579346356957
0.064174752681
0.043902110006
0.0318326841394
-0.00587149811333
0.0290892051032
0.058831784919
0.0727882707419
0.0987056512212
0.091094186552
0.0234743232192
0.0323136886442
-0.0218112784965
0.0332030820043
0.0315212263459
0.0689801248791
0.0481025216976
0.0158169043769
0.000744526412162
-0.0461930940942
0.0204385475728
0.0457195878483
0.0891113627384
0.063586227624
0.0943134149537
0.00661720120715
0.0187929786805
0.0281877675402
0.0292081575342
0.0277114898545
0.0394616599917
-0.0065023648828
-0.0220536315455
-0.0269450075337
0.00331459596712
0.0442678098734
0.0090968907148
0.0121539547849
0.0234472020238
-0.0310208516079
-0.0357248776318
0.000980091823191
-0.00509934509603
0.000852060343071
-0.0124045411809
-0.00963553382953
-0.0264171100548
-0.0409612139714
-0.0100719594083
0.0181401323508
0.0041579465944
0.0181489901365
-0.0596254201502
-0.0269514644255
-0.0782661134602
0.00670071710369
0.012900955778
0.0240263502585
0.0199268629799
-0.00603482923523
-0.0132378809511
-0.0654282002331
-0.013032762529
0.00833558356376
0.000264431036465
-0.000729269841606
-0.010670865622
-0.0417962799829
-0.0703946833993
-0.0446450624366
0.0166208055366
-0.00850000019517
-0.0158607473699
-0.0156280912107
-0.123464818921
-0.0602419110121
-0.017706709297
0.00922207740916
0.0436886425839
0.0109037674828
0.00656180650886
-0.0297939111233
-0.0735485432121
-0.0270742760411
0.0013979900254
0.0262016312361
-0.00164799234233
-3.03158548593e-05
-0.022286255037
-0.0354659242214
-0.0286931422241
-0.00153352918556
0.0160312644224
-0.00321070072663
-0.0149972329726
-0.0307158915734
-0.0163951409461
-0.0166298543683
0.0164034730146
-0.000440386445543
-0.000440386445543
-0.0168294558288
-0.036960397891
-0.0540672118766
-0.00680303941026
0.00724746762348
0.0179476045725
0.00967295177553
-0.0108116415625
-0.0147294067114
-0.0369472981985
-0.0236342839306
0.00426777000473
0.000346281842218
0.016455696431
0.0150577884575
-0.0191563426102
-0.0330791112671
0.034400662325
0.084073952234
0.00389355708366
0.0618738466114
0.00515740076668
-0.0592306620491
0.000168131124632
0.00711502634451
0.0387162871493
0.0297358221792
0.108512970176
0.0305197518776
0.0179476045725
0.00970789290065
0.00711502634451
0.036184349027
0.0468822464748
0.0276389602189
0.121237545077
0.0275744164513
