-0.113055896122
-0.14897498057
-0.132290739328
-0.0867286012274
-0.08471840932
-0.0831415779867
-0.0834098287188
-0.0972396100588
-0.131035971695
-0.12331604454
-0.0940787258974
-0.0940253553882
-0.084244368886
-0.0788009986063
-0.0990737426753
-0.174364000863
-0.1234608899
-0.110441809699
-0.0991121348402
-0.0937312941207
-0.102423994234
-0.112875073194
-0.154255535293
-0.10895457587
-0.0946857107876
-0.0946857107876
-0.105307935589
-0.0951975294926
-0.111863259656
-0.110492528303
-0.136178979506
-0.121387994366
-0.103078232962
-0.0894602749959
-0.0862029289033
-0.100148070296
-0.133282724938
-0.154954523596
-0.162631891396
-0.117415297819
-0.123658106679
-0.093489990078
-0.157517480706
-0.194186785169
-0.177837733688
-0.159259771554
-0.149765077171
-0.21550436691
-0.216758774154
-0.230763719084
-0.293466275357
-0.412896522831
-0.303413221675
-0.205506823568
-0.228298977972
-0.157974172681
-0.193290030053
-0.242023799138
-0.282069015266
-0.21695081884
-0.146403782824
-0.104990873604
-0.120006288471
-0.133544051176
-0.238253492647
-0.256449925756
-0.181587291563
-0.132938984586
-0.107414571423
-0.121408209067
-0.139792870691
-0.162936666303
-0.194547263591
-0.184603788498
-0.108087765765
-0.101426631423
-0.10470063263
-0.106622862026
-0.194100754319
-0.157026929154
-0.125208135543
-0.107637705012
-0.104990873604
-0.0980564732956
-0.110905822508
-0.146786762855
-0.159432988267
-0.128490349226
-0.0853005376171
-0.0908077075012
-0.1081585278
-0.0901407504072
-0.116090990869
-0.212739627669
-0.118834882768
-0.0944425033076
-0.0910612496044
-0.104142257371
-0.104248237182
-0.140398792543
-0.12763308211
-0.113175934821
-0.102557247738
-0.104339568683
-0.102848070898
-0.116034315428
-0.17084992828
-0.134413465015
-0.105343182514
-0.0913717370254
-0.0908044715034
-0.105401272315
-0.121372406047
-0.119179269288
-0.151701384575
-0.127321674813
-0.0946034579534
-0.0922433898278
-0.086296596819
-0.103964239232
-0.139792870691
-0.148209624922
-0.114147327738
-0.0925956629539
-0.0854422095392
-0.0985969068067
-0.10666594395
-0.145730611981
-0.139331960072
-0.147037924416
-0.108047215516
-0.0846261923573
-0.0929862449051
-0.110820742293
-0.123625872003
-0.119566038478
-0.115577659655
-0.0945207686607
-0.128724465137
-0.0927081410726
-0.108050920353
-0.145730611981
-0.113720095291
-0.104504173559
-0.134647360776
-0.10202603406
-0.111210785916
-0.110278898135
-0.132520320015
-0.145946693805
-0.123878339113
-0.103044596644
-0.0964040266969
-0.100195692032
-0.106002495678
-0.11508287133
-0.117547888335
-0.103289087211
-0.101393692189
-0.0874522327567
-0.0861581288636
-0.106002096951
-0.128481053913
-0.130900753599
-0.134962723486
-0.11052338529
-0.0986909621557
-0.0930068347224
-0.104104288765
-0.143701484308
-0.12429242577
-0.110466922485
-0.0956702247314
-0.0948224314767
-0.0997030989226
-0.114147327738
-0.14765901029
-0.169812093773
-0.149339657463
-0.0965893466014
-0.0970225764035
-0.116740538637
-0.123809832296
-0.198106316276
-0.187528182286
-0.110927939539
-0.0978583548716
-0.104862854769
-0.105542989896
-0.12419164278
-0.160694345973
-0.15922787758
-0.10984098707
-0.0964786899761
-0.102487842421
-0.113720095291
-0.111794390659
-0.159866994896
-0.195840594391
-0.111919428759
-0.112999966236
-0.100550388761
-0.0984796149988
-0.114147327738
-0.144411895414
-0.206160321966
-0.137217425211
-0.112899062718
-0.0999480391361
-0.153105455834
-0.117094735345
-0.144536093798
-0.22011701897
-0.169126302442
-0.110962913611
-0.11549876968
-0.114147327738
-0.114147327738
-0.166577058454
-0.119192557319
-0.128507844884
-0.106382179911
-0.0978407152129
-0.135992657302
-0.127424918923
-0.175831999574
-0.176599977196
-0.120065488644
-0.114147327738
-0.103247610277
-0.112040878664
-0.132388212964
-0.160666518591
-0.205386111139
-0.155995226468
-0.122425685249
-0.117770035523
-0.118972834429
-0.152801405782
-0.186552158023
-0.221218623894
-0.155520643021
-0.139962585482
-0.154994747892
-0.152584026053
-0.178200336383
-0.203656746055
-0.273737123896
-0.193768855319
-0.152141559317
-0.123101755075
-0.220384960292
-0.209246795223
-0.207199783346
-0.220482519942
-0.148914237756
-0.140873906365
-0.161012422221
-0.140873906365
-0.148914237756
-0.216758774154
-0.185278906138
-0.175020791826
-0.156196075105
-0.124022546802
-0.124558002887
-0.195376029908
-0.239957008979
-0.172479084878
-0.269190404585
-0.172564838965
-0.136118991841
-0.128159971984
-0.145401683456
-0.292645095183
-0.295117324246
-0.216758774154
-0.20147482033
-0.128789070036
-0.122724616503
-0.226623492325
-0.295117324246
-0.26678453219
-0.179076290825
-0.178243073903
-0.141207753638
-0.17342154287
-0.171536626885
-0.205139518534
-0.31713937672
-0.165136546243
-0.12636858301
-0.114270742252
-0.116044174734
-0.129571479987
-0.185056955827
-0.216758774154
-0.14077064632
-0.119457164051
-0.112800950271
-0.133838307185
-0.130322944847
-0.178243073903
-0.216364789108
-0.148914237756
-0.131113297866
-0.129571479987
-0.114270742252
-0.152603733
-0.134473867314
-0.278381097522
-0.165136546243
-0.104657495273
-0.103540744753
-0.102935870267
-0.099670434985
-0.216758774154
-0.20847858943
-0.142670228406
-0.133737175955
-0.111975374387
-0.109159632758
-0.102802424847
-0.120444739561
-0.129571479987
-0.115145185507
-0.0975901746102
-0.0985569265379
-0.0994577925517
-0.0985569265379
-0.114023913223
-0.113055896122
-0.0937288376626
-0.0754235672369
-0.0866407978677
-0.0797047447133
-0.0878804525393
-0.0974434180908
-0.115895000407
-0.0915994165542
-0.0703553494138
-0.0782846198034
-0.0776232434336
-0.0988411887895
-0.114726500184
-0.114270742252
-0.0963299096438
-0.0915358628747
-0.0821741752681
-0.084244368886
-0.0985569265379
-0.148914237756
-0.168740399912
-0.0952164011967
-0.0845559859224
-0.0853885923801
-0.0970824454776
-0.0870172654264
-0.115895000407
-0.12636858301
-0.103268124688
-0.0925445869635
-0.0823222818025
-0.0827952333535
-0.107192054385
-0.12441372726
-0.148914237756
-0.105356717326
-0.0823980592685
-0.0707916945924
-0.0905271387858
-0.107192054385
-0.114023913223
-0.112424788139
-0.0972887950126
-0.0803494233214
-0.0819591803135
-0.0854835183415
-0.0989908673173
-0.111774212213
-0.115895000407
-0.104412365607
-0.0844701137028
-0.0829218338529
-0.0946779874617
-0.0951975294926
-0.13678082772
-0.0936876575256
-0.109159632758
-0.0890541400128
-0.0797047447133
-0.0829455755901
-0.104743769988
-0.113055896122
-0.106632264334
-0.0905271387858
-0.0809320590974
-0.0841614885245
-0.0918821715147
-0.100316834089
-0.113055896122
-0.115895000407
-0.0988411887895
-0.0834098287188
-0.0854835183415
-0.101792479389
-0.101307243714
-0.196696361683
-0.148914237756
-0.125834200857
-0.10845883126
-0.0990893637561
-0.114176497117
-0.156867769725
-0.168681250142
-0.210662608636
-0.138871064234
-0.148914237756
-0.155918893804
-0.158227243873
-0.132565392148
-0.207791193249
-0.200007314779
-0.150789647592
-0.125777459635
-0.12636858301
-0.124602338037
-0.129096423963
-0.148914237756
-0.150168236928
-0.127169382356
-0.12029336761
-0.0925942666153
-0.0946067405975
-0.114270742252
-0.128688006039
-0.126709809875
-0.127715857512
-0.111774212213
-0.10898587599
-0.0905271387858
-0.101792479389
-0.122350512677
-0.114270742252
-0.114023913223
-0.0884083501885
-0.100158393392
-0.0979569921558
-0.0953769414484
-0.124004612561
-0.127199828257
-0.114270742252
-0.102690501243
-0.0963038811137
-0.106986737788
-0.114270742252
-0.118907971544
-0.120643426578
-0.118037212127
-0.104969379639
-0.105356717326
-0.0897332434876
-0.104796090502
-0.111774212213
-0.144991588137
-0.114023913223
-0.0903597618826
-0.0904842635412
-0.0925942666153
-0.103466712064
-0.121803493443
-0.128688006039
-0.107304010283
-0.0918758758555
-0.0776232434336
-0.0868053424189
-0.102690501243
-0.117229254381
-0.118437745135
-0.0920476494451
-0.084589163011
-0.0973126593993
-0.0865796604963
-0.108110315472
-0.111946375306
-0.116871313423
-0.101020925027
-0.0794840869154
-0.0907623674084
-0.0910690386295
-0.102690501243
-0.12331604454
-0.125860235036
-0.112800950271
-0.0895184146969
-0.0952164011967
-0.0932800794882
-0.105497208178
-0.11280143148
-0.112800950271
-0.100740884137
-0.0902746115191
-0.0853885923801
-0.0903064246366
-0.0884929372072
-0.111975374387
-0.135434431147
-0.114819255874
-0.0814469578171
-0.0897435311858
-0.0932800794882
-0.100162761603
-0.118925452331
-0.127006213598
-0.112800950271
-0.0884083501885
-0.0885353505143
-0.0884083501885
-0.0973655434899
-0.107840280837
-0.117558264535
-0.102690501243
-0.0782848570346
-0.083867153652
-0.0797151460866
-0.0988411887895
-0.116582122659
-0.11592431821
-0.111006030066
-0.0862390394304
-0.082120077799
-0.0842207047545
-0.093198016399
-0.112781697866
-0.118472591835
-0.0884921953487
-0.0838561881567
-0.0797016914023
-0.0751291962203
-0.09646582218
-0.121198383654
-0.115375917833
-0.0963323738061
-0.0870165655659
-0.0870610707852
-0.083894635541
-0.0930421283467
-0.105250760551
-0.12642146305
-0.101341205944
-0.0938336858821
-0.0980649919011
-0.102211702205
-0.101098588107
-0.118996702259
-0.14079719549
-0.101795454975
-0.083454484432
-0.0979167924755
-0.0927081326057
-0.114564796384
-0.125876345654
-0.138793102385
-0.112416821357
-0.107226215729
-0.0898358215585
-0.0993249144119
-0.110322071656
-0.126112094147
-0.147247635991
-0.125242216813
-0.0896917513988
-0.100180964864
-0.0910471236844
-0.0972508661802
-0.12609892509
-0.128892215001
-0.121675384925
-0.0841039884784
-0.0883471507417
-0.109703842723
-0.102520678812
-0.148174163067
-0.131116511945
-0.112899062718
-0.091383490384
-0.106031529181
-0.100180964864
-0.111292805662
-0.126171302153
-0.117378499384
-0.114707930989
-0.0910127123284
-0.0942106268102
-0.113065954654
-0.122126661238
-0.132630138399
-0.13118957445
-0.100836937966
-0.0908728102582
-0.0968988226497
-0.12207700306
-0.117592561671
-0.141527000034
-0.148079615264
-0.116590792347
-0.111497235036
-0.111726855081
-0.100280183742
-0.113600761529
-0.162845284041
-0.144933860832
-0.136837206349
-0.107904841533
-0.118585262556
-0.114576702095
-0.139665935994
-0.16217793493
-0.159852468905
-0.125494533147
-0.112536674378
-0.12375036488
-0.123466225306
-0.132575551322
-0.143460516656
-0.148430234445
-0.126812937186
-0.115454245141
-0.113625309649
-0.12087732409
-0.115037201814
-0.150857538317
-0.146366120956
-0.12953994275
-0.11545467046
-0.118431829988
-0.118913417692
-0.129668835623
-0.138260367879
-0.144857551381
-0.133448989006
-0.12393730858
-0.116594584439
-0.13528638928
-0.128282392001
-0.149206317582
-0.167043027464
-0.134216184693
-0.0960789317393
-0.106683470738
-0.12517812101
-0.125468947399
-0.149541237342
-0.149206317582
-0.11954517564
-0.112270705269
-0.102940328905
-0.102795319681
-0.116897755507
-0.146936955714
-0.146190784983
-0.124428731256
-0.0959780423389
-0.113492726178
-0.104568011764
-0.113805967284
-0.121915002832
-0.148609121345
-0.127847109818
-0.0937077531286
-0.0885271443306
-0.0885586895383
-0.10249246235
-0.123515708042
-0.148609121345
-0.114631166697
-0.0892991059159
-0.0920924068349
-0.0815705265107
-0.0888463143769
-0.118425992052
-0.116538701687
-0.0950414650349
-0.0928281143398
-0.0849722891513
-0.0887642286997
-0.0874502963094
-0.120324614507
-0.122032653069
-0.0903179418865
-0.0856893249862
-0.0836329695043
-0.0780363210704
-0.0952919715189
-0.106815737846
-0.0982014440369
-0.106026814629
-0.07098184922
-0.0722790982749
-0.0768278991821
-0.0813082892206
-0.0999547460066
-0.0944041853235
-0.0762666296098
0.144276133381
-0.0537882344119
-0.0731743232752
-0.0791882947939
-0.0854805144893
-0.0960231307549
-0.0912046551502
-0.0586727489018
-0.0789303613816
-0.0661312179517
-0.079262834981
-0.093068858445
-0.106883242432
-0.0882499485426
-0.0704405801579
-0.0810388657336
-0.0742863135841
-0.0875750471783
-0.101508595125
-0.105430491956
-0.106366279247
-0.0876166799672
-0.0845245250548
-0.0751028381831
-0.0980756124542
-0.117638881308
-0.106618647106
-0.102116089526
-0.0849310700268
-0.0802623925881
-0.088902182996
-0.0900525255155
-0.111381602717
-0.117493562505
-0.0885715194914
-0.0706985971687
-0.0717703354569
-0.083330302324
-0.0846962582197
-0.113303631812
-0.111381602717
-0.0857707760679
-0.0830915824357
-0.0849461169789
-0.085536939819
-0.0895040472497
-0.119452909677
-0.115059882352
-0.0950905170544
-0.0830636865199
-0.0838540706951
-0.0898324942756
-0.104389608588
-0.111345257581
-0.123789896176
-0.0903508161124
-0.0752866340958
-0.0671698916411
-0.0871699412341
-0.0983435640002
-0.105694554033
-0.109379105665
-0.0885166700269
-0.0836193490896
-0.0789098734182
-0.0938982736298
-0.110526193918
-0.127336699988
-0.12383186424
-0.0989652762728
-0.100280183742
-0.106231746012
-0.104417640133
-0.127847109818
-0.140763748373
-0.187877692729
-0.138711233468
-0.157936848139
-0.147550882779
-0.154339306483
-0.135233193731
-0.147048635869
-0.230611867655
-0.147998114927
-0.132966925255
-0.122939324791
-0.123877282654
-0.11033829443
-0.125822549305
-0.127637434474
-0.107561044003
-0.100280183742
-0.0872735176742
-0.0879202302021
-0.101341205944
-0.125020166552
-0.118163518412
-0.111223533126
-0.0840720871855
-0.0826124301318
-0.0843247050613
-0.094291665089
-0.114004281103
-0.112810549438
-0.105782320631
-0.0901562241701
-0.08492538828
-0.0795508377917
-0.0887114336009
-0.103286769881
-0.115508802682
-0.0944961175378
-0.0848111320722
-0.0728424843721
-0.0794324871145
-0.0971205004593
-0.112614529871
-0.117654529279
-0.0984356190876
-0.0827813737711
-0.0837379230513
-0.0834555075563
-0.0881622695784
-0.103609693016
-0.120047388593
-0.092063501959
-0.0830607019311
-0.0743178628765
-0.0763876924078
-0.0899390882898
-0.111901861015
-0.11462314133
-0.0921874670502
-0.0877962253935
-0.0792624542495
-0.0814281430116
-0.0869720577571
-0.102087196614
-0.11414993057
-0.0904220127119
-0.0748504607721
-0.0760698540421
-0.0853211764698
-0.0849365556764
-0.103847116664
-0.104115497482
-0.0922612561509
-0.0792088042807
-0.0805195080569
-0.0723608491652
-0.0855512123362
-0.0935382415216
-0.111467710688
-0.0957820608521
-0.0762346602667
-0.0717331247321
-0.0825591272853
-0.0910227140403
-0.0997844334383
-0.111593162176
-0.0942245210962
-0.0796724874111
-0.0669155880678
-0.0780683899616
-0.093379879286
-0.103120298164
-0.120983793132
-0.0912037056638
-0.0834233296939
-0.0777376160573
-0.0794641413455
-0.0919488104261
-0.0907582189776
-0.104427513201
-0.0909164794998
-0.0799779747889
-0.0772720261547
-0.0731921194551
-0.0989160280534
-0.0964040266969
-0.120334924131
-0.105839884575
-0.0786545963987
-0.0792806010351
-0.0772562393886
-0.0950273613566
-0.114506530279
-0.112899062718
-0.0947399678795
-0.0776414795399
-0.0738040600981
-0.0747533456182
-0.0867870802325
-0.0968368948424
-0.0978277401493
-0.0872986218637
-0.0708006584551
-0.0766878876274
-0.079792723276
-0.0883109113753
-0.109888267594
-0.105673945492
-0.0854360553608
-0.0798583512129
-0.075433824613
-0.0772668247945
-0.0813627504477
-0.0999448282627
-0.103297059701
-0.105636407886
-0.0785506959135
-0.0775895369657
-0.085358970297
-0.100030492212
-0.122558464249
-0.111680575496
-0.0893676072645
-0.0775851196784
-0.0815648822263
-0.088263195506
-0.107630055211
-0.107514137886
-0.117864674285
-0.0825618957821
-0.0852560936195
-0.0772486276079
-0.086423199602
-0.0944700187937
-0.124803659554
-0.115447613323
-0.0932839544442
-0.0820884699091
-0.0765194536793
-0.0813755388474
-0.104332736342
-0.109448550072
-0.115072910994
-0.0913939064406
-0.0817119000015
-0.0815087372861
-0.0828338377153
-0.0965136218865
-0.111313069155
-0.116030562675
-0.0924075709464
-0.0807754140037
-0.0780941338494
-0.0903330932596
-0.104741979761
-0.117165790146
-0.119026130906
-0.101405779073
-0.0927120214317
-0.0935207501703
-0.0893312802737
-0.0983477976295
-0.12532117817
-0.0956755004823
-0.0885330599193
-0.102469307551
-0.0899822070893
-0.0950719709559
-0.132916307763
-0.13896355955
-0.144938850663
-0.125308767413
-0.107826856299
-0.100274815213
-0.0948038604351
-0.121822979857
-0.149722795789
-0.13833610582
-0.120828107953
-0.0951741838453
-0.0973532693521
-0.100631510481
-0.107228232743
-0.127511781399
-0.151274153096
-0.119420207498
-0.114011173039
-0.0956374793097
-0.11577376142
-0.111327150831
-0.12121620999
-0.149937517115
-0.121631871958
-0.108129952925
-0.10545098073
-0.113412672352
-0.10805903599
-0.130057554251
-0.162873633462
-0.120060172512
-0.100676797595
-0.0983584603127
-0.0943407648712
-0.119603057363
-0.13135546959
-0.143871935648
-0.132117385688
-0.107561044003
-0.113524804896
-0.107694001399
-0.127006087811
-0.135847783343
-0.129113248442
-0.124027441164
-0.100519450361
-0.0995809787898
-0.1264390953
-0.125233974695
-0.133413871395
-0.124432401234
-0.114527843485
-0.103068968347
-0.0998902839053
-0.0938770965254
-0.115739302639
-0.149937517115
-0.121753819037
-0.111140158684
-0.120288401666
-0.0900102192128
-0.100800885078
-0.10858949495
-0.135749306473
-0.132163257152
-0.116748475488
-0.0949843120439
-0.096384161551
-0.0930845601115
-0.0965252367464
-0.123461567369
-0.129227098649
-0.0990588390672
-0.089463276822
-0.0764659359898
-0.0823431419827
-0.0977678874133
-0.104752861798
-0.123140366139
-0.107857822297
-0.0785368131252
-0.0788234674819
-0.0672641858929
-0.0785531980982
-0.0946331696206
-0.0943841528786
-0.082881788983
-0.0667189047098
0.00289363791494
0.0499136421645
0.109382541178
0.0205660295021
0.0529999341298
0.0563740526263
0.239594771408
0.479049429646
0.558001316424
0.716187666681
0.76740415486
0.401717051148
1.9467991867
12.6442973724
2.8419032488
1.53964890482
1.35631465771
0.589755317683
0.398592996247
0.556074234628
0.677663737498
0.720087759698
0.531594679914
0.417758889562
0.31878001765
0.262196612774
0.286807322491
0.354674692421
0.334297083047
0.285565588804
0.172809951751
0.146642652044
0.0646610421901
0.152454332207
0.260958304126
0.240753009645
0.209759909264
0.174287622502
0.0937954305445
0.0837359378022
0.13778139303
0.223039177158
0.188432581493
0.163207595196
0.110221238722
0.0977515135028
0.0797077176769
0.137127328759
0.169975833166
0.170189131513
0.134718155209
0.125624178173
0.0915467350638
0.0605567230463
0.107198999433
0.125902714179
0.126643968429
0.113165975818
0.0810145561072
0.049640089428
0.0604957165926
0.0618415032803
0.0967885340585
0.0779612670168
0.0559622060258
0.0397321545303
0.00903820670618
0.03841752739
0.0579475508271
0.126862804218
0.135174166383
0.112091940701
0.11289846941
0.0518142522976
0.0659252936983
0.113233245143
0.154883340092
0.11626999876
0.142991398666
0.0787256011407
0.0563740526263
0.0229284686844
0.0746776587444
0.106493983459
0.0466999995
0.0500290398505
-0.0268302927724
-0.029677766618
-0.0800107794821
-0.0114916913658
-0.0319893347569
-0.00517762432163
-0.0747715203355
-0.0490023743678
-0.0612939576312
-0.0489118300015
-0.0379640796908
-0.0179339929221
0.00277060930748
-0.0239587163028
0.0202268910747
-0.0523764143555
-0.0261400459384
-0.00948529083159
0.0543518867619
0.0530315434506
0.0558478789525
0.0336356548218
0.00652048024033
-0.0146246811538
0.0174019260279
0.0558602235654
0.0702972623273
0.0534420335894
0.0466413156705
0.0157349066953
-0.000878218736219
0.0451860180916
0.0526425132403
0.0499219001964
0.0455233076403
0.045628368868
0.0334784136566
0.00436052428703
0.0397620849704
0.0677765458421
0.0616807400746
0.0582538104187
0.00209613018387
0.0074033247687
0.00554113943953
0.0166724103533
0.0764999351109
0.0721334981545
0.0568846257116
0.0329789298999
0.0309984602294
0.00119927905755
0.0234003659152
0.0635574259433
0.055578547986
0.0550309965291
0.0233928484376
0.016531846859
-0.0098063467133
0.0263244417459
0.053082882956
0.0666721336186
0.0588987407706
0.0345253893973
0.0350514735936
0.0197247330373
0.0344344416026
0.0532500761287
0.0731464275968
0.0616341973507
0.0266611382268
0.0356648464178
0.000151909823123
0.0341857786798
0.0517900786437
0.076697200815
0.0737869337145
0.0472301258539
0.013004889875
0.00946811501244
0.0348076230603
0.0840763027916
0.0780834422727
0.0791714803094
0.0423569914777
0.0170127670155
0.000309132142798
0.026647401815
0.059793009768
0.0743227246307
0.0711630505629
0.0175514185047
0.00615263942909
-0.0090537185607
0.0239875221616
0.0655977495013
0.0578206382831
0.0599019502071
0.0375940651896
0.0209385729238
-0.0223393055504
0.0351057804776
0.0517093054992
0.0671952823191
0.0463224941491
0.022794281374
0.000396593163239
0.00328674823048
0.0141333411631
0.0651372162733
0.0549238253954
0.0534839872563
0.0428211188252
0.0171099995613
0.010631496892
0.0207589943664
0.053647352819
0.0578137553122
0.0526269134222
0.0331871818855
0.00230270836823
0.000660715503105
0.0386054247772
0.0400764036696
0.0672664710083
0.0627890115957
0.0340477221677
0.0230637342119
0.00928347254641
0.027578135119
0.0778576509159
0.068106932419
0.0531420547493
0.0274236286641
0.0205862440459
0.0021115894258
0.0244639383733
0.050773385589
0.043480277891
0.0440193975736
0.01497182929
0.0015467922395
0.00619462679784
0.0151629363181
0.0478688877443
0.0460988133423
0.0227676242565
0.00990517158502
-0.0022769800802
-0.0233655041004
0.00564496584095
0.0347624706305
0.0423935403532
0.0338520131509
-0.00850588055526
-0.00971935380582
-0.0313289529365
-0.00220186017042
0.00892253167226
0.0241852549313
0.00437052457119
-0.0119672021582
-0.00171710722442
-0.0221553882207
-0.0123130156713
0.0251898388106
0.033232455206
0.0278930034874
0.0118531280478
-0.0219802737259
-0.0186092059169
-0.000754448021586
0.0126559986244
0.0158427737978
0.0111049675238
-0.0115305777283
-0.0262401403391
-0.0289382064905
-0.0265498279612
0.00745886546016
-0.00250247785441
0.00200898163516
-0.00741242883878
-0.0210749304458
-0.0297772337884
-0.0186592130299
-0.00999085136121
-0.01674000913
-0.0226391615068
-0.0170957968751
-0.055138745732
-0.0503724123559
-0.0230859153745
-0.0207174864903
-0.0132431043912
-0.0154125023999
-0.0648689469353
-0.0417795648376
-0.0741969405078
-0.033325603933
-0.0320184695148
-0.0168002172228
-0.0247592327228
-0.0395220838698
-0.0521771844264
-0.0652924026871
-0.0494479192878
-0.0232532353263
-0.0137119356938
-0.0399171778397
-0.039548907864
-0.0459189742447
-0.0868572939017
-0.0555746932569
-0.027844347102
-0.0106802910398
-0.00741184489736
-0.0162855925741
-0.0454150822974
-0.0415976464041
-0.0253763288475
0.00594458197861
0.0175700827495
0.00510263655742
-0.0142607790429
-0.0435698676561
-0.0351715644639
-0.0199018325216
0.00220703411497
0.014060239022
0.00901116925836
-0.0105078321956
-0.0314927110135
-0.0353849070987
-0.0260901554441
0.00842692700996
0.0234365796458
0.00132720139986
-0.0291356294932
-0.0225415672917
-0.0155139407739
-0.0239518605843
0.013372191305
0.0
-0.00019143775282
0.00107679757276
-0.0393366428843
-0.0320839812072
-0.0112171239198
0.0153880066687
0.0174124363688
0.0078858921037
-0.00732465759718
-0.0147294067114
-0.0331103751672
-0.0224470597771
0.00426777000473
0.0150709521273
0.0172479519572
0.00988057603894
-0.0145228865133
-0.0358149563314
-0.00883592335095
0.0235987489691
0.0129854946636
0.0291281029808
-0.00148346175768
-0.00946020238102
-0.00613572543121
0.00509364783201
0.0429969997774
0.0493785979432
0.0599800400171
0.0388720704398
-0.00163197676879
-0.00378778996155
0.0235987489691
0.0347118522871
0.0509608706819
0.0360850146225
0.0316214650606
0.0157567424442
