-0.19691364417
-0.288598791865
-0.341901265676
-0.200714608557
-0.121549181342
-0.147165425475
-0.108105337559
-0.16178024035
0.247713475518
0.0232978368757
-0.0320210322028
0.0284863598688
-0.0966910637444
-0.0269665499279
-0.100722384598
-0.332044018095
-0.200678104016
-0.156175476595
-0.160151716633
-0.1630459417
-0.18253841161
-0.268614877313
-0.316255604556
-0.231061262547
-0.216319892871
-0.185905280982
-0.203957290796
-0.233341652978
-0.213355266864
-0.255379139662
-0.268776883152
-0.227596565772
-0.140925216505
-0.151513648495
-0.138549103702
-0.16641249296
-0.330124750031
-0.287815310134
-0.320000067036
-0.254625004937
-0.0399614778635
-0.16838471111
-0.199819024543
-0.186168495479
-0.165404131364
-0.225895758173
-0.268158504664
-0.336481299769
-0.387350793599
-0.365432456133
-0.423454656925
-0.354333800996
-0.362104582432
-0.345712578372
-0.39521039203
-0.380341466714
-0.453672878645
-0.516486666051
-0.388114544907
-0.364760400976
-0.274377489348
-0.193298301369
-0.266378752963
-0.265640259255
-0.258851795491
-0.360454453338
-0.237268435568
-0.195809004946
-0.235369162769
-0.196768827428
-0.223459445027
-0.213183346569
-0.203262444952
-0.292101766653
-0.188294238563
-0.111331359038
-0.0576863180739
-0.147216413126
-0.161494227618
-0.0398013653802
-0.15118341922
0.045043757071
-0.0818647937326
-0.110357282481
-0.217835308059
-0.165293738787
-0.256308125564
-0.179012961606
-0.201569995837
-0.103840091133
0.00855440847134
-0.14507018838
-0.199634600247
-0.243426496686
-0.15519371303
-0.111890452658
-0.132483323288
-0.157553021224
-0.210744570753
-0.238652347692
-0.262362307601
-0.217156643736
-0.159555437519
-0.162893732345
-0.16736246655
-0.181596512817
-0.296064958361
-0.210734949182
-0.120614168809
-0.0928916155776
-0.0449114253695
0.0181694458757
-0.24990035255
-0.125371299075
-0.235613696808
-0.160302812419
-0.062355414763
-0.0990920077252
-0.123958990403
-0.217468623861
-0.2656068194
-0.302649813254
-0.17244385267
-0.104571039568
-0.095848303707
-0.128357714695
-0.159809560993
-0.211068516756
-0.212983213736
-0.20701432255
-0.0643230227547
0.0591427873568
0.255697348373
0.080895809889
-0.204167676503
-0.0291375078097
-0.132260716485
-0.0689012666054
-0.159516578238
-0.0816333548722
-0.202396087462
-0.250642212824
-0.169971155794
-0.144741698495
-0.191997022678
-0.0834783590792
-0.0827052975118
-0.0988484009897
-0.245826274163
-0.286676562659
-0.16775897772
-0.193594721907
-0.116361553027
-0.154525388068
-0.161673322316
-0.200941595871
-0.235136451914
-0.220941330209
-0.0875817300271
-0.0893313796655
-0.0520177543214
-0.156210522878
-0.15430747504
-0.22226369769
-0.0883552783793
-0.179600706252
-0.087597938873
-0.0866115137184
-0.14201173134
-0.280714239713
-0.183642954118
-0.118010526365
-0.182665193798
-0.0216011730467
-0.111463611725
-0.241535191942
-0.318700110766
-0.290994546279
-0.238941413071
-0.194189656187
-0.0449421003718
-0.208451147935
-0.219905651091
-0.312354473164
-0.330400511147
-0.16809255111
-0.18162525342
-0.119609744218
-0.073694354316
-0.27489448285
-0.193784880282
-0.183836280408
-0.00859415784922
0.0356496739456
-0.089957416238
-0.113584859335
-0.206755650999
-0.245061090954
-0.249384947579
-0.141375249104
-0.149340747671
-0.0835336502612
-0.159361589763
-0.272927025988
-0.315532210513
-0.323912708782
-0.219836494146
-0.164460190604
-0.0658085488974
-0.23003386231
-0.22948697962
-0.237205804629
-0.35283159496
-0.244195429485
-0.11609125904
-0.139969406132
-0.242218701607
-0.236014007499
-0.212280425709
-0.208477253743
-0.228465581202
-0.201110978271
-0.113959142986
-0.263485365282
-0.252769279922
-0.257912220528
-0.212644417702
-0.15744959593
-0.166226995461
-0.186769167566
-0.164010908543
-0.176052113559
-0.284228467311
-0.334035656962
-0.306353561413
-0.188916159965
-0.247528096201
-0.229806808452
-0.275719955768
-0.363106387855
-0.375394697985
-0.235171391429
-0.282856588373
-0.2646909711
-0.237998048145
-0.30478875054
-0.264139643504
-0.366148834229
-0.322761815705
-0.266308642503
-0.275193427411
-0.35546327196
-0.37777796526
-0.396077808314
-0.334065971866
-0.214876746936
-0.278107484091
-0.233558433817
-0.27309188167
-0.214769736217
-0.342950573025
-0.328278580258
-0.25596116879
-0.223497514525
-0.188365736773
-0.215633490316
-0.256628392899
-0.346800232102
-0.213821199845
-0.263436660562
-0.225900087915
-0.269485277236
-0.235235961069
-0.196140839119
-0.395226523287
-0.379243218979
-0.297920908586
-0.33348902489
-0.2077365465
-0.205433499134
-0.356278099227
-0.357097392753
-0.35315338735
-0.301546017152
-0.287371116694
-0.214364488813
-0.230197136945
-0.271642071792
-0.360005856871
-0.405847434357
-0.223794443619
-0.0202752642678
-0.0263120498372
-0.208396569146
-0.27764255229
-0.309212581646
-0.346178636169
-0.193899510539
-0.149428355368
-0.128883107458
-0.241392413363
-0.293039831018
-0.310136256589
-0.355633860615
-0.261478465257
-0.197775635445
-0.0996328932404
-0.1708860029
-0.0572107977706
-0.203138300221
-0.229059425293
-0.223116620432
-0.0182945375503
-0.112569333516
-0.162031480327
-0.201029613284
-0.254527531714
-0.245750598348
-0.221378766305
-0.157977718287
-0.210073589874
-0.067633238446
-0.177284262203
-0.259480262486
-0.218952649779
-0.248618957036
0.0513980589799
-0.114717064468
-0.118085496597
-0.0600886577778
-0.110746647066
-0.100939042126
-0.0983366840268
-0.0262524572282
-0.0449776484603
0.0741618763165
0.00196883283456
-0.0837607337053
-0.0953224067062
0.105216212749
0.502368207938
0.244753128562
0.129276077706
0.150487519899
-0.118234977814
-0.201391562913
-0.0763505813636
-0.0354073623544
-0.137739682662
-0.0843575250655
-0.106483993537
-0.240400047876
-0.19728367917
0.0483588425749
0.053976493694
-0.00933642600079
-0.0764851920778
-0.0675121217404
-0.175186143372
-0.113786899398
-0.111291968173
-0.0804746409696
0.00517969827892
0.0821550800692
-0.120337373171
-0.241372466337
-0.237356074241
-0.0737374711637
0.013942124265
0.127987475927
0.064995576107
-0.153267072344
-0.188978115234
-0.177411865562
-0.0509009657523
0.0151008518302
-0.045687203664
-0.0734179321154
-0.120269699915
-0.163970183587
-0.102009855072
-0.0690697922104
-0.0405056877902
-0.0382887329318
-0.118372484179
-0.130090185007
-0.251053639381
-0.151155782324
-0.150595395804
-0.0393895129409
-0.00894895636508
-0.100526659674
-0.212503926331
-0.22733666382
-0.147170996471
-0.164176296053
0.0380069355264
0.0236259682189
-0.0734697672637
-0.100567082212
-0.189491494363
-0.119531704425
-0.0422099910139
0.154758384418
0.152664343884
-0.0921042606828
-0.143334338879
-0.189447158637
-0.088281304948
-0.138143986425
-0.153148337966
-0.0922283197877
-0.233307003378
-0.130277674528
-0.0596479459528
-0.122404061393
-0.0845108606545
-0.189985722144
-0.312927074556
-0.324478683576
-0.305495420824
-0.387724726408
-0.286834874104
-0.306753999303
-0.0933669024314
-0.253958926437
-0.218937746238
-0.302637003986
-0.338072641656
-0.219993195606
-0.116042228395
-0.180990413301
-0.105078238719
-0.122013617421
-0.204778285336
-0.20058105795
-0.135574654969
-0.154001330329
-0.100217503408
-0.186987006404
0.0459651578481
-0.0256201364052
-0.186419912233
-0.117257374681
-0.160931735878
-0.0931180140022
-0.0447199588078
0.0429854493173
0.0341106287744
-0.175720647575
-0.193855627004
-0.130303779838
-0.108623963259
-0.0943846175598
-0.051196537198
-0.164771745761
-0.190774676534
-0.161219391484
-0.0850968407626
-0.0692707851298
-0.0225934804568
-0.0169209404791
-0.0622206125766
-0.170450310097
-0.191672197348
-0.115011233821
-0.00476053402932
0.0639305146677
-0.000651731704912
-0.0544730677708
-0.15645490257
-0.177902043042
-0.10696664162
-0.0379030153838
0.0657168618786
0.0678507154193
-0.0355652785997
-0.132998577208
-0.0216947145514
0.11950519867
0.0404264780018
-0.045876851664
0.0181697467196
-0.159509456381
-0.134076514609
-0.188947297393
-0.0603950818725
0.00415294828854
0.0304322088573
0.00903133024992
-0.1148628521
-0.105418264182
-0.170508329513
0.0168757894853
0.0121872523804
0.0107004051557
0.261916882573
0.328650937264
0.00232679563551
-0.0103776944852
-0.0265038447793
0.103577523751
0.0745172095096
0.0901073189711
0.125923011648
-0.157915083779
-0.105309789483
-0.00925000561747
0.184164254046
0.085402841083
0.00709292701426
-0.0683405847731
-0.12322616864
-0.136802287889
-0.0983528692217
0.0483458147053
-0.00374307774577
0.0522393358441
0.000458685545127
-0.139135633304
-0.139202736394
-0.048267861124
0.0567535246421
0.0553835301098
0.0148117978118
-0.119188116942
-0.0928467366665
-0.0561240476414
-0.0693986405381
-0.00468643261794
0.0422724341825
0.0686283944253
-0.106632850799
-0.142665953403
-0.167817314299
-0.0447382928396
0.0356249227094
0.00359174254217
0.0471088995466
-0.0405507683873
-0.140326668136
-0.0846739685193
-0.0312028553622
0.0230794015542
0.0799608381
0.0236049646806
-0.0514277507442
-0.135794252063
-0.156940515402
-0.146176907256
-0.102954457213
-0.128171416237
-0.0193788328011
0.0369954894448
-0.0696978753925
-0.203406242568
-0.0745446267257
-0.0802882291495
-0.126254244217
0.105521549838
-0.176712485882
-0.213678588506
-0.221379462746
-0.102945666425
-0.167323474934
-0.026906185242
0.00592842149123
-0.0888798517821
-0.154658710054
-0.163848786269
0.0737626573225
-0.0235816318909
-0.0335182052419
0.0400756779565
-0.0462892792028
-0.180725217195
-0.163780734238
-0.0465948989494
-0.000307534485288
-0.0467654169241
-0.100146469695
-0.0743976151637
-0.255984185285
-0.212439037397
-0.170639757876
-0.0918859623327
-0.11370814412
-0.0964942643844
-0.143279648069
-0.287733599686
-0.0538261691276
-0.0393163410771
-0.0997430006208
-0.134890476245
-0.0714323452551
-0.151623581517
-0.064854824631
0.09637414031
0.142389211514
0.190063379903
-0.00526732641811
-0.10979304716
-0.200091608637
-0.205965968555
-0.222800013631
-0.186748097856
-0.0800998170838
-0.117048281752
-0.159100033336
-0.163386548484
-0.326040919141
-0.232148743412
-0.22683259076
-0.0761629481339
-0.193864820198
-0.0349050169685
-0.280314452119
-0.338923502142
-0.309663627829
-0.220645084541
-0.184133191769
-0.131134704984
-0.00138618246005
-0.0911708759668
-0.273627599706
-0.264656918234
-0.141766573139
0.00830512856127
-0.123656165677
-0.200098677659
-0.142988696675
-0.252629464337
-0.280672346911
-0.148292475673
-0.147558827114
-0.0864599787877
-0.159529368367
-0.127532364769
-0.181181229703
-0.203760047091
-0.218928268015
-0.132993952206
-0.0620649953275
-0.176669721517
-0.237123635643
-0.226150950772
-0.278941414554
0.122933149492
-0.0029860084702
0.0280470635513
-0.146658082642
-0.179447921184
-0.325092979429
-0.262674899172
-0.141992993044
0.00198265760119
-0.147994885123
-0.10539501065
-0.175198351147
-0.230761071116
-0.234504118741
-0.124530188873
0.0222841377622
0.0263533209584
-0.127562373852
-0.123634670286
-0.114373765113
-0.13600605378
-0.170504268325
0.0144210766179
0.334252382534
0.258276376861
-0.049721257289
-0.195847179812
-0.235166131194
-0.13569026082
-0.0879668752918
-0.0607269432728
0.0383021018546
-0.07982909285
-0.165989940787
-0.221428741854
-0.182589941064
0.140997518387
0.0439279528036
0.0623786943573
-0.0231523889754
-0.180877755074
-0.209411917806
-0.0776588565655
0.0353964504217
0.0521941176759
0.0268689063338
0.145874664211
-0.10360630303
-0.0517389050868
-0.0409760011032
0.143016349543
0.0972939980358
0.244842160607
0.0900861041347
-0.0759666832219
0.0798387718781
0.161356770137
0.895646227392
0.434488874575
0.228844242318
0.0531109366283
-0.0688717779265
-0.077714691606
-0.0902509002543
0.0234484655263
0.0900330248411
0.103064411125
0.0287074240378
-0.0868862761267
-0.108635840816
-0.0331822026482
0.0819360797596
0.00869143637407
0.0149311258622
-0.0522150458459
-0.16606746254
-0.151883868016
-0.0775543686778
-0.0475117340041
0.0540440201
0.0544849489027
-0.043092573899
-0.16194245998
-0.155686046367
-0.132328835153
0.0752289597087
0.0325146605479
0.0236546059726
-0.0508875588963
-0.204218408865
-0.107996756814
-0.0156957445776
0.0640339436711
0.118844671574
0.0392422698396
0.0142864977639
-0.12676468317
-0.0624233495433
0.0473865906107
0.00478338452816
0.0763109096066
0.0663485266266
0.0183130302133
-0.162155936371
-0.142832481183
-0.0233011286194
0.101256814305
0.00985827973359
-0.0135897652002
-0.117341078335
-0.0971919720959
-0.085270963379
-0.0161820527989
0.0881497724884
0.0880790400535
0.0235094210329
-0.00718854079277
-0.0387400372349
-0.0268472718392
0.0886795456693
0.122611261792
0.0438012348682
0.0253264264828
-0.102600053268
-0.0955856155679
-0.117534069338
-0.0332510822051
-0.0893545347095
-0.145067865667
-0.164623409879
-0.275644497052
-0.316919378751
-0.404842934019
-0.227139985635
-0.194799178245
-0.128642736433
-0.107472801509
-0.165823184213
-0.229585262413
-0.274398001253
-0.239004174139
-0.144389548435
-0.21671705435
-0.0977806800549
-0.115692888482
-0.181814457892
-0.226497767289
0.104751433715
-0.0147231450147
0.073142261425
-0.0175989765394
-0.0824597704294
-0.168143800411
-0.0754518691811
-0.0387400545717
0.00842137766604
0.0425020508608
0.0806877767166
-0.0505045426225
-0.0412877790456
-0.0689454298319
-0.00766779118964
0.089754689351
0.00878000642456
0.160866097165
0.00684509290629
-0.0766247562238
-0.0394084485068
0.0091461718564
0.196310947649
0.0923911706681
0.0887037292645
-0.0181606290271
-0.142367229013
-0.150427493273
0.15209266243
0.1022273939
0.195128504812
0.167455163485
0.0037348186751
-0.000600452663006
-0.0571199153311
0.00467507810517
0.130909337469
0.254070703593
0.140797068585
0.170673113323
-0.0491532648097
-0.116504590008
0.165946901275
0.308897458245
0.31653375546
0.381462891473
0.0962432189913
0.0888738223429
0.255790103345
0.301381266269
0.233899085531
0.110540778691
0.039614545384
-0.0181236086313
0.0256374850957
-0.0317734034204
0.044516444552
0.165993302938
0.124215485094
0.185102931435
0.107741804541
0.00438141339903
-0.0507947209641
-0.0435021149371
0.0229424324378
0.125434309165
0.23219764737
0.273964351804
-0.0212111547178
-0.138815183291
0.125711300945
0.222542108107
0.0898372524941
0.0353749635049
0.0179629078546
-0.0295453093136
-0.0306945900479
0.133472455484
0.059157817229
0.0790423360835
0.136241930185
0.0748067102361
0.0180422696832
-0.0334179674299
-0.027699312742
-0.0361679321968
0.025800449602
0.049914774705
0.139848124295
-0.139682957984
-0.132477630519
-0.11764107802
0.000591406663934
0.0794274413114
0.0948587289794
-0.0170977728821
-0.142501920175
-0.0303105611552
0.0916348671408
0.0902677681567
0.0548961612468
0.0910723968034
0.0367387390542
-0.0269513934173
-0.148772558401
0.0386913540725
0.0981498362448
0.0812513643431
0.0968352226425
-0.0145017692759
-0.0563542959792
-0.00825323966401
0.106535021202
0.044717011132
0.140723678008
0.128411127917
0.0789277851818
-0.000992276419011
-0.0205666279437
-0.0564344233223
0.0491407770595
0.285801960154
0.0481620912377
-0.139491282788
-0.0928115566039
-0.0893436450891
0.0508006416066
0.286794350574
0.153093576545
0.0180284388443
0.165250619771
0.212631537768
-0.0426298620531
0.101524983734
0.13002915134
0.140091240772
0.141861893821
0.00321016340038
-0.16088424179
-0.130747426475
-0.0379988935539
0.203577010141
0.143120796034
0.0443079459105
-0.0404171614919
-0.0890350765994
-0.0823881487706
-0.077971032912
0.0873180705929
0.294343776364
0.100563058267
0.0391497173461
-0.0668323419584
-0.0383766766642
0.0620452132564
0.0931596209408
0.180160324264
0.0951717147079
-0.0575861889917
-0.065666411962
-0.133377205216
-0.0936052870081
-0.0264109637864
0.00779010415505
-0.0332682150552
-0.0109564354747
-0.0713836973913
-0.0525494556045
0.0678125473719
0.00368075169491
0.0557535017991
0.193105671042
-0.0900295388073
-0.148001441606
-0.158009940058
-0.162750693281
-0.023151748054
0.0102988835811
-0.032678365986
0.00736229034938
-0.201826838112
-0.165975351929
-0.0875480413635
-0.0553696444439
-0.0896518852266
-0.052291747824
-0.0533780236488
-0.111112962337
-0.219762793633
-0.103851124383
-0.0611660539845
-0.00546110304313
0.0548119508134
-0.12307912163
-0.227908361156
-0.177351243765
-0.116669814113
0.00191818689058
-0.0365744522601
-0.0536139021922
-0.0488464798678
-0.146436820022
-0.131458370096
-0.0763193754537
-0.0242627892489
0.00606380670439
0.179484891589
0.0370440769714
-0.0698657984724
-0.156642498751
-0.0792208126238
0.100985552408
0.0150385448956
0.0454761961929
-0.0951005854236
-0.14445052038
0.0305505413442
-0.0358564544304
0.0308698715724
0.0149681661842
0.119477913326
-0.0754640043301
-0.193849868457
-0.144103347014
-0.054185572101
0.00458780799089
-0.0576717267089
0.0392681542978
-0.0131903091184
-0.0604240454479
0.0444294878367
-0.0716603294196
-0.0050411365544
0.00518116611253
-0.0114372753875
0.128070326571
-0.104406055568
-0.090476485766
-0.0389208686599
0.0245828038342
0.0377886964078
-0.00132487845747
-0.0712368277342
-0.0992177044686
-0.10182472291
-0.0652086439401
0.11352814186
-0.029531775784
0.215740395961
0.0481591658374
-0.0942831158025
-0.16586051679
-0.0385404604692
0.219103201682
0.356906275995
0.671303180813
0.713239771254
0.685928167891
0.261892773085
0.352053775905
0.767208258601
1.11315491685
1.59863835051
1.66595463773
1.1330350997
0.983983562049
1.17544753174
1.67008312527
1.49743564612
1.42225365579
1.42222362273
1.62022448953
2.3485603302
4.45867211196
12.9581417923
5.02852687511
2.84668488379
1.6311152509
0.988934720627
0.597022896421
0.686917010658
0.809454075801
0.637569992929
0.552135881027
0.36404876434
0.260221904483
0.236096957766
0.256859667862
0.335223822557
0.34762603388
0.315848988677
0.158015291537
0.0209164778745
0.067100428341
0.130009559445
0.264594053114
0.317670711001
0.287059627396
0.175547669052
0.113719246407
0.0596826804953
0.198790717779
0.23874030381
0.23147531256
0.250397626467
0.152598453361
0.16329967567
0.0325157924569
0.141775657215
0.516021518452
0.403534791821
0.144482571997
0.213937941934
0.183776902316
0.185983741906
0.230957803668
0.275347111111
0.23491212859
0.354558691866
0.139023730111
0.121865095557
0.224154122322
0.196969127267
0.233076969777
0.2234244075
0.16563301739
0.0698383755816
0.0612141975637
0.188160208541
0.141207477708
0.377233649434
0.206395439515
0.25184259084
0.14400424302
0.109131448411
0.106215707824
0.223401182183
0.316360474364
0.282332533838
0.273256155902
0.16214659232
0.0526302451244
0.0708212988021
0.309326896437
0.210104141153
0.0583549736691
0.107226803126
0.0757430965579
-0.092158959886
-0.155417756622
-0.0464744160034
-0.144692805789
-0.0300944505085
-0.0997989727901
-0.0350223573842
-0.131785187478
-0.0976694603964
-0.138718895522
-0.112924077005
-0.110449973851
-0.154424967736
0.0060953337885
-0.137787908086
-0.054838909608
-0.00355681906131
0.256507921324
0.311352954412
0.133662704832
0.0218161268707
-0.0361818586888
0.0392475576826
0.0249053400123
0.0813476839135
0.157531935663
0.186747417784
0.109946239588
-0.00203734125593
-0.0806776327188
0.162739477363
0.124298286213
0.180527165379
0.146514585131
0.0828065852374
0.0223121621242
0.00787725578277
0.069940525784
0.271178211832
0.182196259455
0.370010382807
0.0958431420866
-0.0865588633992
0.0135939353223
0.0848337064978
0.0827717671356
0.164461016405
0.150634689948
0.106114813789
0.0473928832359
0.00576693160072
0.328899895025
0.283064543707
0.335799959882
0.382448250357
0.140531930111
0.049443157452
-0.0501700822664
0.127063281511
0.183053725091
0.158833400029
0.202748957613
0.121226876074
0.181039055365
0.0998967360073
0.137571806364
0.433132579785
0.25455044268
0.45931858566
0.310703534323
0.1432996021
0.0955864632105
0.196856852488
0.306282370854
0.313922551016
0.322360313267
0.173700179295
0.135029924132
0.0189814144684
0.113617872012
0.202663945764
0.129373388559
0.274207641037
0.275939469122
0.0728588510815
0.101272800013
0.103700109952
0.191254721846
0.256686300889
0.21425516661
0.0734437304834
-0.0335841872957
-0.0613043407086
0.200671900111
0.284828484299
0.181681056642
0.19847124627
0.143104564987
-0.036812443925
-0.0114272618654
0.129665911326
0.252800374529
0.563339712006
0.324473740734
0.175041698054
-0.0206469962233
0.0219949147825
0.105769410497
0.251961458329
0.268143237155
0.211934150212
0.182975083151
-0.0119805558151
0.0300905493393
0.102673948299
0.200915692147
0.171459079897
0.202831819181
0.0899070498417
-0.011511028089
-0.0285810747182
0.13470305032
0.168588330442
0.190298751142
0.311722967659
0.280736534604
0.14844629487
0.0723247665162
0.230142816752
0.284601959834
0.250321937126
0.216292938574
0.177509521216
0.0793837759377
0.0833298000638
0.131759269437
0.163485607931
0.216677462554
0.250369954242
0.13937804552
0.0955703742104
-0.0152621406426
0.0126799952842
0.236319564337
0.201236735846
0.222538846199
0.0329316559141
-0.0355993168165
0.0773174071059
0.135685491509
0.123579040931
0.170207922966
0.247641773739
0.178436899857
0.101912564481
-0.0213060526034
0.10901999069
0.112159964206
0.102105118638
0.215321956725
0.0840036071998
0.181449241098
0.0187308935569
0.0187192822167
0.166382331595
0.246321988435
0.302063011304
0.277931138552
0.104968312535
0.0546761968939
0.0284120142781
0.1148777164
0.198609406207
0.170541329582
0.0780954159337
-0.076141197505
-0.0659438497729
-0.00311576974628
0.0311500833793
-0.0444617724004
0.215107189068
0.188964357107
-0.0159879115593
-0.0204817277358
0.10552651289
0.0606377391852
0.035056352068
0.0585077349096
0.0114433771723
-0.150336397163
-0.102048405938
0.0900318420701
0.141104254847
0.170896470228
0.0248883516889
-0.0562586641642
-0.0992334965085
-0.062068334923
-0.0897761620364
0.0753841465969
0.0883304310834
0.084570512976
-0.047652734462
-0.0396224434051
-0.126740663282
-0.0926236725606
-0.00365402275899
0.0713990934473
-0.00779853007578
0.0405637103861
0.0258573368759
-0.0383061318865
0.0959850539835
0.00251393846555
-0.0319274160726
-0.0185539297714
0.0607779189552
-0.0867084388059
-0.0324434598906
0.0247536073435
0.158126103427
0.14793298824
0.0254635056044
0.00708967279436
-0.154929893724
-0.104161355658
0.049070489818
0.0505950849264
0.102538039811
0.149148329754
0.0345997250296
0.2184762088
0.0568265543407
-0.000613986093545
0.240900536987
0.19982376383
0.184898130786
0.000854680089549
-0.0192765718244
0.0193422820375
0.0692303954972
0.0772872003841
0.164249210618
0.116152586707
0.127511771714
0.0848123076261
-0.0301445283956
0.00676976772708
0.0843534766668
0.0985926580669
0.149110413721
0.142782681931
0.234225043383
0.00243268426249
0.0891642417362
0.0497731079905
0.084709684128
0.137104695149
0.163973648798
0.175742435218
-0.031397544292
0.0811727424784
0.153855257332
0.235511886342
0.306869549885
0.164640531612
0.0114981640138
0.223357062609
0.353481438799
0.317318054899
0.200618374586
0.287004586323
0.215666183717
0.0482928098374
-0.0108673209005
0.150941799074
0.206663086577
0.289951805012
0.253594848372
0.313608607039
0.109891847922
