5.0
6.0
8.0
9.5
6.0
7.5
8.0
8.5
9.0
9.0
8.0
7.0
7.0
9.5
10.0
10.5
9.5
9.0
8.0
9.0
9.0
9.0
8.0
10.0
9.0
8.0
8.5
10.0
10.5
9.5
10.0
11.0
8.0
8.5
11.0
11.0
10.0
9.0
10.0
7.0
9.0
11.0
10.0
9.0
11.0
11.0
7.0
8.5
11.0
11.0
11.0
10.5
8.5
7.5
8.0
10.0
10.0
11.0
10.0
8.0
8.0
9.0
13.0
11.0
10.0
9.0
11.0
7.0
7.0
12.0
9.5
9.0
8.5
10.0
7.0
8.0
12.0
11.0
10.5
8.5
8.0
6.0
7.0
8.5
9.0
9.0
9.5
8.0
6.5
7.5
10.5
13.0
9.0
10.0
9.0
8.0
10.0
12.0
10.5
10.0
11.5
11.0
7.5
7.5
8.0
11.0
13.0
12.0
10.0
7.0
9.0
10.5
11.0
11.5
11.0
9.5
8.0
10.0
11.0
12.0
12.0
11.0
10.0
9.0
9.0
12.0
12.0
11.5
12.0
10.0
8.0
9.0
12.0
11.0
10.0
12.5
11.0
7.0
10.0
10.5
10.5
11.0
11.5
10.5
8.0
10.0
10.0
11.0
12.0
10.0
10.0
7.0
8.0
12.0
11.5
11.0
11.5
11.0
8.0
8.0
11.0
10.0
12.0
12.0
9.0
8.0
8.0
11.0
10.0
9.5
11.0
9.0
8.0
8.0
11.0
10.0
10.0
12.0
11.0
10.0
8.0
10.5
11.0
11.5
11.0
11.0
7.0
8.0
11.0
11.0
10.0
8.0
9.0
7.0
7.0
11.0
11.0
9.5
10.0
8.5
6.5
7.0
10.5
10.0
10.0
10.0
8.5
7.0
8.0
10.5
10.0
9.0
9.0
9.0
8.0
6.0
10.0
9.5
9.0
9.0
8.0
5.5
6.0
9.0
9.5
9.0
9.0
7.0
7.0
7.0
10.0
9.0
9.0
9.0
9.0
6.0
7.0
10.0
10.5
11.0
11.0
8.5
8.0
8.0
9.0
10.0
12.0
11.0
10.0
9.0
10.0
12.0
11.0
13.0
13.0
10.0
9.0
10.0
13.0
13.0
13.5
11.0
13.0
9.0
10.0
13.0
14.0
16.0
16.0
12.0
10.0
10.0
14.0
14.0
16.0
18.0
15.0
12.0
17.5
25.0
26.5
26.5
21.0
20.0
14.0
16.0
24.0
20.0
17.0
17.5
18.5
13.5
14.0
19.0
18.0
22.0
19.5
16.5
14.0
12.5
17.0
16.5
17.0
17.5
13.5
11.0
11.0
16.0
15.5
14.0
18.5
18.0
12.0
12.0
17.0
15.0
16.0
16.0
15.0
13.5
13.5
18.0
15.0
16.5
16.5
18.0
16.0
14.0
14.5
16.0
16.0
14.0
14.0
13.5
15.5
14.5
16.5
18.0
17.0
15.5
13.0
15.0
16.0
18.5
15.5
15.5
14.5
12.5
14.0
16.0
14.5
14.0
14.0
11.0
11.0
13.0
12.5
13.0
10.0
9.0
9.5
9.5
12.0
13.5
12.0
12.5
10.0
12.0
12.0
12.0
16.5
15.0
14.0
17.0
14.5
10.5
14.5
15.5
17.0
16.0
18.0
16.0
12.0
14.0
18.0
18.0
16.5
13.0
15.0
11.5
16.0
18.0
17.0
18.5
19.0
17.0
14.0
16.0
16.0
17.0
18.0
17.0
18.0
13.5
11.0
17.5
17.0
16.5
16.0
17.0
13.0
14.5
15.0
18.5
19.5
19.0
17.0
15.5
14.0
20.0
18.0
20.5
19.0
19.5
14.0
17.5
22.0
22.5
17.0
20.0
18.5
15.0
17.5
20.5
18.0
16.5
18.0
17.0
15.5
17.0
17.0
19.0
18.0
17.5
18.5
14.5
16.0
19.0
22.0
19.0
16.0
16.5
13.0
14.5
19.0
16.0
18.5
17.0
18.0
17.0
13.0
20.0
19.0
20.5
18.0
15.5
13.5
15.0
17.0
16.5
18.0
21.5
18.0
14.0
14.5
18.0
18.0
17.0
16.5
17.5
15.0
14.5
17.5
20.0
16.0
16.5
16.5
13.0
14.0
17.5
18.5
17.0
20.5
15.0
14.0
13.5
19.0
18.0
18.5
19.0
16.0
13.5
15.5
18.0
17.5
16.5
16.0
14.5
11.5
13.0
14.5
19.0
17.0
17.0
19.0
13.0
12.5
17.0
17.0
15.0
15.0
14.0
13.0
13.0
15.0
15.5
16.0
16.0
15.0
13.0
11.0
17.5
19.0
16.5
17.0
14.5
11.5
14.0
20.0
16.5
15.0
14.5
13.5
11.5
12.0
14.0
15.5
14.5
13.0
13.0
11.0
10.0
16.0
16.0
16.0
16.0
16.0
11.5
12.5
15.0
16.0
14.0
15.0
16.0
12.5
13.5
18.0
20.0
19.5
19.0
16.5
13.0
13.5
16.0
20.0
17.0
16.0
15.0
11.0
11.0
16.0
15.0
17.0
15.0
14.0
11.0
12.0
18.0
17.0
15.0
17.0
14.5
13.0
14.0
15.0
16.5
16.0
16.0
16.0
13.0
12.0
19.0
21.0
20.5
15.0
14.0
13.0
13.0
18.5
19.5
19.5
18.5
18.0
15.0
17.0
18.0
21.0
20.5
21.0
18.0
15.5
16.0
20.0
23.0
21.5
17.0
19.0
16.0
16.0
19.5
15.0
17.0
21.0
23.0
22.0
20.0
19.0
17.0
17.0
29.0
30.5
22.0
26.5
41.0
42.0
44.0
37.0
37.0
32.0
31.0
37.0
35.0
33.0
35.0
24.5
24.5
20.0
30.5
28.5
32.0
29.0
27.5
19.0
23.0
25.0
29.0
28.0
32.0
30.0
20.5
20.0
25.0
31.5
28.0
27.5
28.5
21.5
22.5
26.0
28.5
28.0
30.0
27.0
22.0
27.0
29.5
26.0
24.5
23.5
24.5
24.0
18.5
20.0
21.0
21.0
19.0
16.5
20.0
19.0
20.0
23.5
22.5
24.5
24.0
17.5
18.5
20.5
24.0
22.0
21.5
19.0
19.0
19.5
22.0
20.5
21.0
20.0
23.0
17.5
19.0
20.0
22.0
20.5
16.0
13.5
16.0
18.0
18.0
18.5
19.5
18.5
15.5
17.0
16.0
19.5
18.0
19.0
23.0
23.0
17.5
18.0
26.0
25.0
25.0
25.5
22.5
22.5
22.0
22.5
26.0
22.0
23.5
24.0
23.5
24.5
26.5
23.5
25.5
23.5
25.5
19.5
18.5
25.0
23.5
24.0
22.5
25.5
22.0
24.5
23.0
27.0
22.0
24.0
22.5
18.0
18.0
24.0
25.0
25.5
27.0
22.5
24.0
22.0
28.0
30.0
25.5
25.0
25.5
26.0
23.5
21.5
23.5
24.5
24.5
23.0
21.0
23.0
24.0
28.0
29.0
31.0
30.0
28.0
25.0
30.0
31.5
29.0
30.0
31.0
27.0
26.0
29.5
28.5
33.0
28.5
28.5
29.5
24.5
29.0
29.0
27.0
32.0
30.5
26.0
24.0
28.0
28.0
31.0
33.5
31.0
27.5
22.5
30.5
31.5
32.0
30.5
30.0
28.5
26.0
27.5
27.0
31.0
30.0
31.0
26.0
28.0
32.0
34.0
32.0
30.5
30.0
27.0
25.5
28.5
30.5
28.0
30.5
32.5
24.5
24.0
29.5
30.0
29.5
27.0
24.5
25.0
22.5
26.5
22.0
22.5
25.5
29.5
24.0
23.0
25.0
26.5
23.5
22.5
21.0
23.0
20.0
21.5
26.5
25.0
26.5
29.0
26.0
21.0
25.5
26.0
25.0
23.0
19.5
28.5
25.5
25.0
22.5
22.5
22.5
24.0
23.0
21.5
29.0
25.5
24.5
22.0
19.0
17.5
17.0
22.0
23.0
22.5
22.0
18.0
17.5
19.0
18.0
20.5
18.5
20.5
19.0
16.5
17.0
17.5
18.0
20.0
20.0
18.5
19.0
18.5
18.0
20.5
19.0
24.5
31.0
25.5
23.5
30.0
29.0
30.0
30.5
26.0
23.5
24.5
30.0
29.5
30.0
29.5
30.0
24.0
24.5
32.0
28.5
28.0
35.0
28.0
26.0
24.5
32.0
32.5
31.5
32.5
30.0
24.5
25.0
32.0
33.0
32.0
29.5
29.5
21.0
27.0
34.0
33.0
35.0
35.0
33.0
24.5
27.0
29.0
36.5
35.5
32.5
29.5
23.0
28.5
33.5
35.5
37.5
36.0
30.5
22.0
26.5
36.0
44.5
50.5
44.5
36.5
31.0
33.5
40.0
46.5
50.0
43.5
45.0
40.5
35.5
66.5
73.5
75.0
63.5
62.0
44.0
43.5
57.5
52.5
48.5
44.0
41.5
37.5
37.0
42.0
43.5
46.5
43.5
43.0
30.0
33.0
46.5
36.0
41.5
43.0
38.5
28.5
32.0
39.5
43.0
39.5
42.0
36.5
36.5
32.0
42.0
46.0
38.5
38.5
36.0
31.0
31.0
37.5
40.5
42.0
40.5
38.0
31.0
34.0
40.5
42.0
38.0
31.5
32.0
32.0
33.0
40.0
42.5
43.0
41.0
39.0
33.5
33.5
43.5
42.0
42.5
41.0
41.0
30.5
33.5
41.0
44.0
39.0
39.0
32.0
26.5
27.0
35.0
34.0
33.0
27.0
25.0
21.5
21.0
24.5
26.0
29.0
24.0
21.5
21.0
28.0
32.5
34.5
33.0
34.0
30.0
28.0
26.5
36.0
45.5
35.5
37.0
33.5
26.0
29.5
33.5
39.5
43.0
47.0
41.0
33.5
34.0
44.0
43.0
45.5
38.0
39.5
30.0
31.5
43.0
37.0
40.5
38.0
36.5
29.0
33.5
37.5
37.0
39.0
43.5
38.5
30.5
34.5
42.0
41.0
41.0
40.5
40.5
27.0
33.5
37.5
41.5
39.0
40.5
37.0
33.0
33.5
44.0
44.0
42.5
40.5
37.0
26.5
30.0
41.0
40.5
36.0
41.5
37.5
26.5
31.5
40.0
43.0
38.5
32.5
30.0
24.5
35.5
39.5
40.5
36.5
34.5
34.5
28.0
28.5
34.0
34.5
37.0
37.0
33.0
26.5
31.0
35.0
35.0
37.5
33.0
34.5
26.0
28.5
35.0
38.0
34.0
38.5
34.0
24.5
31.0
37.0
35.5
36.5
34.0
32.0
26.5
27.5
37.0
35.0
42.0
40.0
32.5
28.0
30.0
38.0
31.0
36.5
34.5
32.0
26.0
28.5
35.5
34.0
39.0
35.0
34.0
24.0
33.5
37.5
37.0
34.5
39.0
30.5
25.0
29.5
34.0
39.0
35.0
33.0
33.0
23.0
22.5
33.5
32.0
30.5
32.0
32.0
25.5
25.5
33.0
36.5
36.0
35.5
32.0
26.0
27.0
36.0
34.5
32.0
35.0
28.5
24.0
29.0
30.5
32.5
31.0
30.0
30.0
19.5
25.0
33.0
30.0
28.5
30.5
24.0
21.5
20.5
25.0
29.5
28.0
25.5
27.5
25.0
22.5
30.0
30.0
27.0
28.5
25.5
21.5
22.5
28.0
30.0
30.5
28.5
26.5
23.0
23.0
29.0
36.5
34.5
30.0
29.5
29.0
22.5
26.5
34.5
28.5
33.0
30.0
24.0
25.0
30.0
32.0
28.0
31.0
32.5
24.5
24.5
26.0
28.5
27.0
25.0
24.5
22.5
24.0
28.0
27.0
27.0
33.5
29.0
27.5
26.0
28.0
29.0
28.5
33.0
34.0
26.0
24.0
30.5
29.5
30.5
29.5
31.5
26.5
25.0
31.0
34.0
32.0
32.5
32.0
28.5
26.0
29.0
30.0
35.0
38.5
36.5
30.0
28.0
36.0
36.0
34.5
40.5
44.0
37.5
45.5
72.0
74.0
64.0
63.0
68.5
49.5
48.5
67.0
53.0
58.5
61.0
57.0
40.5
42.5
53.5
50.0
49.0
49.5
49.5
34.5
35.5
51.0
46.5
49.5
51.0
47.5
39.0
41.0
49.0
43.0
51.0
50.5
49.5
33.5
42.0
49.0
49.5
51.5
53.5
50.0
37.0
45.5
51.5
54.5
53.5
54.0
50.5
41.5
47.5
55.0
54.0
53.0
57.0
43.0
41.0
45.5
49.0
49.0
54.0
50.5
45.0
38.0
44.5
49.0
50.0
51.0
47.0
50.5
45.0
45.0
58.5
51.0
52.5
46.5
45.0
36.0
41.0
43.0
41.5
40.0
39.5
24.0
24.0
24.0
42.0
33.5
36.0
39.0
33.0
32.5
29.5
38.5
45.0
41.0
45.5
45.0
37.0
37.0
46.5
43.5
49.0
48.0
46.0
34.0
39.5
47.5
50.5
36.5
45.5
48.0
40.0
38.0
45.5
48.0
47.5
42.5
43.0
37.0
38.0
54.5
44.0
47.0
45.0
46.0
38.0
42.0
46.5
46.0
52.5
49.5
44.5
38.5
41.5
44.5
45.0
45.5
46.5
54.5
43.0
39.0
51.5
53.5
49.5
49.5
51.5
39.0
44.5
46.5
51.5
50.5
46.5
44.5
41.5
39.0
49.5
50.5
54.0
54.5
44.0
35.5
41.0
50.5
44.0
49.0
49.5
43.5
38.0
39.0
51.5
48.5
46.0
45.0
47.5
33.0
37.0
46.5
45.0
53.0
44.5
43.0
36.5
38.5
49.0
51.0
47.5
44.0
41.0
38.0
38.5
53.5
52.0
50.5
47.0
42.0
36.0
41.0
48.5
50.5
57.5
52.5
51.0
40.0
46.0
50.5
56.0
45.5
48.0
42.0
37.5
40.0
51.0
47.0
53.0
52.0
45.5
38.0
43.0
46.5
50.0
50.5
41.5
48.5
39.0
39.0
49.0
48.5
43.5
41.5
42.5
35.0
45.0
48.5
49.5
48.5
55.5
46.5
35.5
38.0
46.0
50.5
52.5
52.0
46.0
41.0
40.0
51.0
49.0
54.0
43.0
45.0
41.0
43.0
47.0
51.0
56.0
52.0
39.0
37.0
42.0
44.0
50.0
47.0
47.0
49.0
40.0
44.0
50.0
50.0
46.0
46.0
40.0
39.0
37.0
43.0
47.0
49.0
51.0
46.0
36.0
38.0
47.0
47.0
50.0
47.0
43.0
36.0
35.0
48.0
46.0
44.0
41.0
41.0
35.0
35.0
45.0
45.0
48.0
48.0
39.0
34.0
35.0
43.0
46.0
44.0
42.0
37.0
33.0
35.0
39.0
38.0
37.0
39.0
39.0
33.0
33.0
40.0
43.0
43.0
42.0
40.0
37.0
37.0
44.0
49.0
44.0
47.0
46.0
37.0
35.0
47.0
46.0
52.0
50.0
44.0
35.0
36.0
45.0
44.0
47.0
48.0
45.0
41.0
44.0
54.0
54.0
60.0
55.0
48.0
38.0
41.0
51.0
55.0
56.0
56.0
51.0
41.0
45.0
52.0
62.0
56.0
55.0
51.0
43.0
45.0
53.0
57.0
59.0
60.0
60.0
51.0
59.0
90.0
104.0
88.0
78.0
75.0
60.0
64.0
84.0
82.0
71.0
63.0
61.0
46.0
50.0
59.0
59.0
58.0
61.0
58.0
44.0
52.0
61.0
56.0
65.0
56.0
58.0
49.0
52.0
62.0
64.0
59.0
60.0
54.0
49.0
50.0
65.0
60.0
59.0
59.0
52.0
43.0
51.0
60.0
57.0
55.0
47.0
46.0
45.0
48.0
61.0
58.0
63.0
59.0
58.0
47.0
50.0
58.0
59.0
54.0
55.0
55.0
48.0
48.0
68.0
63.0
61.0
58.0
56.0
46.0
49.0
56.0
55.0
51.0
51.0
43.0
38.0
36.0
36.0
35.0
38.0
47.0
44.0
41.0
46.0
40.0
40.0
53.0
50.0
52.0
43.0
45.0
54.0
64.0
56.0
66.0
51.0
46.0
44.0
49.0
61.0
57.0
57.0
49.0
39.0
48.0
63.0
61.0
60.0
61.0
57.0
50.0
48.0
53.0
59.0
63.0
57.0
53.0
44.0
48.0
59.0
61.0
60.0
57.0
54.0
49.0
45.0
57.0
62.0
53.0
58.0
45.0
41.0
48.0
57.0
66.0
58.0
58.0
58.0
46.0
52.0
58.0
66.0
64.0
64.0
61.0
48.0
50.0
64.0
61.0
62.0
62.0
65.0
50.0
50.0
58.0
64.0
63.0
65.0
66.0
43.0
56.0
61.0
68.0
58.0
60.0
60.0
47.0
47.0
61.0
60.0
55.0
59.0
51.0
45.0
47.0
55.0
59.0
60.0
54.0
49.0
48.0
52.0
61.0
57.0
63.0
66.0
54.0
44.0
48.0
63.0
62.0
60.0
60.0
55.0
42.0
54.0
54.0
57.0
54.0
60.0
57.0
46.0
45.0
50.0
61.0
55.0
52.0
56.0
41.0
47.0
56.0
60.0
53.0
58.0
51.0
44.0
46.0
52.0
61.0
60.0
63.0
56.0
40.0
49.0
59.0
58.0
63.0
60.0
52.0
37.0
41.0
55.0
65.0
53.0
58.0
54.0
41.0
43.0
55.0
56.0
52.0
51.0
51.0
42.0
44.0
53.0
53.0
62.0
60.0
48.0
45.0
43.0
53.0
59.0
53.0
53.0
45.0
40.0
45.0
55.0
51.0
53.0
51.0
50.0
44.0
40.0
53.0
54.0
50.0
48.0
50.0
38.0
39.0
54.0
56.0
51.0
50.0
50.0
36.0
42.0
49.0
49.0
48.0
46.0
45.0
39.0
38.0
48.0
39.0
17.0
47.0
37.0
35.0
34.0
40.0
40.0
41.0
41.0
40.0
36.0
34.0
45.0
46.0
40.0
44.0
42.0
35.0
36.0
43.0
49.0
48.0
45.0
47.0
34.0
37.0
43.0
49.0
46.0
47.0
45.0
32.0
38.0
44.0
48.0
47.0
48.0
44.0
36.0
33.0
42.0
41.0
49.0
48.0
44.0
34.0
42.0
46.0
52.0
47.0
50.0
52.0
39.0
43.0
47.0
43.0
47.0
45.0
52.0
38.0
41.0
46.0
46.0
56.0
53.0
54.0
41.0
44.0
54.0
57.0
56.0
54.0
60.0
46.0
49.0
83.0
106.0
84.0
82.0
82.0
61.0
59.0
81.0
70.0
65.0
66.0
56.0
50.0
51.0
71.0
63.0
64.0
64.0
58.0
50.0
44.0
58.0
57.0
56.0
58.0
50.0
42.0
44.0
56.0
63.0
59.0
56.0
56.0
43.0
43.0
54.0
59.0
57.0
54.0
58.0
43.0
47.0
59.0
57.0
53.0
58.0
50.0
47.0
48.0
56.0
58.0
51.0
46.0
46.0
42.0
47.0
57.0
60.0
60.0
59.0
57.0
49.0
51.0
60.0
67.0
61.0
56.0
50.0
45.0
45.0
52.0
49.0
51.0
48.0
46.0
33.0
38.0
41.0
37.0
38.0
35.0
43.0
36.0
37.0
39.0
40.0
34.0
39.0
41.0
35.0
35.0
35.0
51.0
51.0
49.0
47.0
42.0
44.0
51.0
58.0
57.0
55.0
46.0
42.0
45.0
47.0
53.0
53.0
52.0
48.0
44.0
48.0
58.0
54.0
50.0
53.0
53.0
44.0
44.0
49.0
56.0
55.0
53.0
52.0
40.0
48.0
55.0
57.0
52.0
54.0
57.0
41.0
45.0
54.0
57.0
55.0
55.0
45.0
40.0
43.0
51.0
55.0
57.0
54.0
54.0
38.0
42.0
50.0
58.0
61.0
56.0
55.0
44.0
53.0
55.0
57.0
65.0
58.0
52.0
42.0
49.0
57.0
58.0
64.0
60.0
56.0
44.0
50.0
56.0
60.0
58.0
55.0
58.0
49.0
53.0
61.0
55.0
56.0
62.0
59.0
41.0
48.0
63.0
68.0
62.0
61.0
58.0
55.0
55.0
58.0
63.0
61.0
58.0
59.0
44.0
50.0
56.0
61.0
67.0
65.0
61.0
46.0
49.0
64.0
57.0
60.0
56.0
65.0
49.0
54.0
60.0
61.0
54.0
51.0
51.0
45.0
51.0
65.0
64.0
56.0
57.0
55.0
45.0
53.0
57.0
66.0
57.0
53.0
53.0
46.0
55.0
56.0
52.0
51.0
58.0
54.0
45.0
48.0
59.0
54.0
51.0
51.0
55.0
39.0
40.0
54.0
55.0
51.0
52.0
46.0
45.0
39.0
44.0
54.0
53.0
55.0
52.0
43.0
40.0
53.0
54.0
61.0
57.0
48.0
39.0
42.0
51.0
49.0
49.0
49.0
45.0
44.0
46.0
57.0
48.0
48.0
51.0
57.0
40.0
43.0
52.0
56.0
58.0
57.0
48.0
43.0
40.0
53.0
63.0
57.0
57.0
51.0
46.0
40.0
59.0
58.0
54.0
47.0
54.0
42.0
40.0
51.0
46.0
52.0
50.0
50.0
45.0
46.0
54.0
55.0
61.0
59.0
47.0
42.0
43.0
57.0
51.0
60.0
52.0
44.0
40.0
42.0
53.0
55.0
50.0
56.0
50.0
43.0
42.0
51.0
57.0
59.0
53.0
55.0
43.0
45.0
55.0
60.0
54.0
59.0
53.0
41.0
49.0
58.0
59.0
57.0
58.0
50.0
44.0
44.0
63.0
59.0
59.0
51.0
61.0
48.0
60.0
62.0
52.0
56.0
62.0
51.0
46.0
47.0
82.0
92.0
93.0
100.0
87.0
62.0
66.0
85.0
76.0
67.0
62.0
64.0
50.0
53.0
80.0
69.0
66.0
59.0
59.0
51.0
47.0
61.0
58.0
65.0
57.0
51.0
42.0
49.0
73.0
79.0
67.0
60.0
53.0
51.0
52.0
66.0
71.0
64.0
63.0
71.0
92.0
77.0
73.0
65.0
63.0
60.0
57.0
48.0
50.0
57.0
58.0
57.0
50.0
54.0
44.0
36.0
60.0
63.0
73.0
55.0
49.0
50.0
47.0
56.0
68.0
60.0
69.0
57.0
46.0
51.0
56.0
58.0
51.0
58.0
48.0
42.0
39.0
43.0
43.0
37.0
33.0
45.0
37.0
34.0
47.0
41.0
43.0
38.0
44.0
47.0
49.0
48.0
58.0
52.0
50.0
45.0
40.0
42.0
52.0
50.0
60.0
54.0
49.0
41.0
41.0
48.0
59.0
59.0
51.0
57.0
41.0
42.0
58.0
60.0
57.0
50.0
54.0
43.0
42.0
50.0
55.0
59.0
56.0
59.0
46.0
48.0
59.0
61.0
57.0
55.0
54.0
40.0
45.0
55.0
57.0
52.0
56.0
56.0
45.0
46.0
56.0
65.0
55.0
53.0
51.0
41.0
47.0
57.0
57.0
55.0
55.0
50.0
41.0
49.0
60.0
60.0
65.0
58.0
50.0
44.0
41.0
57.0
57.0
56.0
55.0
49.0
41.0
44.0
57.0
59.0
61.0
65.0
59.0
46.0
46.0
66.0
62.0
64.0
68.0
53.0
51.0
45.0
57.0
63.0
70.0
58.0
52.0
40.0
50.0
59.0
61.0
57.0
60.0
52.0
50.0
50.0
51.0
56.0
56.0
59.0
53.0
44.0
52.0
61.0
55.0
58.0
56.0
58.0
46.0
46.0
69.0
57.0
61.0
70.0
56.0
0.0
42.0
58.0
62.0
60.0
54.0
53.0
51.0
49.0
56.0
60.0
56.0
63.0
56.0
36.0
60.0
0.0
0.0
55.0
51.0
51.0
46.0
51.0
67.0
57.5
58.0
58.5
57.5
52.5
41.5
59.5
62.5
56.5
58.5
49.5
34.5
31.0
49.5
45.0
42.0
43.0
41.5
40.5
30.0
46.0
44.0
47.0
48.5
39.0
28.5
32.0
43.0
48.0
39.5
53.0
49.5
35.5
41.5
52.5
44.5
53.5
54.0
49.0
41.0
36.0
49.0
51.0
51.0
47.0
50.5
36.0
39.5
57.5
49.5
49.5
47.5
42.0
40.5
39.0
42.0
58.0
55.5
45.0
49.0
40.5
37.0
35.5
38.5
48.0
44.0
47.5
38.5
35.0
44.5
47.0
47.5
48.5
37.0
33.0
38.0
45.5
49.5
46.5
45.5
47.0
43.5
39.5
49.5
54.5
52.0
50.5
45.5
41.5
37.0
46.5
47.5
50.0
54.5
45.5
41.0
43.5
49.5
57.5
57.0
52.5
49.5
38.5
44.5
52.0
53.0
52.5
63.5
55.5
41.0
41.0
62.0
62.0
57.0
61.5
54.0
41.5
43.0
52.5
54.5
58.0
52.5
51.5
45.0
44.0
82.0
87.5
84.0
82.0
76.0
63.0
56.0
78.5
74.0
80.0
70.5
69.0
55.0
53.0
68.5
68.5
65.5
68.0
59.5
46.5
48.5
68.0
60.0
65.0
67.0
56.5
45.5
45.5
65.0
66.5
65.0
60.5
58.5
53.0
49.0
62.0
65.5
56.0
61.0
54.0
41.0
49.0
58.0
58.0
58.0
46.5
43.0
36.5
35.5
47.5
52.0
46.5
44.0
36.5
33.0
35.0
50.0
49.5
48.5
41.5
40.5
31.5
35.0
47.5
49.0
51.5
50.5
48.5
37.0
38.0
45.0
47.0
46.0
41.0
33.5
27.0
25.5
34.0
32.0
32.5
29.5
20.0
27.0
23.5
33.5
33.5
35.5
25.0
23.0
28.5
30.0
45.0
42.0
42.5
41.5
44.0
32.5
34.5
39.5
45.5
43.0
43.5
40.5
30.5
34.0
45.5
48.0
47.5
47.0
43.0
32.0
37.0
43.5
44.0
41.5
42.0
40.5
32.0
31.0
43.0
44.0
43.5
41.5
40.0
33.0
37.5
41.0
41.0
44.0
48.0
50.0
36.0
34.5
45.5
49.5
46.0
44.5
42.5
34.5
35.5
46.0
44.0
43.5
44.5
36.0
29.0
32.0
41.0
43.0
46.0
43.0
46.5
37.5
35.0
40.5
49.5
43.5
43.0
45.5
35.0
35.0
45.5
44.0
48.0
50.5
41.5
30.0
33.0
48.0
42.5
45.0
36.5
29.5
27.0
31.0
39.5
47.5
45.0
42.0
42.0
30.0
33.5
39.5
42.5
46.0
44.0
40.0
33.0
32.0
48.5
44.0
40.0
44.0
39.0
34.0
35.0
44.5
43.0
41.0
44.0
40.5
30.0
34.0
42.0
44.0
39.0
44.0
34.5
31.5
31.0
44.5
42.0
43.5
43.0
39.0
30.5
35.0
43.0
44.5
39.5
38.0
35.0
27.0
33.5
42.0
42.0
43.5
41.5
36.5
32.5
32.5
43.5
49.5
38.5
37.0
36.0
28.0
29.0
39.0
47.5
