-0.0993201470586
-0.153476676612
-0.122056315887
-0.161997249785
0.102246405421
-0.102483945647
-0.0947663072153
-0.147000706438
0.0470169296732
-0.0579870139226
-0.0869553040275
0.0305335550006
0.0992872615895
-0.0970990953257
-0.0907638610779
-0.264617946931
-0.213413014516
-0.260003004312
-0.185445323659
-0.0657132018863
-0.139264043259
-0.201451578713
-0.291015833382
-0.170193312639
-0.0554724898174
-0.0439712471381
-0.101450015062
-0.179891783017
-0.173722301706
-0.0969658403573
-0.163872044677
-0.0630333570465
-0.0342688819695
-0.141689134697
-0.0890446312372
-0.136242738455
0.186671817807
-0.23173358589
-0.244379859797
-0.162510802171
-0.278824580236
-0.221577235367
-0.332718679898
-0.34219538617
-0.322265014698
-0.411460768441
-0.317089044219
-0.402816484657
-0.341832461958
-0.279823125188
-0.248585663914
-0.278205465152
-0.321155945437
-0.267196627037
-0.40302265707
-0.27404172748
-0.341303807948
-0.35005260637
-0.339212758576
-0.360764262097
-0.191113378833
-0.197011653396
-0.257697150007
-0.245864552434
-0.294827769135
-0.306272964085
-0.27273210894
-0.267430163018
-0.224092496827
-0.182101601447
-0.224694262457
-0.275361455444
-0.365386050169
-0.310572360245
-0.183267573521
-0.115987693662
-0.093641504528
-0.0885224814837
-0.0476663605136
0.0288057840066
-0.109551883284
-0.0947376818679
-0.113670918512
-0.0115010384751
-0.213020719408
-0.249863633857
-0.250905245151
-0.258731533039
-0.0812943452337
-0.138566065568
-0.1345215888
-0.224704103534
-0.220569463183
-0.340636261021
-0.182461695432
-0.188607559524
-0.188051782186
-0.0963980185366
-0.188417802812
-0.26271125321
-0.273222766047
-0.299263358749
-0.182442945158
-0.0640243285487
-0.144618213851
-0.205010607946
-0.218982788273
-0.273223630664
-0.215401110656
-0.114863099217
-0.0898088236629
0.197733878235
-0.162379886521
-0.252956385826
-0.2378024502
-0.249233671341
-0.101013108141
-0.180875559276
-0.11743780943
-0.174521819141
-0.236531411919
-0.250019697165
-0.194788129933
-0.052249322149
-0.0942270249462
-0.175706572496
-0.157676872211
-0.229007454379
-0.274347589891
-0.234753115886
-0.138969430207
0.260973140927
0.389437121234
-0.0727003884898
-0.181398887446
0.124760353558
-0.125241418503
-0.0429566405555
-0.129764966739
-0.0531683170982
-0.206119632013
-0.194987496253
-0.18106768866
-0.0982603355338
-0.158608930667
-0.0611093274497
-0.141061393633
-0.177051868477
-0.168724845849
-0.263729042668
-0.251138406476
-0.121863632867
-0.124458283118
-0.138315709868
-0.175131413881
-0.149331440313
-0.229941647354
-0.0966178477912
-0.0633644690488
-0.116084220932
-0.113500816026
-0.158326588131
-0.147621945215
-0.176348921754
-0.0786017417428
-0.108904911266
-0.154477733306
-0.157619348691
-0.117579987113
-0.180279539284
-0.263091558097
-0.184484082749
-0.142647015249
-0.150469389428
0.00461510901281
-0.217213775248
-0.237460924781
-0.291589349393
-0.24227083581
-0.162837698296
-0.145272769764
-0.204854740888
-0.244321317063
-0.266814377178
-0.289682220524
-0.189455228485
-0.206947496783
-0.104255585123
-0.121816236413
-0.236915893254
-0.146699056634
-0.198568932497
-0.228694146323
-0.200155561805
-0.185415978634
-0.191544420009
-0.198166117904
-0.288717139039
-0.291272176263
-0.231664895521
-0.314483958291
-0.19074297869
-0.202454793349
-0.231573665617
-0.336106305463
-0.338596090169
-0.216149399109
-0.199055945553
-0.217251795923
-0.137048271687
-0.17757908919
-0.224068093398
-0.310313289041
-0.285329835442
-0.281426221691
-0.21450694462
-0.25683985519
-0.157304953634
-0.262182743932
-0.324523473375
-0.179010325196
-0.180399260881
-0.225372486575
-0.289284818701
-0.294061444288
-0.359635226127
-0.347631720588
-0.311556304611
-0.273702694406
-0.259733474107
-0.160970478149
-0.258699204073
-0.223894499065
-0.374639542134
-0.339542705293
-0.219938503223
-0.241989117346
-0.252711813562
-0.266001754923
-0.403090090991
-0.360161330308
-0.193330268897
-0.34338318034
-0.269133073764
-0.350233516944
-0.367518240367
-0.379507167563
-0.34666785131
-0.384388103265
-0.351167230745
-0.362276559539
-0.352740570507
-0.35926971874
-0.35096046329
-0.389636402599
-0.279376544386
-0.258506665914
-0.320456738991
-0.372984408842
-0.337542552336
-0.339120654021
-0.359285077736
-0.355187521292
-0.325878008076
-0.282614925453
-0.318629511777
-0.399124377902
-0.400574043648
-0.288405217592
-0.226763209872
-0.170501975311
-0.224561327192
-0.195704152197
-0.253697687298
-0.361048106312
-0.400392602463
-0.338061802261
-0.332974547185
-0.269159526235
-0.309678665142
-0.360369384441
-0.412350928054
-0.368463784626
-0.362687147758
-0.330362298848
-0.270997548826
-0.300065718867
-0.334462787434
-0.384975456275
-0.419743015717
-0.365131617069
0.469874572878
0.0776016389854
-0.233164439747
-0.250927703881
-0.304019338078
-0.370785037915
-0.334766885861
-0.324447978659
-0.197581820063
-0.233994981233
-0.274986693154
-0.257584180255
-0.328847420692
-0.352416607199
-0.203188087049
-0.235077815568
-0.203786823379
-0.115210939761
-0.237599985613
-0.260968895655
-0.28949905984
-0.198054094604
-0.211722122735
-0.231584938053
-0.265439920138
-0.276730657364
-0.300964408893
-0.26456378041
-0.17899263565
-0.175318615834
-0.043018060253
-0.139702363098
-0.231419177598
-0.285435460922
-0.326490697796
-0.198641609958
-0.192477084476
-0.152012193542
-0.147987204759
-0.239791668479
-0.269569388348
-0.154976484478
-0.158313883612
-0.114205131947
-0.0547197810994
-0.141105378591
-0.222318310491
-0.276342566478
-0.262131636
-0.0857727275745
0.0531759453507
-0.009049438021
-0.14856362452
-0.266741591182
-0.222982654659
-0.230925983623
-0.199499823037
-0.123663657368
-0.158858792914
-0.180374958367
-0.132108949196
-0.294389728507
-0.271424527633
-0.110253441504
-0.0853939258216
-0.148579308288
-0.07370597145
-0.166917829513
-0.282491989926
-0.117861932104
-0.146894937736
-0.11619504109
-0.0694379011644
-0.180630972921
-0.246088078968
-0.305656862021
-0.267860302437
-0.191740138916
-0.127244586416
-0.127754078935
-0.134186052357
-0.187701181525
-0.19791544855
-0.231630296707
-0.0906637073976
-0.124311383162
-0.172749348301
-0.193219252635
-0.218691325467
-0.221681951437
-0.228071992051
-0.121394615722
-0.0190643922545
-0.0656699900163
-0.141855606946
-0.192826631769
-0.24136584248
-0.224310262478
-0.140951024012
-0.144576090525
-0.13252167988
-0.176669015615
-0.181773544463
-0.223744689241
-0.159111456256
-0.136117149272
-0.0856586147049
-0.110686053402
-0.175687664017
-0.22845214119
-0.166374571107
-0.153633083746
-0.059916540898
-0.139017288402
-0.174845331055
-0.227003703902
-0.25469752549
-0.31933403884
-0.196764759212
-0.302219994367
0.209506679767
-0.261955878844
-0.341335714343
-0.200887189489
-0.254190461792
-0.225161197671
-0.209633251609
-0.386443617004
-0.329800073992
-0.296791756999
-0.226697662813
-0.346291197581
-0.340616197119
-0.252534750872
-0.241307869134
-0.290192298608
-0.331861629355
-0.26287612742
-0.0749704450794
-0.0876752568519
-0.0737117108844
-0.113925536667
-0.133570832924
-0.183509154856
-0.194444445283
-0.303578126961
-0.239739370292
-0.0954387334572
-0.156671137899
-0.174827959032
-0.172194542533
-0.214836839486
-0.293103926755
-0.24282503601
-0.160286615459
-0.143363831839
-0.131869076375
-0.160650008061
-0.22459141755
-0.275036874757
-0.253440391993
-0.139093517798
-0.0314646400732
-0.186997063181
-0.181644915843
-0.249109837468
-0.290450917233
-0.20876607296
-0.14410008913
-0.064597658659
-0.0466563964891
0.0609387182483
-0.241709263734
-0.278149994777
-0.230906237821
-0.138709413948
-0.146800073007
-0.140395170207
-0.168535358884
-0.232416140215
-0.256855317159
-0.2224675615
-0.13213013074
-0.106192628781
-0.0866693885364
-0.160307774203
-0.225472807587
-0.228288360002
-0.182416958789
-0.0499752383967
-0.140988867348
-0.147751069229
-0.159846077897
-0.124012902021
-0.161385713227
-0.162248531876
-0.0255961528155
-0.117865401391
-0.133960087889
-0.144217339
-0.196499282965
-0.237207427586
-0.112734526658
-0.0633240257119
-0.120493356863
-0.151016697349
-0.146715439311
-0.227642608128
-0.187548701616
-0.164681809278
-0.137861221602
-0.11333081923
-0.132274117322
-0.13922547515
-0.176167230425
-0.28140608605
-0.228143632732
-0.115745317462
-0.0931638293872
-0.100494893153
-0.164827918078
-0.211534818889
-0.244261884164
-0.184358274588
-0.122084120299
-0.146592480178
-0.124010322231
-0.165352570963
-0.210715964844
-0.240994039448
-0.22650813962
-0.170073786072
-0.12990751358
-0.123902642107
-0.190660269414
-0.245608465893
-0.278033954153
-0.260393900947
-0.0680912305022
-0.160918699386
-0.113020809868
-0.184312066554
-0.208888232221
-0.236129819037
-0.116028773887
-0.098111930736
-0.0764834978494
-0.0791085538651
-0.176721789333
-0.251884513874
-0.26608848409
-0.169184034877
-0.131363920338
-0.101636075865
-0.156552129427
-0.158251846801
-0.222930707765
-0.223035372832
-0.200570961951
-0.170370263521
-0.17448610359
-0.113741758015
-0.0970582406322
-0.223367585935
-0.319542489122
-0.214014511265
-0.15890493973
-0.13679882622
-0.134782073053
-0.196427108936
-0.23819154293
-0.282215520276
-0.189533429839
-0.204535924161
-0.150605977981
-0.165202745356
-0.178032479913
-0.225335478829
-0.22191175802
-0.260971363945
-0.110076111008
-0.158194465934
-0.123052232124
-0.131528245999
-0.151276623028
-0.147818046323
-0.126046611967
-0.0624980653118
-0.0938654837618
-0.144047090633
-0.158248511322
-0.231241312469
-0.214246747454
-0.1951295709
-0.131442677805
-0.223032390135
-0.141200605211
-0.123195054467
-0.204606840072
-0.24394782589
-0.133618801212
-0.107545404369
-0.147838067941
-0.100157517596
-0.12508451519
-0.223608922971
-0.227752301933
-0.144779541366
0.0722736251082
-0.139790001938
-0.2056184519
-0.144042650155
-0.152172639348
-0.224619679743
-0.254795750392
-0.188728553216
0.198932125068
0.0799391910679
-0.118925769339
-0.243575767272
-0.290851565717
-0.232144665842
-0.159505289333
-0.243926835404
-0.207904239222
-0.224392925533
-0.249807895831
-0.311511716161
-0.285804605807
-0.223355740451
-0.211605874707
-0.253531866084
-0.214141854147
-0.290266320654
-0.26677932344
-0.298846198522
-0.192700481758
-0.171879057659
-0.194635181276
-0.243027477847
-0.114695510263
-0.222642970726
-0.246529720205
-0.20452079032
-0.166473365476
-0.241366822805
-0.265624936812
-0.243448242177
-0.279772224763
-0.311418384322
-0.267012376226
-0.264899073077
-0.224832704072
-0.259992270022
-0.288043397196
-0.321997482537
-0.262623585326
-0.129367852438
-0.127884975563
-0.210349752922
-0.217047848971
-0.279324927654
-0.264327447182
-0.226398478601
-0.198146943695
-0.225925998763
-0.187359587401
-0.152289909465
-0.262110591836
-0.271651792472
-0.232320622381
-0.175796744614
-0.199846730256
-0.141119089913
-0.156985000703
-0.229965217076
-0.204308853181
-0.220139464997
-0.111110036015
0.200974816787
0.238373813695
-0.0356280617255
-0.215532512611
-0.235340342052
-0.117674038458
0.0869783002771
0.0190069432114
0.0953675834753
0.0720157747625
-0.134560070328
-0.182712551427
-0.136770834292
-0.0651905979797
-0.123986561141
-0.0639271066864
-0.0452823490064
-0.126989049634
-0.235415822971
-0.0784961763993
-0.0316111571608
0.0409336547028
0.00771241363596
0.0221351034931
-0.0462482815564
-0.0583744214812
-0.0622550620801
-0.00559404659726
0.0234799011126
0.281430096993
0.0102010590345
-0.0399142164601
0.0204080672182
0.322986930776
0.80878437437
0.287316992598
0.165878572827
0.0191908681443
-0.0239449113836
-0.119005983368
-0.0793552864058
0.0205234285166
0.00230875218635
0.0421811145583
0.116137804121
-0.0397395584529
-0.0476272092129
-0.0610090129824
0.0790430384277
0.0870870033426
0.0111716560794
-0.0174377680653
-0.0453253474868
-0.141967402802
-0.0998823501002
0.0358070531077
0.0218364156132
-0.0694361430554
-0.0849372699754
-0.106954422259
-0.13888410118
-0.112136128487
-0.0616098216992
0.00766142432709
-0.0427176870957
-0.0723033077168
-0.0900485241018
-0.079137256609
-0.109378373128
-0.0556677388145
-0.0322407340318
-0.0825152913986
-0.0488933171243
-0.0982889012766
-0.140522318259
-0.00536830954907
-0.0481852170203
-0.0220303578809
0.000821557875912
-0.0641086656078
-0.10591594208
-0.0859435237
-0.16771409586
-0.0831856980734
0.0593611968033
-0.0925465087956
-0.137948272187
-0.153071741684
-0.198463197086
-0.125703698027
0.0127395754963
0.0392828731957
-0.0304778602713
-0.0971741318719
-0.145495280744
-0.17090322341
-0.0711858049416
-0.0483520996096
-0.0775758825199
-0.100860824946
-0.147404646089
-0.201055380425
-0.220671132238
-0.210431430131
-0.179931176077
-0.168993384804
-0.200881710667
-0.261625364333
-0.295241767026
-0.290170236281
-0.124423754989
-0.117509740128
-0.206884281571
-0.278632351638
-0.248609995582
-0.206053259848
-0.253144544615
-0.19926008609
-0.190311816632
-0.224783497271
-0.25464116127
-0.264494030472
-0.244088896477
-0.312906306308
-0.201347576324
-0.148716307322
-0.117723177202
-0.108580336906
-0.163109531313
-0.23461902659
-0.248387590643
-0.247281417565
-0.0922452204323
-0.142311458242
-0.12731814055
-0.17284283286
-0.231635546869
-0.281378997704
-0.216432831635
-0.121615551526
-0.141470733817
-0.0258819880695
-0.11987143129
-0.20980965179
-0.291695422115
-0.109330827579
-0.147911331158
-0.150321184184
-0.152916143297
-0.184146028035
-0.214309551538
-0.265968632796
-0.152529116255
-0.0220908368489
0.0159665651642
-0.118835653018
-0.172680934064
-0.131745518161
-0.257239953782
-0.12215319316
-0.0875642719956
-0.0778478980261
-0.0909324734625
-0.122334940416
-0.164376230641
-0.205664866496
-0.156413279488
-0.10607227541
-0.0742377138106
-0.0804792086732
-0.1521042768
-0.202159830453
-0.263055608483
-0.172099899077
-0.0918553158852
-0.0942843456228
-0.122110296117
-0.196930747832
-0.186096759659
-0.19381430728
-0.194292483911
-0.0880040789165
-0.102904762351
-0.0750076118452
-0.16995470219
-0.121773682193
-0.21230560546
-0.166606588073
-0.0910066660207
0.0435627010227
0.140674001542
-0.0488772726148
-0.153745291778
-0.261347146558
-0.166409271142
-0.0763296207147
-0.0723245456619
-0.119373899612
-0.155990889136
-0.194527620303
-0.244614475468
-0.152891816782
-0.191739792608
-0.16124349427
-0.065583871145
-0.14274855124
-0.185045391217
-0.213737402946
-0.133182283574
-0.127170391066
-0.106504194066
-0.136381286489
-0.190614130616
-0.16613355492
-0.197115102188
-0.159804645936
-0.00135545348469
-0.0935223746503
-0.132361901155
-0.164783645865
-0.221637662814
-0.130801592545
-0.187429645724
-0.0846009219862
-0.065735358251
-0.117385731156
-0.0505792994278
-0.136714428604
-0.136525813255
-0.125617298637
-0.0254585771262
-0.0214569312409
0.00392892785998
-0.0940816538379
-0.139820143301
-0.0435316725419
0.0464635833077
-0.0436686886495
-0.0118078996134
0.0522411202272
0.0393158837971
-0.130635162307
-0.2413679153
-0.0689118230051
-0.0194444041755
-0.0580815334469
-0.0775472704484
-0.0991919719866
-0.188567706752
-0.211596931706
-0.170190403921
-0.0956822790679
-0.0576827046692
-0.0636847984049
-0.118237583773
-0.163180270117
-0.200848920738
-0.139615924099
-0.101995718184
0.115780543068
-0.128419286847
-0.0923717046266
-0.172161452076
-0.281251744051
-0.155269751348
-0.110428688268
-0.00408566262468
-0.0324854560865
-0.105568048851
-0.139288487969
-0.155991676595
-0.144458195377
0.0121163810641
-0.0804149893692
-0.0389427360684
-0.156286002891
-0.150273196631
-0.213858500902
-0.146073830194
-0.0839072642404
-0.0340937356527
-0.0592632057604
-0.16637651697
-0.208673803259
-0.244850107195
-0.136577453733
-0.150592789976
-0.172309238381
-0.11760676652
-0.141356877754
-0.171094468886
-0.152078229363
-0.172159984135
-0.0275616756707
-0.0886534960148
-0.0902066781185
-0.0907059378619
-0.199583642161
-0.262328308431
-0.223373241426
-0.153221698469
-0.173591755242
-0.164597491371
-0.14119854666
-0.227929261535
-0.327626661457
-0.221778659703
-0.123682917515
-0.113736220362
-0.0932818730659
-0.206679104146
-0.213424616464
-0.349310722811
-0.261682023074
-0.201226330448
-0.156311294936
-0.10625319787
-0.1667580639
-0.26149804234
-0.291916171764
-0.268533021497
-0.142250215667
-0.155889683186
-0.107398531369
-0.186566060023
-0.265320517785
-0.310284810369
-0.224340022332
-0.144213885285
-0.137615705087
-0.0943221837265
-0.134873103974
-0.267816555704
-0.263346085655
-0.249367816114
-0.105491729447
-0.171681173694
-0.170202473656
-0.254225390158
-0.273654223157
-0.324942228836
-0.250470760543
-0.179283431458
-0.196783346087
-0.169429351241
-0.229608505433
-0.205117490937
-0.263446718994
-0.246996323608
-0.129988441718
-0.133488185551
-0.0568210150196
-0.204092363075
-0.166827860831
-0.155468819484
-0.150779491247
-0.128851850736
-0.0876777208422
-0.0400583006105
-0.0889424655587
-0.173834548467
-0.196062451668
-0.181623922914
-0.057544105784
-0.00307626797471
-0.0353663462564
0.000940999153123
-0.125319797175
-0.228254130687
-0.126828344968
-0.0270003209577
0.0552166699799
0.131156829222
0.015376948741
-0.12347440461
-0.177616755624
0.0265299420677
0.111771752256
0.0652345004881
0.0327780032423
0.133655887837
0.128547320181
-0.0313742073998
0.0318160836712
0.200324104991
0.787231318382
1.14801901911
1.05133423023
0.679604330733
0.527151956432
0.750670601205
0.954562703775
1.12490883008
1.25202926482
1.4151432544
1.69988186316
1.75223138962
3.69647120962
12.9357391107
6.20338681091
3.34182224472
2.15116221785
1.12367908348
0.968547587079
0.933767706479
0.951388408727
0.778841546861
0.641228116474
0.593175072426
0.372428892334
0.242666350177
0.246739249101
0.45193584717
0.479386822552
0.473007180674
0.32298910396
0.196060927234
0.253635986706
0.153155656184
0.303672200635
0.33379245419
0.338382372275
0.327404314544
0.202663134411
0.0600736160746
0.197031134188
0.34871457575
0.304688007227
0.275959610625
0.297368554601
0.200482056213
0.112651662079
0.181750431287
0.209723584239
0.34177875603
0.24287465135
0.235361636747
0.179364476587
0.102931804823
0.260394065038
0.390435698912
0.354707209976
0.395672653802
0.118602279949
0.0336430005383
0.0752119134943
0.177504565022
0.142766182375
0.108874392242
0.110958558674
0.100544155474
0.00291914700031
0.127605752885
0.229201326539
0.236766819569
0.196805766458
0.213773827895
0.128136365341
0.048726512006
0.00578901201828
0.175598597891
0.322107739622
0.248003479731
0.245346531289
0.205312839424
-0.0111044111854
-0.0351580617191
0.303058570727
0.0781959970486
0.0235354326279
-0.0311633568529
-0.0692531233592
-0.131786628705
-0.0993507215327
0.0227966069306
-0.0347947146801
-0.0277976616155
-0.147416129743
-0.0622192606746
-0.140246512458
-0.0842956216373
-0.0155065312091
0.0211137512601
0.171827252573
0.0106732796358
0.00957354612197
-0.02343656658
-0.0617692674271
0.00946388550745
0.123176538232
0.135077317321
0.194891838384
0.149731687805
0.0313633918427
0.0679129541455
0.00422111828017
0.122808047747
0.104612369264
0.181829676806
0.103609908882
-0.0123705808589
-0.00252431843522
0.131190133842
0.125868185231
0.361713326336
0.157582156181
0.177684635684
0.185802857965
0.15655168212
0.171192553058
0.16249126521
0.257666800052
0.387399024533
0.121405220903
0.114979538951
-0.00891805248355
0.059574837321
0.0948615214081
0.165261565311
0.231572925251
0.202569065021
0.170092771486
0.119603903965
0.0484920130896
0.156235330499
0.24095625756
0.270043555225
0.110546781435
0.110738229514
0.0767871073391
0.18461844075
0.210466513302
0.239032645985
0.252381145309
0.117902790759
0.129603391775
0.0931071804818
0.16376453234
0.302304004368
0.257063369759
0.199409328067
0.247856220704
0.183083381674
0.061753352749
0.154506540445
0.185912955207
0.188720996834
0.294794578951
0.14474604791
0.163525324985
0.0404104734871
0.156473478945
0.328610917616
0.273512769708
0.39284171613
0.206971170328
0.168561442336
0.160752494745
0.121412951873
0.222230663759
0.215830056393
0.24347744432
0.311740701099
0.105076593657
0.0870244238714
0.225038197157
0.371587782842
0.32391249551
0.213465711748
0.20164028579
0.0805176871561
0.0522324021522
0.19945156244
0.355353026178
0.218229662173
0.211253654097
0.194035738503
0.0945084757764
0.111496094454
0.130606902139
0.237710446745
0.310826521986
0.25087083828
0.219003585559
0.115510668617
0.0363070872296
0.142998988787
0.170905693842
0.195296586212
0.250559116123
0.219169421199
0.17502214857
0.0448723537877
0.172871568232
0.317085131822
0.272774706136
0.263942106666
0.297058055558
0.166169683576
0.0799204315997
0.125050837116
0.237933261267
0.226530294595
0.179967651099
0.285089122639
0.220287776777
0.00904929093443
0.0896123272068
0.175505594389
0.2259815778
0.21877214554
0.111818395914
0.0321761553732
0.019375915673
0.108059244952
0.153717198386
0.174815429998
0.212430074343
0.0905573738164
0.0626868637495
-0.00427767585082
0.0894332765845
0.209306413722
0.246197422599
0.255311724641
0.12721746163
0.0574660905542
-0.0283232507435
0.00746507960164
0.131793936079
0.128414184071
0.207099327936
0.0315118434409
0.0456378916405
0.106154560326
0.0983110319101
0.206534229677
0.180968705017
0.210140754485
0.140078984062
0.0518998578941
0.0545784642959
0.108619430506
0.270878338665
0.371041823351
0.186184999181
0.0305040408661
-0.0341333545
0.119003517247
0.14303721414
0.256082322427
0.1838201936
0.117546485669
0.154402346809
0.0178274325107
-0.0512223157281
0.0385561074126
0.0658558416377
0.0850627903154
0.0485066726841
0.0194492809734
-0.0588164764735
-0.129917559688
-0.0321583454343
0.0153744392766
0.0684314184712
0.0514931053843
0.00429847080681
-0.0921391899078
-0.0825465869721
-0.0363387584609
0.0548140440449
0.0516688290324
0.120493684387
0.0786389168824
0.0148357984665
-0.0599272756382
-0.0561290662536
0.0378552343168
0.113650668838
0.0766949514112
0.0165664609448
-0.00434795583471
0.0282561203077
0.0393551022946
0.0452290611728
0.156052930091
0.136380416428
0.125644711693
-0.035608597157
-0.0230370848009
0.00652692954851
0.137198100771
0.135043827538
0.237364646278
0.0833761119589
-0.0125384793808
-0.0832500500387
-0.0194732330309
0.0778232563356
0.137095591404
0.0862301926404
0.103253748197
0.0383529199859
-0.0469301578892
-0.0147376142067
0.158686226159
0.129946337874
0.174902770729
0.121197492821
0.03702334835
0.0465369017462
0.0857245713048
0.221941575968
0.19452999393
0.239196947758
0.214250368562
0.131540807368
0.0425737029857
0.0293026670707
0.25471004225
0.215845704433
0.276479281089
0.188403741563
0.235322173464
0.0631608755012
0.0136435476244
0.195939074357
0.242835372293
0.274217190942
0.172724005148
0.187890893936
0.125956227986
0.120385894524
0.323795898194
0.386803511503
0.37354800495
0.277684525604
0.190392153752
0.0562759916267
0.243020317123
0.410990680059
0.425952035247
0.590857852282
0.361113931683
0.307871738756
0.208496743223
0.254815764337
0.327308641647
0.224774075397
0.344045573425
0.394730482023
0.39081768
