-0.192107647035
-0.374028448975
-0.431428959848
-0.378829667121
-0.286775685974
-0.239202638839
-0.0472901288165
-0.218804754402
-0.279711117524
-0.381131673821
-0.200891569134
-0.17402504289
-0.0577738376714
-0.163730427616
-0.178847987083
-0.301506043568
-0.220647992099
-0.161185192781
-0.290171838328
-0.23403418394
-0.206226491337
-0.352192727222
-0.361006581789
-0.319733541036
-0.172289221214
-0.42992028842
-0.194553261914
-0.280202005301
-0.285028263412
-0.356146848843
-0.538215022179
-0.43948005206
-0.377969310122
-0.201310008538
-0.283093644737
-0.0842456836806
-0.371680247591
-0.541178846145
-0.330996488118
-0.45842698117
-0.233115135182
-0.362644715492
-0.19935832762
-0.321182466141
-0.351152575198
-0.296622660418
-0.530093951501
-0.29081659037
-0.395261807821
-0.453676610009
-0.483580140076
-0.527362657077
-0.450618429899
-0.238429324062
-0.206843810536
-0.183139458566
-0.334308074126
-0.469888957675
-0.449337206867
-0.351365438085
-0.218154274882
-0.118516199293
-0.33308459945
-0.496266447826
-0.348958725926
-0.483588767897
-0.28835766932
-0.349403040916
-0.337725183583
-0.432822916665
-0.423387810417
-0.693519647183
-0.597066612328
-0.508505798309
-0.423536895015
-0.580701346428
-0.459739568218
-0.585519269378
-0.767861057121
-0.625807165791
-0.561803282937
-0.658490645881
-0.519661981457
-0.530964796934
-0.396559416501
-0.5314081532
-0.489660882841
-0.45095926514
-0.376652691035
-0.194406126143
-0.306068599135
-0.293258058065
-0.289690820945
-0.417721603211
-0.328605703541
-0.430875583645
-0.191073407284
-0.207815008247
-0.25452751758
-0.398804733885
-0.465945651219
-0.518692996627
-0.293258058065
-0.248119538794
-0.362098651925
-0.293258058065
-0.459739568218
-0.446876677389
-0.411232489227
-0.350447183045
-0.277709202298
-0.305784891496
-0.293258058065
-0.243525313328
-0.273095613299
-0.219740060299
-0.16902619834
-0.135128599306
-0.161185192781
-0.384160641755
-0.315650538539
-0.292231938879
-0.335837384218
-0.160658041367
-0.291474439505
-0.335707819373
-0.201110567195
-0.299104933503
-0.278871498004
-0.323994424486
-0.330813855399
-0.189770443311
-0.274187265378
-0.250642413278
-0.251478885224
-0.28583540583
-0.325916019079
-0.300454351322
-0.140258972833
-0.196829928671
-0.19735155566
-0.208435803548
-0.352854367087
-0.274187265378
-0.175621003119
-0.31236727231
-0.121097140398
-0.206269935302
-0.251157328456
-0.366997480064
-0.311082411314
-0.314855487697
-0.241929332747
-0.263130971393
-0.203695500046
-0.353677689937
-0.412030401941
-0.284713609718
-0.204359858645
-0.148348147481
-0.171986992286
-0.180446902544
-0.219656127143
-0.447010568659
-0.389317921732
-0.314524682697
-0.282764544243
-0.231171262914
-0.203695500046
-0.411565571892
-0.406921615039
-0.226087447704
-0.255864200216
-0.196991058994
-0.289280787999
-0.261365148404
-0.369299404814
-0.544049263065
-0.337842104382
-0.269468156686
-0.24119928243
-0.333175567404
-0.287348721126
-0.355842819301
-0.380361436121
-0.293258058065
-0.378157580681
-0.246908031639
-0.176875795856
-0.276043657248
-0.293258058065
-0.521710654744
-0.439158274207
-0.381159119828
-0.148275709131
-0.207815008247
-0.325003184122
-0.293258058065
-0.465013776525
-0.24714945006
-0.313678821921
-0.272271030422
-0.0411744091154
-0.246018476085
-0.27001898622
-0.293258058065
-0.293258058065
-0.285303517933
-0.171725878375
-0.289403248828
-0.207815008247
-0.246908031639
-0.293258058065
-0.304592844427
-0.229382555803
-0.411898654557
-0.292612687552
-0.22597863356
-0.328906764563
-0.355842819301
-0.292821957867
-0.116407349525
-0.130694620704
-0.231497246039
-0.235878951095
-0.287775283351
-0.430875583645
-0.250528029892
-0.233917453275
-0.439011055071
-0.185844849094
-0.207815008247
-0.465945651219
-0.255116472692
-0.304592844427
-0.280426640906
-0.116541221865
-0.256928213944
-0.337262434337
-0.406285276516
-0.364879277219
-0.313005781827
-0.293258058065
-0.127375097982
-0.22597863356
-0.358360128684
-0.293258058065
-0.417721603211
-0.207815008247
-0.23945737001
-0.272271030422
-0.293258058065
-0.272271030422
-0.293258058065
-0.37988786456
-0.358389082956
-0.246018476085
-0.248119538794
-0.207815008247
-0.307650644579
-0.359323595148
-0.459739568218
-0.323226334617
-0.337262434337
-0.266654278521
-0.266654278521
-0.305784891496
-0.408817725471
-0.322908053916
-0.430875583645
-0.409693990333
-0.408817725471
-0.472914990827
-0.293258058065
-0.408263168548
-0.505865743258
-0.442280458857
-0.402934657435
-0.350135934701
-0.397431078999
-0.293258058065
-0.364879277219
-0.498218670291
-0.42800083898
-0.539629831025
-0.354262508829
-0.230101663358
-0.335332084357
-0.491524981677
-0.489913211157
-0.508848207693
-0.26456850458
-0.349423955173
-0.293040007966
-0.292231938879
-0.432319655758
-0.488934342024
-0.44891790036
-0.331570858264
-0.307013747906
-0.370546917762
-0.304025493925
-0.319913228597
-0.496966458468
-0.588182369519
-0.356117293313
-0.337569559411
-0.445323670167
-0.415894507965
-0.301960756703
-0.512414358751
-0.450228544804
-0.446486792294
-0.344115179856
-0.357959654838
-0.293648350404
-0.415554135555
-0.552369773853
-0.370128116303
-0.205488262212
-0.413064443335
-0.30808305599
-0.300623296687
-0.450618429899
-0.50453158621
-0.468210461698
-0.353562581614
-0.320150592389
-0.243352255632
-0.203695500046
-0.505562296434
-0.57327437026
-0.407989633424
-0.423055003189
-0.253055824266
-0.227497786284
-0.374348063669
-0.310650093509
-0.348293014742
-0.348871373863
-0.257738976704
-0.210974362845
-0.281930936855
-0.240663814635
-0.469044246233
-0.250536533156
-0.297399746599
-0.203695500046
-0.19427924894
-0.0128969691677
-0.27131199474
-0.250536533156
-0.226290956088
-0.246992443795
-0.489239766525
-0.202436642079
-0.0551632704054
-0.0933638434384
-0.170036456496
-0.291474439505
-0.205806344574
-0.122522903393
0.312172692495
0.169303317079
-0.0827246782335
-0.135127302665
-0.192686909183
-0.133329204735
-0.177592563844
-0.0987553009847
-0.020203355049
0.0418511267396
-0.113750085619
-0.210711615285
-0.171611393099
-0.096509895825
-0.00755307137765
-0.0198786601521
0.0161386135795
-0.204316295346
-0.230795237135
-0.157747559166
-0.210802467427
-6.91382237899e-05
-0.116951718857
-0.0349836969607
-0.17210405444
-0.32532201965
-0.198065275351
-0.208435803548
0.0350573534235
-0.163340801287
-0.203319856132
-0.187573660636
-0.253055824266
-0.185972135779
-0.114341688862
-0.0251673100464
-0.0883443792713
-0.097099177865
-0.231171262914
-0.290304534261
-0.26176849209
-0.00981377792353
-0.094726721635
0.00304661221571
-0.145849958543
-0.228263189065
-0.30726035224
-0.201383668597
-0.260049453348
-0.27499011636
-0.208236156992
-0.189478188061
-0.37104201738
-0.38622551923
-0.291474439505
-0.113041296187
-0.0987167968179
-0.063744023477
-0.201110567195
-0.24825942467
-0.261476077377
-0.252676538875
-0.287041807478
-0.090230276377
-0.159225171457
-0.144329884854
-0.289547034886
-0.323132915269
-0.292935372808
-0.273095613299
-0.194716550439
-0.238916997234
-0.203695500046
-0.296647799334
-0.363832783605
-0.388751807976
-0.509888086351
-0.420564141146
-0.446876677389
-0.325003184122
-0.328605703541
-0.430875583645
-0.456393954878
-0.418860054225
-0.411232489227
-0.433757028091
-0.483116864325
-0.492936567575
-0.571739166318
-0.404516582163
-0.34781128151
-0.266117742115
-0.306305812942
-0.366211847484
-0.305144493197
-0.29952147478
-0.33774935732
-0.284660223682
-0.290448320319
-0.259418450755
-0.205180003027
-0.301960756703
-0.438876130517
-0.320616097865
-0.251884138231
-0.277309183182
-0.147471637753
-0.257339116558
-0.29222638677
-0.263766014795
-0.248192791977
-0.154566850301
-0.0692828571691
-0.203996307108
-0.10679642437
-0.196518865699
-0.263648621173
-0.286842349485
-0.176819935514
-0.169472643788
-0.177320679126
-0.109879954095
-0.223636189129
-0.266600643838
-0.327070825069
-0.32717816098
-0.116033923275
-0.0655569633128
-0.261791246233
-0.247286921351
-0.331360637567
-0.348293014742
-0.198201003857
-0.181482992304
-0.133646190085
-0.271858662225
-0.248625087785
-0.291474439505
-0.166493849087
-0.202731193038
-0.184963291034
-0.115796457934
-0.0172304767542
-0.308901236886
-0.259190095264
-0.168376030116
-0.19735155566
-0.0738261445026
-0.00950922724883
-0.176928321574
-0.323548540822
-0.363938960687
-0.231171262914
-0.1069663134
-0.202731193038
-0.163669185792
-0.257246579612
-0.400236536366
-0.31325507978
-0.251830951809
-0.108551721373
-0.0366973775916
-0.141827873541
-0.135745110179
-0.30766777063
-0.34945219325
-0.264350454481
-0.176905221532
-0.210802467427
-0.101069328151
-0.137201287056
-0.106543309413
-0.329911768905
-0.480260179233
-0.208060426734
-0.184202381259
-0.150580570893
-0.0477463951899
-0.169363323095
-0.328202638613
-0.308261539952
-0.255727865762
-0.268629047083
-0.179832180602
-0.214371581642
-0.286842349485
-0.366141315728
-0.286441619102
-0.301818902884
-0.196518865699
-0.174296524834
-0.240043019335
-0.198618580601
-0.374516158273
-0.303659759079
-0.305188867961
-0.136101118053
-0.109432338954
-0.147374920047
-0.180432456842
-0.336681134659
-0.284228909826
-0.186366476083
-0.17441737615
-0.120925630295
-0.209949398085
-0.269948165097
-0.343357682101
-0.254938725912
-0.194192119663
-0.172289221214
-0.216896820903
-0.136815473127
-0.189930514863
-0.316545898398
-0.249155942554
-0.199267089776
-0.152180202605
-0.221846979671
-0.192710420469
-0.293648350404
-0.418964701402
-0.282301505208
-0.300638419761
-0.14804118303
-0.168319578204
-0.17886764483
-0.188851846514
-0.408758882871
-0.291474439505
-0.189195433731
-0.0996295559171
-0.198618580601
-0.185640961
-0.341274964882
-0.306458577781
-0.311428049197
-0.257392410871
-0.299445278501
-0.181204279499
-0.324873286955
-0.39769467597
-0.315360455932
-0.31885049185
-0.372017564738
-0.122410553047
-0.221846979671
-0.282764544243
-0.362101436183
-0.340587142463
-0.35541807786
-0.322244490516
-0.27618076693
-0.222710714825
-0.185464470807
-0.34945219325
-0.435960533202
-0.309155006696
-0.271858662225
-0.328393616628
-0.305474158417
-0.118066183369
-0.388215490012
-0.406320530332
-0.417998881672
-0.361395186963
-0.213777611128
-0.296647799334
-0.212297400702
-0.3180277881
-0.362426409873
-0.426770814613
-0.276548293656
-0.345352177733
-0.259802186826
-0.349656379633
-0.420715149683
-0.538017240767
-0.434782866882
-0.320690569675
-0.210711615285
-0.205263134715
-0.376537880235
-0.315321968092
-0.414222656914
-0.415152720139
-0.293258058065
-0.207815008247
-0.263852672947
-0.207815008247
-0.359323595148
-0.313689398135
-0.382482399557
-0.272271030422
-0.212506344336
-0.207815008247
-0.207815008247
-0.322740817628
-0.316240747455
-0.367403354236
-0.266654278521
-0.333852988381
-0.155150976361
-0.270603815645
-0.256928213944
-0.500372213536
-0.413127443313
-0.41107303465
-0.328906764563
-0.318491378103
-0.241029664536
-0.408817725471
-0.440517106991
-0.471326577868
-0.207815008247
-0.336800120185
-0.207815008247
-0.156976037569
-0.2037976809
-0.381159119828
-0.272271030422
-0.367403354236
-0.188315542454
-0.207815008247
-0.176875795856
-0.440536457543
-0.323137256584
-0.293258058065
-0.276050629501
-0.318491378103
-0.119591144873
-0.155150976361
-0.454360182409
-0.37988786456
-0.293258058065
-0.276043657248
-0.207815008247
-0.221985173204
-0.163567950968
-0.245853681964
-0.207815008247
-0.245853681964
-0.167332313025
-0.0937668034167
-0.082921955126
-0.185706218463
-0.199575991844
-0.289690820945
-0.242941194849
-0.0965453969623
-0.0895237073961
-0.237606421402
-0.0411744091154
-0.256928213944
-0.207815008247
-0.276043657248
-0.188315542454
-0.0299257820387
-0.00575786148576
0.0145618867761
-0.104982826905
-0.148275709131
-0.0965453969623
-0.171725878375
0.23796375192
-0.0865450872552
0.148257700497
-0.0431093839413
-0.0861062374009
-0.219686564436
-0.0743190009798
0.245545237118
0.156552424634
-0.0965453969623
-0.207815008247
-0.332405833127
-0.215538202557
-0.157209600583
0.0146532230916
-0.16428066643
0.0305880504599
-0.0802984042227
-0.256928213944
-0.155150976361
-0.0278169223951
0.0876165915126
0.0996368796808
0.0889684194422
-0.145208569504
-0.179415005094
-0.207815008247
-0.0613330842521
0.0317422996715
-0.0965453969623
0.0330543486482
-0.207815008247
-0.186888103072
-0.0802984042227
-0.0186154499722
0.0425405339259
-0.171725878375
-0.0965453969623
-0.187229134637
-0.322740817628
-0.200904709044
-0.0607688711384
-0.0724662027324
-0.0433482594933
-0.124591764336
-0.108821118851
-0.271535976969
-0.207815008247
-0.207815008247
-0.148275709131
-0.17238212454
-0.116541221865
-0.247827876274
-0.323226334617
-0.0278169223951
-0.197058275911
-0.207815008247
-0.136550892641
-0.117094142579
-0.185706218463
-0.0875307867627
-0.176875795856
-0.202544997806
-0.0477881546531
-0.207815008247
-0.113501074486
-0.17238212454
-0.266654278521
-0.18514262805
-0.243525313328
-0.124591764336
-0.190719171305
-0.18522272315
-0.305784891496
-0.430875583645
-0.293258058065
-0.332595691246
-0.207815008247
-0.313005781827
-0.333852988381
-0.276169161371
-0.454360182409
-0.446876677389
-0.5390546758
-0.350135934701
-0.306068599135
-0.27001898622
-0.366906926139
-0.454360182409
-0.446129587735
-0.347119507939
-0.207815008247
-0.210160676292
-0.214171935086
-0.221814241238
-0.397030748142
-0.208435803548
-0.174355289509
-0.185079437782
-0.101428583345
-0.103952559605
-0.290448320319
-0.317545172159
-0.205488262212
-0.196760613355
-0.0845140962634
-0.171216161866
-0.10926772257
-0.18434871093
-0.315622558037
-0.190098566394
-0.101323729633
-0.169004794511
-0.167646914671
-0.0105944188437
-0.196760613355
-0.248752914596
-0.196518865699
-0.207644769535
-0.0226582806243
0.0427249949322
-0.160388775775
-0.147176046357
-0.153889180335
-0.274058056846
-0.0556647135329
-0.0368543511763
-0.0182307231143
-0.0371348989999
-0.134275388937
-0.207644769535
-0.240043019335
-0.184718899609
-0.144691168005
-0.0552213923247
-0.102458850645
-0.225912000867
-0.371038291923
-0.161998091082
-0.0512005838198
-0.0518712857331
-0.0551880075872
-0.0847335211906
-0.185464470807
-0.240476269734
-0.195007402811
-0.0520769634258
-0.186366476083
-0.115021148175
-0.0734413803241
-0.276239650015
-0.161735534973
-0.207644769535
-0.14537882343
-0.0475594245476
0.0271029165012
-0.0884219005925
-0.103236827472
-0.203695500046
-0.100764111934
-0.14713737049
-0.0718377310517
0.010533482226
-0.0358241768573
-0.115211536434
-0.169584677831
-0.12061203779
-0.100764111934
-0.0664403727929
-0.0742239279536
-0.00358581670542
-0.126210689819
-0.251177696927
-0.18951735688
-0.0258287775955
-0.212994036204
-0.139708686205
-0.125489074462
-0.178618422338
-0.207644769535
-0.205180003027
-0.108238048125
-0.0379808892692
-0.0135852397521
-0.0976288157274
-0.195793216032
-0.183239011559
-0.120560920097
-0.126960650619
-0.103751547975
0.108610377556
-0.0623695096313
-0.167042698219
-0.131030568713
-0.203695500046
-0.0499101383205
-0.0345578123521
-0.0444412848812
-0.0603124339752
-0.121152113877
-0.198065275351
-0.187010880459
-0.0560988045801
0.134741281368
-0.0227954771311
-0.00719608557753
-0.16851313242
-0.232707349657
-0.170146802205
-0.0894982446014
-0.0348101505894
-0.0228776990935
-0.0640432794379
-0.23179421703
-0.237719132571
-0.197802553364
-0.119986197477
-0.123415567031
-0.0954108409457
-0.0849167192143
-0.221846979671
-0.305874718084
-0.192345402052
-0.0543234624909
-0.0725057585461
-0.0650213555112
-0.0984451224578
-0.179832180602
-0.201724853425
-0.205488262212
-0.0999940442023
-0.0737889033274
-0.0492814262283
0.0337192246867
-0.30726035224
-0.297310590313
-0.267676537235
-0.192250333637
-0.163669185792
-0.161049255478
-0.194610125749
-0.20136875401
-0.234897800002
-0.309130621093
-0.186870696259
-0.166262149065
-0.116096389565
-0.213750786342
-0.165110269479
-0.241999244945
-0.192710420469
-0.208435803548
-0.17886764483
-0.195163430999
-0.184782410682
-0.207644769535
-0.279956168293
-0.257145852345
-0.110762024385
-0.0759752809033
-0.0394148842605
-0.16361624666
-0.287432099816
-0.228511407197
-0.353905122618
-0.267365566511
-0.117844808458
-0.237668160553
-0.119325246364
-0.210802467427
-0.338273807031
-0.201110567195
-0.239318042969
-0.207644769535
-0.216499258444
-0.230625885148
-0.237050775726
-0.281386124822
-0.356003339113
-0.392562717773
-0.23729123323
-0.23179421703
-0.35363491053
-0.350476670884
-0.30780222783
-0.390092342696
-0.252922009309
-0.227267461307
-0.119690663062
-0.263130971393
-0.184788139548
-0.254821995136
-0.245586661306
-0.235152640871
-0.16215264535
-0.175658716955
-0.208725524439
-0.322244490516
-0.398995591618
-0.203695500046
-0.160968778971
-0.284132765031
-0.197895036639
-0.23996796468
-0.210090819985
-0.40238540857
-0.303229620562
-0.308304178649
-0.276548293656
-0.19878382116
-0.164322619092
-0.304415786263
-0.37543592569
-0.284222758687
-0.251520427347
-0.211676605402
-0.208693795918
-0.262565666613
-0.37902272262
-0.300638941523
-0.385902527578
-0.291474439505
-0.19878382116
-0.116565748009
-0.207644769535
-0.326210444402
-0.340587142463
-0.332576333908
-0.168376030116
-0.182864207949
-0.0408928507636
-0.192491382269
-0.32590740924
-0.413243211366
-0.315769374055
-0.23923471781
-0.166425497918
-0.18822589385
-0.209949398085
-0.142175567776
-0.30120375579
-0.307999437846
-0.165310272761
-0.120766859773
-0.159359463665
-0.065320085352
-0.259928457877
-0.295555486168
-0.301036650765
-0.205488262212
-0.15592183005
-0.0982401356738
-0.188155128013
-0.148226393582
-0.190056172303
-0.245203234338
-0.180780021921
-0.0643973880771
-0.0617044682028
-0.161938580185
-0.154388260236
-0.23146574047
-0.194192119663
-0.126877498772
0.022574968618
-0.122481799307
0.0270807531937
-0.0616708053321
-0.0738532518621
-0.208435803548
0.00219917082054
0.0156732111843
0.0885025218169
0.0823586674632
-0.22487275833
-0.210336238471
-0.167947232997
0.0316129882322
-0.0984884746378
0.0426736599613
-0.0944983994549
-0.139309822486
-0.293006420996
-0.1695290957
-0.108683629687
-0.0336836649208
-0.0403624082809
-0.0967111467954
-0.133810634408
-0.256334160517
-0.207644769535
-0.0672969340432
-0.107250764332
-0.0138881907961
0.0341395904493
-0.189808655114
-0.369741116962
-0.148906142644
-0.181981836347
-0.0161565293794
0.0670915015634
-0.0906487950897
-0.132408465498
-0.181737118838
-0.198581049714
-0.0280585083083
0.029639390989
-0.138140600024
0.0078529324477
-0.177677036857
-0.222710714825
-0.118548181115
-0.0759244704721
-0.056961579898
-0.0568812941594
-0.142927057123
-0.162662805072
-0.14134363305
-0.0994666666127
-0.0658461923561
-0.0479925037186
0.0186394792616
-0.0543304717846
-0.154247401801
-0.157478812102
-0.191360834299
-0.026081073229
-0.082152458826
-0.0168208816441
-0.113041296187
-0.114466772504
-0.201110567195
-0.110657019343
-0.135565335111
0.0367955848369
-0.0896509139424
-0.129788729035
-0.231792058214
-0.270209995312
-0.293040007966
-0.158275819553
-0.299871349421
-0.183293659618
-0.293277401676
-0.322074030951
-0.460735139571
-0.358689915553
-0.348540268511
-0.308954892697
-0.360970995235
-0.314792929784
-0.446129587735
-0.380072536953
-0.337462853798
-0.21345474177
-0.211339019766
-0.205488262212
-0.151602461301
-0.32582357051
-0.145576048527
-0.231102424592
-0.146601280882
-0.155047516618
0.0239340805922
-0.0984884746378
-0.153396870887
-0.202436642079
-0.0255781570583
-0.0765997865279
-0.160939416953
-0.0761080369663
-0.0987171144263
-0.0241016117982
-0.236742686249
-0.137764438117
-0.0495534297252
0.156818439638
-0.0690266361466
-0.137201287056
-0.0833852014637
-0.182816671653
-0.135924687371
-0.0444812818843
-0.0814579706177
-0.0731201997861
-0.0673809921421
-0.210090819985
-0.144165192492
-0.090191261165
-0.134674819181
-0.0543234624909
-0.120458739096
-0.025283806238
-0.0394816146568
-0.15224760629
-0.204359858645
-0.0539611584122
0.118216235823
0.115695340114
-0.0621811596787
-0.0915452421087
-0.219656127143
-0.228263189065
-0.11124593642
-0.162511237905
0.0270162241162
0.0784120237007
0.000211026020944
-0.0950735035229
-0.0908892626142
-0.0576499158923
0.0856504478783
0.0318258252347
-0.00806957073534
-0.180331541987
-0.0923691800505
-0.0892788196742
-0.0984014924872
-0.0745004453848
0.0765348707313
0.066490837365
-0.157092819076
-0.173480498601
-0.15977673395
-0.0829082447278
0.0818666830442
0.0340964298906
-0.00823823699684
-0.178666153989
-0.15611842893
-0.0394148842605
-0.00131676583423
-0.0495076709076
0.00139714567315
-0.00061593520094
-0.0330735136982
-0.268377984183
-0.0864190895109
0.0146075549339
0.0361841420109
-0.00169155537296
0.0847633001257
-0.113041296187
-0.0862343444177
-0.142928883186
-0.106434612224
-0.08245880234
-0.035502379787
-0.110750709973
-0.0608524860422
-0.15102587552
-0.236742686249
-0.0618557232631
-0.0177494676515
0.0639428359983
0.0671344425247
-0.115320832199
-0.129617329253
-0.230222786189
-0.114949342166
0.114033625386
0.0170095776942
0.203802923367
-0.090454237988
-0.063744023477
-0.198065275351
0.0252433436825
0.0519293545299
0.0907523850505
0.137786633893
-0.0753058915196
-0.221846979671
-0.0701197783003
0.0152771385118
0.041287720919
0.143842257769
0.0616054298363
-0.0908902280534
-0.00167092347163
-0.157668696648
-0.0268471677956
0.1156468141
-0.0884148722418
-0.0514597359101
-0.109886678916
-0.130051425376
-0.148272979529
0.0433612546024
0.0284784968259
-0.00994674865706
0.0750435686501
-0.162179021307
-0.208236156992
-0.0873411661475
-0.0108631392241
0.0350787871858
0.065753927475
0.0292165267424
-0.0264246492733
-0.212297400702
-0.119208465956
-0.100002286997
0.0148374866449
0.0246345342063
-0.00286867312323
-0.00976281503263
-0.0757457961425
-0.120654931794
-0.0982401356738
0.0233276849932
-0.0866472381518
0.00851157369349
-0.157092819076
-0.169547691465
-0.047741543421
-0.090454237988
-0.0980449067491
-0.0681531766939
0.0422218009417
-0.189845490988
-0.137655627017
-0.207439364334
-0.0862387369287
-0.000628772052319
-0.0463146743156
0.0736807866913
-0.187573660636
-0.198065275351
-0.208435803548
0.0733422229511
-0.0963714301372
-0.0150224504636
0.0333882825431
-0.218839424807
-0.248734356214
-0.143783476928
-0.224561384906
-0.248422018127
-0.175645489411
-0.150212143434
-0.228283933546
-0.291474439505
-0.196760613355
-0.118964651467
0.00285023896303
-0.0765442401914
-0.109890034113
-0.240222102564
-0.279956168293
-0.160388775775
-0.0987171144263
-0.180613337194
-0.223636189129
-0.139491249571
-0.238454307815
-0.17437113493
-0.113854415667
-0.115066692865
-0.0101463060881
-0.162154175297
-0.0614159129156
-0.205488262212
-0.297562227382
-0.197334148847
-0.153548713163
-0.169740919807
-0.00943851154083
-0.0897336760441
-0.088337692018
-0.112286985889
-0.192324309119
-0.222710714825
-0.109592387362
-0.0887932003367
-0.062704808716
-0.120086297704
-0.222710714825
-0.204980653946
-0.189675252276
-0.0900070133792
-0.0808150848559
-0.201011402088
-0.1793820384
-0.270327049657
-0.244047703183
-0.11770908122
-0.0508140956051
-0.090364978268
-0.0435424631123
-0.108486387089
-0.231171262914
-0.189845490988
-0.0879684098815
-0.0881138282224
-0.167721962348
-0.123606757057
-0.235615869837
-0.104386085183
-0.253922151802
-0.22893206215
0.0366039766344
0.0227960852466
0.00600720671784
-0.0358829369667
-0.0933536178932
-0.137825403556
-0.0864518742324
0.0431257431283
-0.106814007915
0.0703318239238
-0.105437166867
-0.127752538361
-0.0849167192143
-0.0834217457389
-0.120700476484
0.0248786673249
-0.0601656882408
0.0599619337658
-0.233297298037
-0.0864190895109
0.041287720919
0.133579964643
0.105663824507
0.0957516675316
0.0552379131072
0.0289987135727
-0.067212672405
0.0405254655179
0.4193187526
0.133986726461
0.210000133621
0.124605876853
0.0359755993488
0.0609072434432
0.256176464666
0.225487277157
0.427344018519
0.22565919642
-0.0236604207097
-0.0990181125002
0.143749156286
0.0316999684008
0.150743290555
0.148889941439
0.187099835929
0.0886389028671
0.0667735101597
0.00010251826641
0.0683364088465
0.148906991927
0.0946319114677
0.0794594683909
-0.0739493854707
-0.0876866785368
-0.0399253633506
-0.0442171281964
0.0468976628417
0.146254591521
0.11554547307
0.0826891089122
-0.0668337292176
-0.0983537727468
0.136157409016
0.0679730300456
0.207659009352
0.13622255082
0.00687035490447
-0.115482234935
-0.0851997068365
0.143842257769
0.0973547377248
0.296445275051
0.119261198347
-0.0186964657123
-0.113919074865
-0.0443883216412
0.0670367981078
0.228095492383
0.0637281354334
0.0984996079229
0.0282058294536
-0.109241950696
-0.0450383256039
0.116848607996
0.119959608543
0.230078119062
0.104641826644
-0.0179310124486
-0.0833852014637
-0.0414817624067
-0.0435296117056
0.235425064822
0.383057110142
0.133725839125
0.0945565374111
-0.0186964657123
-0.0349888040428
0.0681503320965
0.102103782578
0.0395977702507
0.109808791103
-0.0927584381895
-0.240302282838
-0.187010880459
-0.0139487500463
0.139371889616
0.0314868385521
-0.0832023208118
-0.236742686249
-0.27047074833
-0.303825644097
-0.215214611018
-0.260565922769
-0.231650004539
-0.135113556446
-0.179146408242
-0.242345330317
-0.106099741525
-0.168661537907
-0.159491048792
-0.104811334978
-0.125943105493
-0.160867011501
-0.0810159432359
-0.149917048189
0.0891196837543
0.119725581286
0.00348078899599
0.00711263799145
-0.0612403274444
-0.140607082014
-0.0573009833284
0.140584219744
0.0359755993488
0.205239412397
0.103450245181
-0.0710583484358
-0.15378520828
-0.0929221237152
-0.0263049259763
-0.019604927767
0.0355062506935
0.126851573029
0.0625770788417
-0.0277082469778
-0.0414593714795
0.11153718763
0.125865189333
0.0742573855641
0.12424921835
-0.0364131600879
-0.204359858645
-0.114553756352
0.0999020719105
0.101513420128
0.0754733763045
0.407343658854
0.0238081177122
0.050371869136
0.00590088396501
-0.0298909000364
0.205730217252
0.114033625386
0.172017665731
-0.0276550224719
-0.0932399808202
-0.0808823182827
-0.127991718683
0.123086797333
0.118160894295
0.329538439986
0.221666024084
0.192602303833
-0.0241428192091
0.161546337122
0.263873854253
0.141344252603
0.209329506059
0.0397048917662
0.000394380735221
-0.020203355049
0.105929016737
0.208662431068
0.206048111086
0.212066275406
0.0182624757794
0.143775873276
0.021333375662
-0.0394148842605
0.121567039904
0.0916024495349
0.245497218441
0.201549773494
-0.00375027285714
-0.0539611584122
0.0375949676304
0.217502446497
0.286620398745
0.142404564257
0.084492226937
0.021238709894
0.0999020719105
0.148889941439
0.19246000576
0.218101573687
0.417799880959
-0.0628752244567
0.0366039766344
0.00461641843879
0.0637895093814
0.0440887551882
0.311175590513
0.103858384585
-0.0626373383941
-0.0973581296183
-0.0328870741473
0.111636653826
0.140165247954
0.155476383724
0.192947007324
0.0864519445936
-0.0790309882633
-0.0761092155652
0.222144999656
0.25370931336
0.259051559448
0.144293637271
0.0905843845939
-0.00838338709951
0.0269592231097
0.192317109369
0.298352436302
0.350878543711
0.273746430453
-0.0236116920832
0.0960414276277
0.0862204177788
0.253835915016
0.124569178455
0.271855581447
0.121472046265
0.134581728614
0.0521243204743
-0.102572487718
0.115820226102
0.124251290093
0.0910385360449
0.166082498578
-0.0182307231143
-0.0889230312483
0.126885436714
0.350554199705
0.386983385212
0.284910624742
0.115915219741
-0.0180762835185
0.0174793465713
-0.0577738376714
0.306880094891
0.264271536676
0.163963730554
0.0945343141112
0.0975417202474
0.0428501782274
0.000703474654756
0.073930009085
0.264271536676
0.233762630425
0.265779900748
0.126319418628
0.0887552891137
0.291770825702
0.282078578237
0.359073206301
0.150205060043
0.2562181877
0.060322360371
-0.0912086044835
0.0811554355108
0.143842257769
0.337254060732
0.32948452941
0.13786488881
-0.0931795956526
-0.104724880034
0.0524504033811
0.0556955346064
0.021134569292
0.167276743659
0.141344252603
0.25394269286
-0.0332466199905
0.26060913451
0.278501430732
0.0824107388838
0.262191118953
0.301110653292
-0.0523406718727
-0.0476999165016
0.0205001336693
0.0240175210548
0.0917344573549
0.060322360371
0.000389273653096
0.0277183028115
-0.109791886857
-0.164897299053
0.0391938153912
0.0703216838999
-0.00454385409704
0.0135996775008
-0.0743704244609
-0.155029110052
-0.118548181115
-0.161898082528
0.0927702361464
0.0581755561229
-0.132539243753
-0.0715423420943
-0.162569016789
-0.2028147857
-0.0206837930924
-0.0508140956051
0.0105145175404
0.0412087573677
-0.0688129331558
-0.21345474177
-0.108238048125
0.0439933695933
-0.0437054848794
0.0934676835417
0.0810843327552
-0.0879833113469
-0.025647994058
-0.178730950648
-0.110762024385
0.181211630668
0.0311917642237
0.00295868147129
-0.0411784765797
-0.188155128013
-0.165381780827
-0.0553781794974
0.204864357467
0.0513121925924
0.137181730911
-0.0143649997827
-0.107236528562
-0.0802126191904
-0.00283505071943
0.123868055986
0.0674690415857
0.222501827235
-0.0935539711643
-0.220707810326
0.0730978550088
-0.034443176169
0.0840114460497
0.147309694021
0.151047746677
-0.0456670748722
-0.130283996723
-0.0408029600099
0.117516787951
0.316672607445
0.117128299173
0.15127937758
0.060322360371
-0.0717393163476
0.0420415449705
0.314241002447
0.27769515788
0.460118937869
0.60208377858
0.0582923754802
0.215808992066
-0.0819117844111
0.237998228366
0.356612157211
0.433605967565
0.581874474635
0.254078208852
0.353470918529
0.0670082650099
0.487140117579
0.644338629354
1.13510799805
1.60526415359
1.53026741707
1.09522055441
1.24630712349
1.44070672497
1.91067283504
2.20109777711
1.91891909466
1.97811303364
2.75977316293
2.56249627641
