-0.226986614044
-0.511719348813
-0.361706748877
-0.611824985439
-0.226986614044
-0.226986614044
-0.0861272105814
-0.396620311489
-0.396620311489
-0.409655399538
-0.410466759336
-0.461388757343
-0.226986614044
-0.417227990741
-0.188841185997
-0.521279546006
-0.632092332676
-0.474806896667
-0.361706748877
-0.471429761488
-0.248446222559
-0.511719348813
-0.533558298932
-0.611824985439
-0.410466759336
-0.328139408091
-0.243621099903
-0.411986127019
-0.552993481845
-0.632092332676
-0.23944172416
-0.385936213876
-0.511719348813
-0.222630996043
-0.226986614044
-0.396620311489
-0.552993481845
-0.579679564876
-0.511719348813
-0.495832845948
-0.287496660942
-0.533558298932
-0.48209365564
-0.641565331003
-0.495832845948
-0.528251327849
-0.681561863211
-0.575689699174
-0.59501840194
-0.579679564876
-0.584331620698
-0.806956492519
-0.806956492519
-0.435429974651
-0.709366652201
-0.579679564876
-0.552993481845
-0.747373002734
-0.611824985439
-0.396620311489
-0.533424099896
-0.522638823872
-0.367028080447
-0.385681074207
-0.542764406222
-0.585043695519
-0.22160651063
-0.178964498799
-0.151829102234
-0.26565330618
-0.399174051875
-0.269547848413
-0.244346681846
-0.160466970711
-0.178837003065
-0.263320293355
-0.183034245549
-0.158329841092
-0.40568666074
-0.424097585895
-0.373951304371
-0.262143343464
-0.081743066393
-0.546014311274
-0.233214169102
-0.423708050835
-0.357034537359
-0.33898133215
-0.177654142135
-0.184217106479
-0.0770401386189
-0.185300173309
-0.233214169102
-0.272710170177
-0.348137142078
-0.193716292139
-0.241867206661
-0.282211231724
-0.20791390002
-0.26981168204
-0.341406814652
-0.504182597799
-0.178837003065
-0.162794973664
-0.357034537359
-0.162936203342
-0.496906502227
-0.193716292139
-0.124156197304
-0.126672818239
-0.180856436549
-0.158920817352
-0.174643578115
-0.497473528137
-0.244346681846
-0.21268847339
-0.154193007273
-0.194523584999
-0.374034362804
-0.29434668146
-0.233214169102
-0.357037810983
-0.264140403008
-0.156556912312
-0.306674295387
-0.0858148649587
-0.231888320014
-0.233214169102
-0.083030207114
-0.374133080025
-0.155086867297
-0.263871901037
-0.15828448672
-0.33972080625
-0.39336608953
-0.218064160728
-0.263320293355
-0.498092931203
-0.154970079572
-0.0902803957386
-0.466776374751
-0.31829352015
-0.29434668146
-0.294395426458
-0.264909976069
-0.21268847339
-0.14087042612
-0.348137142078
-0.316705168737
-0.579084396646
-0.475326045319
-0.192375972593
-0.235639651603
-0.29434668146
-0.179072618251
-0.386149095303
-0.564288350436
-0.491194647595
-0.197547269479
-0.0505957684598
-0.312879785457
-0.322107302392
-0.315114451519
-0.50377609738
-0.156955570915
-0.404619858103
-0.233214169102
-0.339299093645
-0.375567641356
-0.441707944254
-0.330760339952
-0.361409729996
-0.60652032064
-0.0481890048402
-0.272793440568
-0.272710170177
-0.50377609738
-0.421727873797
-0.369726972925
-0.543208790871
-0.224808805043
-0.405379541945
-0.452753098111
-0.416568255182
-0.552805583352
-0.425996012621
-0.350102295714
-0.312466255174
-0.257241637493
-0.640420981239
-0.540258809736
-0.616594098292
-0.314991538317
-0.233214169102
-0.233214169102
-0.309043849489
-0.36883209057
-0.356504476643
-0.596087056449
-0.13452931699
-0.116514602217
-0.144461976801
-0.454986576414
-0.273563013629
-0.66059581882
-0.597084290064
-0.3004042742
-0.303180656268
-0.235440735969
-0.282464717038
-0.344899087623
-0.647472254474
-0.41602514307
-0.22160651063
-0.235303856973
-0.116844807658
-0.277110190524
-0.357037810983
-0.411482934249
-0.721864002908
-0.367541973659
-0.332753777092
-0.237716418301
-0.22160651063
-0.261101929141
-0.401582102308
-0.435101359179
-0.426328982696
-0.194523584999
-0.272710170177
-0.31829352015
-0.448428615929
-0.426328982696
-0.742568065578
-0.641202916116
-0.42096061522
-0.471741206492
-0.456235514394
-0.527351822951
-0.696469317096
-0.558626717001
-0.679004004055
-0.376931850481
-0.277563011067
-0.441915284001
-0.81577596555
-0.623928952251
-0.621621605291
-0.60787492292
-0.405861225705
-0.417174319618
-0.728022733074
-0.396014401564
-0.534101946264
-0.541693642854
-0.454975350814
-0.647353175414
-0.340459715378
-0.442010244432
-0.551728433393
-0.356670571885
-0.569939554862
-0.817181484076
-0.651294500777
-0.309863959142
-0.451554594701
-0.414997448345
-0.553857604148
-0.541017716881
-0.495963760448
-0.592205853494
-0.275698356375
-0.344597657413
-0.543208790871
-0.629887862373
-0.446399541772
-0.592205853494
-0.481730120591
-0.263871901037
-0.601160609379
-0.0808405089178
-0.576229806514
-0.5564526446
-0.572543754227
-0.399174051875
-0.344645957013
-0.461093054075
-0.498043221336
-0.568312237431
-0.630006941432
-0.568088555561
-0.233616877588
-0.244830937017
-0.426606759472
-0.356670571885
-0.438716634007
-0.272793440568
-0.197620759676
-0.235639651603
-0.233214169102
-0.302063765034
-0.380883203338
-0.60646363921
-0.623639554665
-0.43552207844
-0.215753373937
-0.264909976069
-0.29434668146
-0.441041620061
-0.552805583352
-0.42525353358
-0.303254858688
-0.328465784431
-0.379418669851
-0.406924151115
-0.279449687963
-0.588459120964
-0.380239852874
-0.349741393981
-0.107349119866
-0.259023042635
-0.457147770559
-0.328737565937
-0.271939026229
-0.696469317096
-0.439594807033
-0.190197738906
-0.247163449804
-0.400395117704
-0.155374959793
-0.289674469942
-0.396684442662
-0.0849083240947
-0.171801005442
-0.183034245549
-0.0593208219649
-0.0822400816202
-0.0765945035092
-0.156034190287
-0.472705113458
0.149133102979
-0.08212366625
-0.0797597612109
-0.215563717698
-0.247163449804
-0.197405615114
-0.224808805043
-0.21268847339
-0.270770666553
-0.201098515927
-0.424493849739
-0.233214169102
-0.233616877588
-0.192375972593
-0.22160651063
-0.10686998774
-0.240328687817
-0.240541357574
-0.231888320014
-0.116232304194
-0.394891753915
-0.111542003012
-0.0600625320466
-0.179072618251
-0.408000473806
-0.467176893044
-0.235303856973
-0.337966845978
-0.272710170177
-0.293472032555
-0.078074260623
-0.155374959793
-0.263871901037
-0.17330325857
-0.184217106479
-0.106167167346
-0.271939026229
-0.233214169102
-0.233214169102
-0.277563011067
-0.183034245549
-0.142283743113
-0.0110935707095
-0.159985142269
-0.259023042635
-0.233616877588
-0.257241637493
-0.0813223135874
-0.21268847339
-0.120822011749
-0.231888320014
-0.459768702419
-0.596405854907
-0.335398026076
-0.434227816185
-0.183034245549
-0.231888320014
-0.0782622440871
-0.126672818239
-0.240541357574
-0.185687676648
-0.233214169102
-0.263320293355
-0.0823340426528
-0.0807313373276
-0.522638823872
-0.440515093872
-0.451652549529
-0.502026545701
-0.277563011067
-0.21268847339
-0.36210355651
-0.450576226838
-0.877726437547
-0.390873814154
-0.656656688651
-0.530886610258
-0.349213464769
-0.263320293355
-0.237716418301
-0.62715406876
-0.83363820982
-0.66059581882
-0.608211976687
-0.367830858526
-0.477654283395
-0.376931850481
-0.385653587566
-0.496906502227
-0.568662551271
-0.405659117371
-0.155374959793
-0.21268847339
-0.356504476643
-0.453429868069
-0.188336188725
-0.486869587793
-0.282211231724
-0.123877566667
-0.31872668669
-0.233214169102
-0.156034190287
-0.245881309207
-0.211584671311
-0.603421693689
-0.0828198307112
-0.0844096144193
-0.242269915148
-0.193615759367
-0.234101132759
-0.318221972306
-0.233616877588
-0.245881309207
-0.160466970711
-0.179230038387
-0.246233450542
-0.156556912312
-0.302063765034
-0.21268847339
-0.0798761765811
-0.0516847327092
-0.081743066393
-0.245881309207
-0.155965936053
-0.298327507502
-0.142283743113
-0.0814547331204
-0.106178831161
-0.106178831161
-0.154641861365
-0.0838186381595
-0.301243655381
-0.401800739476
-0.245881309207
-0.155587097456
0.00943241199013
-0.0862466222946
-0.296457706231
-0.177671073698
-0.180652364457
0.070858243681
-0.0773596866119
-0.192511957288
-0.359937992024
-0.135277669893
-0.344923078484
-0.154641861365
-0.134901566133
-0.177771092282
-0.0822288544514
-0.183034245549
-0.0801812784237
-0.19972507848
-0.357876355463
-0.0814868286946
-0.0724865353836
-0.177052229386
-0.108037178301
-0.130014516625
-0.0794046120346
-0.324954241748
-0.0763190918537
-0.151238125974
-0.0827146425098
-0.235303856973
-0.290372253607
-0.263320293355
-0.263320293355
-0.0787520155342
0.205796904643
0.00370237447198
-0.0110417456387
-0.125650495447
-0.263320293355
-0.399512657525
-0.0828198307112
-0.136893222029
-0.119768037175
0.0944365821195
-0.155374959793
-0.206511818285
-0.179072618251
-0.0789584085483
-0.104977485512
0.0321781960549
-0.160396077477
-0.109982289175
-0.183034245549
-0.340070237594
0.321689283546
-0.0779466794829
-0.10864291652
-0.13630224577
-0.0600906333323
-0.0852889239517
-0.327934787858
-0.0794046120346
-0.107241371967
-0.0782622440871
-0.0429524167912
-0.231888320014
-0.08944629272
-0.307492168048
-0.0053720294814
-0.0816932108089
-0.0798649494123
-0.175450870976
-0.194523584999
-0.247163449804
-0.183034245549
-0.0841069714321
-0.0820457093802
-0.0812572783347
0.00931579248717
-0.233616877588
-0.0838827172555
-0.239844432646
0.00340760088509
-0.111394557124
-0.0791687849511
-0.158698378259
-0.231888320014
-0.122224049601
-0.20791390002
-0.0837914068279
-0.108962418918
-0.0814868286946
-0.0798247964637
-0.235639651603
-0.194523584999
-0.343007974699
-0.225584532308
-0.154193007273
-0.115990771649
-0.396819160092
-0.0779466794829
-0.168792771625
-0.355447309114
-0.233214169102
-0.156927417001
-0.16511443703
-0.233214169102
-0.140264737984
-0.193716292139
-0.285235097697
-0.0901044146724
-0.085967580854
-0.12137153946
-0.161253263094
-0.110627599798
-0.0914623482582
-0.240541357574
-0.0821097884762
0.00706384730085
-0.212211024035
-0.156556912312
-0.0844736935153
-0.224808805043
-0.285235097697
-0.201455233283
-0.00221349601198
0.0453051833834
-0.272793440568
-0.558877860297
-0.340459715378
-0.200918348238
-0.34091040388
-0.0814275017888
-0.258490297044
-0.315486373093
-0.478450276154
-0.428075759456
-0.37351813783
-0.324954241748
-0.0357237565878
-0.225584532308
-0.301243655381
-0.0790635967497
-0.416568255182
-0.385653587566
-0.226280884768
-0.155374959793
-0.158698378259
-0.247163449804
-0.0716964699769
-0.340990711951
-0.265250597693
-0.082453454366
0.0200447605491
-0.231888320014
-0.36803999354
-0.380884481873
-0.322744582276
-0.0897576737132
-0.0850005906791
-0.0144004476595
-0.145959716482
0.0546654315671
-0.386846437948
-0.278937725235
-0.316020543535
-0.0812572783347
-0.111422591299
-0.08263668564
-0.153945696903
-0.263320293355
-0.327694640483
-0.112777986254
-0.0463160447466
-0.0931256219956
-0.0844736935153
-0.0612269562481
-0.193716292139
-0.290864269284
-0.0904538381743
-0.0112293027088
-0.0209639163533
-0.215753373937
-0.00633669980339
0.00740480043058
-0.237716418301
-0.0856556460348
-0.153381901797
-0.184217106479
-0.0654611556034
-0.0607867977935
0.0352433837098
-0.179072618251
-0.355699484189
-0.180856436549
0.0822437999731
0.00928030782297
0.0635199255783
-0.22160651063
-0.187865485649
-0.193716292139
-0.0789584085483
0.138094310644
0.296581622703
-0.0906282452395
-0.0836211833738
-0.21268847339
-0.211584671311
-0.0324003741291
0.0730527667712
-0.0808958524349
-0.0794441966067
-0.282211231724
-0.318544911036
-0.105053469061
0.020542499042
0.0118589548518
-0.0231255540609
0.0780210971729
0.0204246625038
-0.0845419477496
-0.155338025826
0.144445518266
0.353928545344
0.123091368569
0.00136652559743
-0.0329692696931
-0.0776062325746
0.0766794000927
1.02590661566
0.223061130046
0.426600005128
-0.0522311713391
0.23817973544
-0.084641395726
-0.0394065592325
0.183339750454
0.0755718160436
-0.112605452228
-0.00533454316306
-0.0794441966067
-0.293575316804
0.0690418231719
0.0612599709116
0.398193673662
0.277626676155
-0.0153497686114
-0.073897273856
-0.277563011067
-0.264140403008
0.0489796515814
0.343500338768
-0.0817572899049
0.240978780161
-0.0523166263248
-0.155965936053
-0.107832348227
0.148669642776
0.243974653691
-0.108209360396
-0.0760685625022
-0.0766635221507
-0.242618124272
-0.163961531526
-0.0868375985544
0.0770326374175
0.0297979786532
0.148669642776
0.147989823639
-0.0824392308542
-0.0818482545944
-0.0752711932283
0.207151697059
0.0499957420749
0.103016434946
-0.194523584999
-0.0856556460348
-0.0337663606735
0.159269039746
-0.155374959793
-0.0175421638343
-0.149763923644
-0.263320293355
-0.207133309336
0.140640611486
0.383926844388
0.282477745499
0.0687437538601
0.0901315139125
-0.063497808732
-0.0829250189126
0.0609141973349
0.132953275171
-0.0844875712891
-0.081743066393
-0.0809511850521
-0.23900283873
-0.179230038387
-0.231888320014
-0.135105487798
-0.0803008818865
-0.0724865353836
-0.234101132759
-0.235639651603
-0.257241637493
-0.235639651603
-0.135277669893
-0.270796650404
-0.233616877588
-0.417359145935
-0.313593517959
-0.375567641356
-0.356504476643
-0.389990047944
-0.224808805043
-0.135120249757
-0.139257127069
-0.233214169102
-0.224808805043
-0.211584671311
-0.160396077477
-0.0562227688142
-0.0816378781916
-0.117697463146
-0.179230038387
-0.231888320014
-0.21268847339
-0.082453454366
-0.060530791787
0.117114389762
-0.135120249757
-0.0773780961619
-0.0883653447908
-0.231888320014
-0.0625631665824
-0.0831353953154
-0.0760444446052
-0.0319060037027
-0.122695614148
-0.20791390002
-0.0867298891096
0.158624389056
0.114014201725
0.0128295441907
-0.0789584085483
-0.119335055453
-0.0903830453095
-0.215753373937
0.163737841152
0.12372005253
-0.0844225360364
-0.0873774173352
0.201906637708
-0.0857096767573
0.307784974367
0.266373740554
0.162813345119
0.241641165308
-0.0220365581042
-0.0831496188272
-0.264140403008
-0.159999904228
0.149594138809
0.020576766671
0.382669158145
0.127116052639
-0.0341793234983
0.0242186796902
-0.0152475577733
0.258365978804
0.129965301253
0.209587548173
0.0215699760255
0.158917378973
-0.110831615039
-0.130014516625
0.115098247781
0.212734903775
0.0769588353781
0.118194024536
-0.080084076645
-0.0870823876809
-0.0295770615311
0.0705601743692
0.291413025015
0.128730273775
0.245118019294
0.028851747628
-0.0892178549323
-0.0771597729707
0.202962740996
0.16345458013
-0.0665367636626
-0.122911930749
-0.15345324662
-0.233214169102
0.045395231195
0.0219566607183
-0.0322429342819
0.351482389782
-0.077185479769
-0.0349421091469
-0.0788532203469
-0.0600819376957
-0.0760035272494
-0.0547437457087
0.137609247052
-0.0766819317007
-0.135470569483
-0.0761879742154
-0.0810611254437
-0.00707168838014
0.141269685744
0.218867101349
-0.078055851073
-0.0573059754876
-0.306674295387
-0.0804671528409
0.343500338768
0.307979115757
0.179899150665
0.0129819194089
-0.0614093153485
-0.177771092282
-0.109993328409
0.123320947972
0.131389553341
-0.0776712678274
0.00780830681161
0.0117886032679
-0.0814275017888
-0.155965936053
0.0295762031874
-0.0759673576895
0.0599801115634
0.31072902902
-0.192375972593
-0.175593283282
0.111398699578
-0.0530312003359
0.180823646697
0.36677000869
0.200846771746
-0.0873644957182
-0.0359007153526
0.240575266038
0.155928427937
0.284407959352
0.323720663196
0.197336747551
-0.0673861971842
-0.0216600808144
0.0620037496698
0.175320300846
0.231283324651
0.0897708429601
-0.0808958524349
-0.114969357267
-0.56686381962
-0.184217106479
0.240293712461
0.288199440185
-0.157738864832
-0.0850005906791
-0.0799299846651
-0.135120249757
0.0310047253096
-0.08944629272
0.0758310558386
0.156560413687
-0.107737795849
-0.183034245549
-0.136893222029
-0.125856329261
0.246431600328
0.29852215201
0.000969951359586
-0.106650395707
-0.146245370412
-0.417579999517
-0.225584532308
-0.0607409364979
-0.149606465029
-0.336026173913
-0.0828198307112
-0.192345775999
-0.344899087623
-0.178837003065
-0.235639651603
-0.00211429670847
-0.123502907008
-0.145802296346
-0.155587097456
-0.277192821316
-0.225584532308
0.104641259869
0.0725193497529
-0.117697463146
-0.224808805043
-0.242618124272
-0.369726972925
-0.332787628748
-0.17689480925
-0.211286391654
-0.0844096144193
-0.129857096489
-0.138075174549
-0.275639780327
-0.146609589206
-0.144141719686
-0.153316562506
-0.36237985979
-0.156927417001
-0.296457706231
-0.313241376624
-0.369316162397
-0.0402472403495
-0.129757077906
-0.21268847339
-0.152358761418
-0.0858799002115
-0.190197738906
-0.0860902766143
-0.0523166263248
-0.059891839914
-0.0810611254437
-0.0810611254437
-0.125059519187
-0.428075759456
-0.233616877588
-0.128455551937
-0.0850135122961
-0.175899598253
0.163904994003
-0.114968448857
-0.246233450542
-0.231888320014
-0.133718705204
-0.0769751033662
-0.0807722546834
-0.0821638191987
-0.114969357267
-0.280256269158
-0.210718989187
-0.0795903021639
-0.082453454366
-0.0811520901333
-0.263469192551
-0.349213464769
-0.233214169102
-0.271939026229
-0.157738864832
-0.0810152641481
0.0135485008717
-0.0828198307112
-0.191538483138
-0.256611113465
-0.231812087366
-0.0771597729707
-0.0700175859685
-0.0415785181384
-0.145208044654
-0.153602031014
-0.142283743113
-0.0834509599196
-0.10905868626
-0.193716292139
0.0892636818717
0.036268612354
-0.0814868286946
-0.20791390002
-0.406875541592
-0.0663222600457
0.285039118139
0.414234024138
0.0189699052498
0.159713157082
-0.0761238951194
-0.0586983044099
0.419439285681
1.00157132547
0.835579045664
0.716422375577
0.576467028699
0.463827065958
1.37564701525
1.45435247483
0.988358974156
1.62572412517
1.53443629627
2.62671692515
3.30205197966
5.68002395331
8.62465224722
2.16216780156
1.48451593042
1.20886185293
1.10575227295
0.506407890536
0.395073957571
0.783041812625
0.721514745214
0.384077613523
0.635952998231
0.448044846108
0.107569459183
0.295429550444
0.376357305225
0.628689542546
0.330823666289
0.139951218179
0.0347390170433
-0.0613833019285
-0.150946784574
0.268579197769
0.0433644501479
0.400687425029
0.267064865344
0.261186271165
-0.148423604099
-0.0411089742783
0.235062550989
0.280347026819
0.32201658235
0.191059673373
-0.00223826330573
-0.264909976069
0.098449726523
0.353264042922
0.167612850577
0.219755921706
0.0850339177496
0.126693424505
-0.0852432332555
-0.0576818630966
0.265829098945
0.253889308543
0.137208859827
-0.224808805043
0.0581636910543
-0.0205983678862
0.100399300504
0.0911243229938
0.134877174585
0.0552097432434
0.14416278144
0.0846790556216
0.0657807679955
0.092940743503
0.0703806709519
-0.0591302843843
0.235183584768
0.182758163492
0.0310047253096
-0.233616877588
-0.0896671926284
0.0853400798304
0.117168934924
0.116355659518
-0.158598359675
0.169142566154
-0.233214169102
-0.103878936882
0.0182258825416
0.180893881126
0.0595019660038
-0.14087042612
-0.233214169102
-0.045393694765
-0.245881309207
-0.177671073698
0.0235807658969
0.0179466189719
-0.0793405329386
-0.252448891581
-0.444447647923
-0.339553822255
-0.215753373937
-0.0482512690697
-0.164931897733
-0.0663559011332
-0.153249532442
-0.436975457396
-0.30827270554
0.0765447009954
0.0155318495305
0.150139091962
0.0892926916958
-0.0949224838539
-0.0340182327849
-0.128247068425
0.0992408390528
0.146855423895
0.0474513301794
-0.0789726320601
0.0464450646955
-0.112796101677
0.217926543983
0.344923973136
0.117381420682
0.236243241143
0.218935539596
-0.00390442355682
-0.113264682722
0.037821400435
0.0745116312051
0.0676490032307
0.0545328954113
0.325559596422
0.118820741195
0.0806217224137
0.0464607300053
0.158933668075
-0.0810152641481
0.0773077346427
0.187957033469
0.037821400435
-0.0213592664697
-0.0785521018931
0.110289705564
0.200840738438
0.487704654277
0.0259254755004
-0.0787520155342
-0.260598053107
-0.0501231847477
0.131871333896
0.175146496985
0.417979292269
0.127116052639
-0.0228558168183
0.101693091354
0.0651704680872
0.0664670507111
0.309036126669
0.176326312969
0.0771718775293
0.0873185906592
-0.0248365627929
0.160117384
0.542430375245
0.431984522583
0.209167275809
0.0308210900348
0.102607014187
-0.00894779823924
0.382047310908
0.382527963201
0.282923289761
0.411481397165
0.252469431375
0.229945004797
0.107561821121
0.0259762521173
0.168687974049
0.376300339053
0.13606268094
-0.00569271614728
0.0401547022408
0.0131775720308
-0.0191024883986
0.0456305728571
0.185532850621
0.477085341693
0.101289765059
-0.0341745784653
0.0329604343291
0.0436547632937
0.116430441181
0.061855334906
0.26701915883
0.266771394983
0.136663100826
0.301676639133
0.277540973781
0.17363035185
0.45997067752
0.371172886006
0.274115705437
-0.039783751949
-0.106022485481
0.328344419679
0.363024198909
0.265032323186
0.510036426797
0.244596167541
0.0306532855786
0.0994073675008
0.144445518266
0.311955512291
0.06492071444
0.182733792704
0.0177025844805
-0.0117392082417
0.262804479791
0.171165309588
0.527010774019
0.506436986821
0.438785757898
0.285280942187
-0.0410708926699
0.0444755429977
0.201636516546
0.346737176785
0.470060173591
0.278348384328
0.2248825203
0.301604302448
0.181933548691
0.0749765050618
0.118038885795
0.326005140685
0.426253357609
0.440821110782
0.0427235201012
0.19594863273
0.0475166029105
0.458686190059
0.262413901853
0.40945580144
-0.010445315363
0.0418818345144
-0.0558028389281
0.0738556196926
0.151250976698
0.173183670796
0.258559919752
0.356810336937
0.0668826849141
-0.170751898684
0.0424728107741
-0.106718649942
0.312426461189
0.269846752056
0.28601505187
-0.109993328409
0.1023622488
0.0568968004504
0.523141095286
0.396745223383
0.502414136215
0.354586789559
0.141466072248
0.0471431109821
0.138289754319
0.452631081026
0.666423830877
0.374087213554
0.313584952648
0.421961879941
0.0990689127946
-0.109993328409
0.0687437538601
0.137650193308
0.132066185536
0.187327731295
0.0619392869471
-0.0766635221507
0.0405601844019
0.101731544648
0.123518180135
-0.0259670437975
0.17993540486
0.0496620325583
0.0459611584626
0.0436625194598
0.0456861575661
0.212907876526
-0.0282989653148
0.154544271706
0.11110767868
-0.166694525769
-0.0345083864302
0.0965514364877
0.0154741773808
0.0730790959454
0.0915135439602
-0.0463189775852
-0.0773138253163
-0.0591302843843
0.138292586629
0.0509870378526
-0.0731826998448
0.264777988367
-0.00926165861078
-0.149763923644
-0.104630156558
0.340217806816
0.281593591347
0.148914319672
0.468316556044
0.292156907447
0.0107178896298
0.0508439850779
0.420608864367
0.417961080938
0.301869475332
0.019627617427
-0.0237334319024
-0.0343314276654
-0.149763923644
0.228188400931
0.25764019158
0.285739403048
0.190559970213
0.0106108693632
-0.0250011794889
-0.105426339603
0.296133628101
0.0433448422466
0.263102661248
0.0249942323079
0.281562229371
0.0633540427422
-0.0230772681898
0.675219760761
0.172401653932
0.0159296557011
0.370575522389
0.268314269861
0.113570084389
0.0387222203698
0.424547899691
0.385716194261
0.294193222814
0.71354251402
0.178304540699
0.0174566866774
0.125987055906
0.192328175579
0.112316995079
0.338394224907
0.33366392732
0.452631081026
0.0952705336824
0.458686190059
0.436271402756
0.590464269966
0.717294722046
1.05150060886
0.707887617567
0.0918225825874
0.0709371779102
0.60373548417
0.519560259802
0.00317192774935
0.225562803925
0.055123871671
