0.0
0.0
1.0
0.0
0.0
0.0
0.0
0.0
0.0
0.0
0.0
0.0
0.0
0.0
0.0
0.0
0.0
0.0
0.0
0.0
0.0
0.0
0.0
0.0
0.0
0.0
0.0
0.0
0.0
1.0
0.0
0.0
0.0
0.0
0.0
0.0
0.0
0.0
0.0
0.0
0.0
0.0
0.0
0.0
0.0
0.0
0.0
0.0
0.0
0.0
0.0
0.0
0.0
0.0
1.0
1.0
0.0
0.0
0.0
0.0
0.0
0.0
0.0
0.0
0.0
0.0
0.0
0.0
0.0
0.0
0.0
0.0
0.0
0.0
0.0
0.0
0.0
0.0
0.0
0.0
0.0
1.0
0.0
0.0
0.0
0.0
0.0
0.0
0.0
0.0
1.0
0.0
0.0
1.0
0.0
0.0
0.0
0.0
0.0
0.0
0.0
0.0
0.0
0.0
0.0
0.0
0.0
0.0
0.0
0.5
1.5
1.5
0.0
1.5
1.0
2.5
0.5
1.0
1.0
1.5
2.5
0.0
1.0
1.0
2.0
1.5
0.5
0.5
0.0
3.5
3.0
2.0
1.0
1.0
3.5
1.0
1.0
2.0
1.0
1.0
2.0
2.0
2.0
1.0
0.5
1.0
1.5
2.0
3.5
2.0
1.0
3.0
0.5
0.0
1.5
1.5
4.5
0.5
1.5
0.5
0.0
3.0
0.5
2.5
3.0
0.5
1.5
0.5
1.5
0.5
1.5
1.0
1.0
0.5
1.5
1.5
1.0
0.5
5.0
2.0
1.0
1.0
4.0
2.5
1.5
2.5
2.5
1.0
2.0
1.5
0.0
1.0
2.5
3.0
0.5
1.5
4.0
3.0
3.0
2.0
2.0
2.0
3.0
1.0
3.0
3.0
2.0
0.0
3.0
3.0
0.0
3.0
2.0
2.0
3.0
3.0
1.0
1.0
4.0
1.0
2.0
1.0
0.0
0.0
5.0
2.0
4.0
4.0
1.0
3.0
3.0
5.0
2.0
2.0
1.0
2.0
1.0
0.0
1.0
1.0
4.0
4.0
1.0
2.0
4.0
2.0
3.0
4.0
7.0
0.0
2.0
5.0
1.0
4.0
4.0
2.0
3.0
3.0
4.0
5.0
4.0
3.0
6.0
1.0
2.0
5.0
5.0
2.0
2.0
6.0
3.0
2.0
1.0
6.0
1.0
3.0
3.0
2.0
3.0
7.0
6.0
5.0
7.0
9.0
2.0
2.0
4.0
2.0
3.0
1.0
1.0
3.0
0.0
3.0
1.0
4.0
3.0
2.0
1.0
1.0
1.0
1.0
5.0
2.0
4.0
3.0
2.0
1.0
4.0
4.0
0.0
2.0
1.0
1.0
9.0
7.0
5.0
4.0
4.0
4.0
3.0
4.0
4.0
3.0
3.0
5.0
4.0
2.0
1.0
5.0
6.0
7.0
8.0
4.0
4.0
6.0
6.0
4.0
1.0
5.0
3.0
3.0
5.0
5.0
3.0
5.0
4.0
3.0
3.0
3.0
5.0
6.0
7.0
5.0
3.0
2.0
6.0
6.0
3.0
10.0
11.0
7.0
4.0
7.0
5.0
11.5
6.0
11.0
5.0
8.0
7.0
5.0
8.0
9.0
8.0
4.0
4.0
11.0
7.0
6.0
9.0
7.0
6.0
8.0
6.0
8.0
7.0
8.0
5.0
6.0
10.0
7.0
10.0
8.0
8.0
6.0
6.0
5.0
7.0
11.0
6.0
8.0
7.0
6.0
8.0
12.0
6.0
12.0
8.0
11.0
7.5
7.5
7.5
6.0
7.5
8.0
6.5
5.0
4.5
7.0
6.0
5.0
8.0
4.0
8.0
5.0
5.0
7.0
5.5
6.5
6.0
5.5
5.0
7.5
5.5
8.0
9.0
5.0
6.0
8.0
9.0
8.5
6.5
11.0
7.5
7.5
5.0
9.0
9.0
14.0
8.0
9.0
4.5
5.0
11.5
10.0
14.0
7.0
9.5
8.0
7.0
8.5
11.0
12.0
10.5
11.5
8.5
8.5
8.0
6.5
11.5
9.0
12.0
12.0
11.0
7.0
9.5
8.5
7.5
7.0
7.5
8.0
10.0
14.0
13.0
8.0
12.0
7.0
6.0
9.5
7.5
13.5
9.0
10.5
6.5
5.5
10.0
9.0
6.5
8.0
8.0
6.5
6.0
8.5
7.5
8.0
8.0
8.0
8.0
9.5
4.5
8.0
9.5
7.0
10.5
8.5
5.0
7.5
9.5
11.5
10.0
11.0
8.0
10.0
9.5
9.0
7.5
8.0
9.0
4.0
5.5
6.5
6.5
9.0
8.5
7.0
5.0
4.5
6.0
11.0
10.5
8.5
10.5
6.5
6.5
8.5
8.0
8.0
8.0
5.5
6.5
7.0
7.5
8.0
10.5
9.5
7.5
6.0
7.0
10.0
10.5
5.0
7.5
7.0
9.0
6.0
8.0
7.5
8.0
6.5
7.0
4.5
5.5
5.0
8.0
8.0
6.0
8.0
4.0
6.0
7.0
4.0
6.0
7.0
6.5
5.5
5.0
5.0
6.0
7.0
7.5
5.5
5.5
7.5
5.5
6.0
6.5
6.5
8.0
6.0
5.5
6.5
8.5
7.0
7.5
6.0
6.0
9.0
5.0
8.5
6.0
11.0
10.0
4.0
8.0
8.0
8.5
10.5
7.5
9.5
7.0
10.5
7.0
8.5
9.5
7.0
8.0
8.0
9.0
7.0
8.5
9.0
9.0
10.5
6.5
5.5
6.5
6.0
11.5
12.0
8.0
7.5
6.5
9.0
10.0
10.5
8.5
12.0
8.0
5.0
7.0
5.5
12.0
9.0
7.0
6.0
9.0
7.0
7.0
8.5
10.5
9.0
5.5
5.0
6.5
8.5
10.0
12.0
7.0
3.5
4.0
9.0
9.5
5.5
7.5
8.0
6.0
7.5
8.5
7.0
7.5
9.0
8.5
5.5
6.0
10.5
6.0
8.0
6.5
10.5
9.5
9.0
7.0
7.5
11.0
6.0
5.0
6.5
5.0
7.0
9.0
7.5
6.0
9.0
7.0
6.5
7.5
7.5
6.5
7.5
9.0
8.0
8.0
6.5
5.5
10.5
10.5
4.5
6.0
3.0
9.5
9.5
6.0
13.0
11.0
13.0
7.0
11.0
11.0
13.0
8.5
8.5
8.0
7.0
9.0
10.0
9.0
9.0
12.0
8.0
9.0
7.0
10.0
9.0
11.0
9.0
10.0
8.0
9.0
6.0
9.0
10.0
9.0
10.0
8.0
16.0
7.0
11.0
9.0
10.0
11.0
10.0
11.0
12.0
8.0
13.0
13.0
10.0
10.0
11.0
9.0
10.0
10.0
11.0
13.0
6.0
12.0
10.0
11.0
8.0
8.0
12.0
9.0
9.0
12.0
11.0
12.0
12.0
6.0
8.0
7.0
10.0
13.0
12.0
8.0
6.0
10.0
7.0
9.0
10.0
8.0
9.0
12.0
10.0
9.0
8.0
10.0
9.0
12.0
7.0
10.0
9.0
10.0
12.0
12.0
10.0
12.0
14.0
7.0
13.0
12.0
7.0
14.0
6.0
7.0
12.0
11.0
9.0
14.0
9.0
14.0
9.5
11.0
14.0
16.5
11.5
15.0
13.5
12.5
12.0
10.5
13.0
11.0
8.5
10.0
10.5
12.5
18.0
14.0
13.0
15.5
11.5
9.0
12.5
11.5
13.0
14.5
14.0
11.0
9.5
13.0
11.0
10.5
12.0
13.5
8.5
11.0
12.5
9.5
11.5
12.0
18.5
11.0
9.5
9.5
10.5
11.5
11.0
11.5
8.5
8.5
15.0
14.0
15.0
12.0
10.0
12.0
11.0
11.5
7.0
14.0
10.0
14.5
9.5
8.0
9.0
13.0
12.5
11.5
12.0
7.5
8.0
11.0
12.5
11.0
11.0
12.5
12.5
11.0
7.5
10.0
10.0
9.5
13.5
16.0
11.0
11.5
10.5
11.5
10.5
10.5
9.5
10.5
9.0
9.5
9.5
8.0
10.0
11.5
12.5
8.0
13.0
9.0
13.0
9.0
15.0
7.0
13.0
10.0
12.0
9.0
12.0
9.0
9.0
9.0
8.0
11.0
15.0
12.0
12.0
11.0
12.0
15.0
13.0
14.0
13.0
15.0
6.0
16.0
10.0
12.0
13.0
13.0
10.0
10.0
14.0
13.0
12.0
10.0
18.0
11.0
13.0
18.0
12.0
12.0
12.0
14.0
18.0
14.0
17.0
14.0
19.0
16.0
16.0
13.0
14.0
13.0
13.0
16.0
16.0
16.0
18.0
16.0
13.0
19.0
20.0
19.0
15.0
13.0
18.0
11.0
15.0
16.0
18.0
16.0
15.0
13.0
20.0
20.0
31.0
28.0
23.0
25.0
19.0
14.0
23.0
19.0
19.0
19.0
18.0
15.0
19.0
20.0
23.0
22.0
22.0
21.0
15.0
16.0
17.0
19.0
14.0
17.0
19.0
17.0
13.0
21.0
17.0
20.0
17.0
13.0
20.0
17.0
15.0
13.0
13.0
16.0
19.0
15.0
17.0
20.0
14.0
18.0
15.0
17.0
13.0
15.0
13.0
16.0
16.0
13.0
15.0
16.0
15.0
15.0
17.0
15.0
16.0
16.0
16.0
15.0
15.0
18.0
16.0
9.0
14.0
13.0
14.0
18.0
15.0
12.0
14.0
14.0
10.0
13.0
13.0
12.0
13.0
12.0
12.5
12.0
11.5
8.0
12.0
10.0
12.0
10.0
11.0
6.0
13.0
11.0
9.0
12.0
10.0
8.0
12.0
12.0
11.0
14.0
10.0
9.0
11.0
12.0
12.0
12.0
10.0
10.0
7.0
10.0
12.0
11.0
13.0
16.0
14.0
11.0
13.0
16.0
12.0
11.0
18.0
13.0
14.0
13.0
11.0
11.0
10.0
11.0
10.0
12.0
10.0
12.0
10.0
15.0
12.0
12.0
14.0
11.0
12.0
14.0
13.0
13.0
11.5
11.5
9.5
11.5
15.0
13.5
13.0
12.5
11.5
15.5
14.5
14.0
14.5
13.5
15.5
12.5
15.0
9.5
12.0
13.5
12.5
13.5
13.5
11.0
15.5
16.0
13.5
16.0
11.5
8.0
12.0
11.5
14.0
18.5
12.5
14.0
12.0
10.0
16.0
10.5
13.0
15.5
12.0
13.5
10.5
13.0
17.5
14.5
14.0
15.5
12.0
10.0
13.0
12.5
14.5
12.5
13.5
12.5
11.5
11.5
11.0
14.0
15.5
11.0
12.0
11.5
12.0
11.5
12.5
20.0
13.5
12.5
12.0
13.5
14.5
14.0
12.5
12.0
14.0
12.5
13.5
11.0
12.0
14.5
13.5
10.5
13.5
13.0
13.5
11.5
15.0
12.5
11.5
10.0
14.0
9.5
14.5
16.0
13.0
11.0
13.5
18.0
12.0
14.0
15.0
12.5
16.5
12.5
12.5
11.0
11.0
10.5
13.5
13.0
13.0
13.0
12.0
13.5
14.0
13.0
11.0
11.0
11.0
13.0
14.5
13.5
12.5
10.5
12.0
12.5
9.5
12.0
10.5
12.0
13.5
11.0
10.0
10.0
13.0
10.0
11.5
12.0
11.5
11.5
13.0
11.0
17.0
13.0
12.0
10.0
9.0
12.0
13.0
15.0
15.0
12.0
9.0
13.0
12.0
16.0
13.0
12.0
18.0
11.0
12.0
9.0
13.0
14.0
13.0
10.0
12.0
14.0
14.0
13.0
13.0
11.0
12.0
11.0
14.0
14.0
14.0
16.0
11.0
14.0
11.0
13.0
13.0
12.0
13.0
11.0
12.0
14.0
11.0
11.0
14.0
15.0
10.0
11.0
11.0
14.0
16.0
19.0
17.0
16.0
16.0
18.0
12.0
18.0
18.0
17.0
15.0
17.0
18.0
18.0
15.0
16.0
19.0
20.0
16.0
20.0
17.0
23.0
25.0
30.0
26.0
19.0
23.0
19.0
16.0
23.0
24.0
23.0
20.0
22.0
19.0
25.0
28.0
22.0
21.0
17.0
19.0
17.0
21.0
19.0
26.0
22.0
18.0
18.0
14.0
19.0
20.0
19.0
17.0
16.0
20.0
16.0
23.0
20.0
19.0
21.0
17.0
16.0
16.0
20.0
17.0
19.0
16.0
17.0
17.0
16.0
18.0
16.0
18.0
19.0
14.0
15.0
13.0
16.0
20.0
17.0
14.0
15.0
14.0
13.0
15.0
16.0
17.0
18.0
11.0
12.0
16.0
14.0
16.0
16.0
17.0
13.0
12.0
13.0
15.0
13.0
13.0
12.0
12.0
12.0
13.0
13.0
13.0
12.0
13.0
11.0
11.0
10.0
12.0
14.0
12.0
12.0
12.0
12.0
11.0
14.0
14.0
17.0
15.0
14.0
15.0
13.0
10.0
12.0
13.0
17.0
16.0
14.0
14.0
15.0
13.0
14.0
15.0
13.0
12.0
16.0
14.0
16.0
14.0
11.0
13.0
11.0
12.0
13.0
10.0
14.0
14.0
11.0
13.0
11.0
14.0
14.0
14.0
15.0
16.0
11.0
13.0
18.0
16.0
12.0
16.0
14.0
15.0
15.0
13.0
14.0
14.0
15.0
15.0
14.0
13.0
16.0
13.0
13.0
17.0
16.0
15.0
15.0
14.0
17.0
14.0
17.0
15.0
18.0
13.0
15.0
15.0
17.0
17.0
14.0
17.0
14.0
14.0
14.0
14.0
17.0
12.0
16.0
14.0
18.0
14.0
15.0
17.0
18.0
17.0
11.0
14.0
14.0
19.0
14.0
11.0
12.0
14.0
15.0
13.0
13.0
16.0
15.0
12.0
14.0
19.0
16.0
13.0
14.0
12.0
14.0
12.0
13.0
13.0
14.0
15.0
17.0
11.0
11.0
15.0
15.0
14.0
10.0
13.0
16.0
13.0
13.0
13.0
13.0
13.0
16.0
16.0
15.0
17.0
14.0
14.0
13.0
12.0
12.0
11.0
12.0
16.0
17.0
17.0
18.0
15.0
14.0
15.0
19.0
20.0
15.0
13.0
14.0
17.0
15.0
15.0
15.0
10.0
14.0
12.0
11.0
13.0
13.0
16.0
16.0
9.0
12.0
12.0
12.0
15.0
16.0
14.0
15.0
14.0
14.0
14.0
13.0
10.0
14.0
13.0
13.0
11.0
13.0
12.0
17.0
12.0
17.0
14.0
13.0
12.5
14.5
14.0
12.5
12.5
13.0
13.0
14.0
15.0
15.5
15.5
10.0
12.0
14.0
17.0
15.5
16.0
15.5
13.5
15.0
12.5
12.5
16.0
13.5
13.0
13.5
16.0
11.0
13.0
15.0
13.5
17.5
14.5
14.0
15.5
15.0
18.5
14.0
11.5
16.5
14.0
14.5
12.0
13.5
15.5
18.0
14.5
14.5
14.0
13.0
16.0
14.0
17.0
17.0
13.0
11.5
17.0
15.0
18.0
15.5
15.0
12.5
16.5
17.0
18.0
15.0
16.0
17.0
15.0
16.5
13.5
24.0
19.5
19.5
26.0
16.0
21.5
16.0
26.0
21.0
16.0
18.5
15.5
19.0
18.0
21.5
17.5
19.0
18.5
14.5
20.5
17.0
17.0
20.5
18.0
14.5
15.5
12.0
14.5
17.5
18.5
22.0
20.0
19.5
17.0
17.0
18.5
18.5
20.0
18.0
16.0
15.0
17.5
16.5
14.5
18.5
16.5
21.5
19.5
22.0
24.5
24.5
23.0
17.0
17.0
19.0
20.5
19.5
20.0
16.0
15.0
18.0
19.5
15.5
19.5
20.0
18.5
16.0
16.0
17.0
18.5
17.5
19.0
15.0
14.5
15.5
18.0
14.5
19.5
22.0
21.0
20.5
16.5
17.5
17.5
16.0
16.5
19.0
16.5
17.5
15.5
14.5
14.0
14.0
16.0
13.0
12.5
12.5
13.0
11.0
13.0
13.0
15.0
13.5
13.5
15.0
16.0
17.0
16.0
13.5
13.5
12.0
13.0
16.0
14.5
14.0
16.0
17.0
12.5
19.0
16.0
15.0
16.0
15.5
15.0
13.0
15.5
14.5
15.0
17.0
16.5
13.5
10.5
13.0
15.0
15.0
17.0
14.0
12.0
15.0
15.5
15.0
14.5
13.0
17.5
13.0
11.0
12.5
13.5
13.0
12.0
13.5
13.5
12.0
12.5
14.5
14.0
12.5
11.5
12.5
13.0
14.5
12.0
11.0
14.0
11.5
11.5
14.0
14.5
13.0
13.0
14.5
12.0
12.5
14.5
13.0
15.5
13.0
12.0
11.5
10.0
14.0
15.5
12.5
16.0
14.0
11.0
12.0
14.0
14.0
15.5
17.5
17.0
13.5
12.0
13.0
15.0
15.5
15.5
16.0
15.0
11.0
14.0
12.0
14.0
15.0
14.0
17.0
14.0
16.0
17.0
14.0
15.0
14.0
15.0
14.0
12.0
16.0
13.0
14.0
14.0
14.0
12.0
13.0
15.0
18.0
13.0
15.0
13.0
13.0
15.0
19.0
18.0
15.0
15.0
15.0
12.0
13.0
15.0
14.0
17.0
14.0
13.0
11.0
14.0
15.0
14.0
17.0
16.0
13.0
11.0
13.0
17.0
14.0
14.0
14.0
15.0
18.0
13.0
14.0
15.0
14.0
13.0
12.0
13.0
12.0
15.0
12.0
13.0
15.0
14.0
13.0
11.0
13.0
13.0
12.0
14.0
13.0
13.0
11.0
13.0
13.0
14.0
12.0
11.0
11.0
10.0
12.0
14.0
13.0
12.0
13.0
11.0
10.0
13.0
13.0
14.0
13.0
15.0
12.0
9.0
13.0
12.0
14.0
12.0
13.0
12.0
13.0
13.0
13.0
12.0
14.0
15.0
12.0
12.0
13.0
14.0
13.0
13.0
11.0
10.0
13.0
13.0
14.0
13.0
11.0
13.0
11.0
11.0
14.0
15.0
14.0
13.0
16.0
14.0
12.0
14.0
12.0
12.0
14.0
14.0
11.0
10.0
13.0
14.0
12.0
15.0
17.0
12.0
12.0
14.0
17.0
16.0
16.0
12.0
13.0
13.0
15.0
14.0
14.0
17.0
18.0
16.0
12.0
14.0
14.0
14.0
13.0
13.0
15.0
15.0
19.0
23.0
20.0
20.0
18.0
17.0
16.0
20.0
23.0
22.0
18.0
18.0
16.0
17.0
18.0
16.0
16.0
17.0
19.0
15.0
11.0
17.0
14.0
15.0
17.0
14.0
13.0
11.0
14.0
14.0
16.0
19.0
14.0
13.0
14.0
14.0
14.0
15.0
19.0
12.0
15.0
13.0
14.0
16.0
15.0
14.0
15.0
15.0
11.0
15.0
17.0
15.0
17.0
18.0
14.0
15.0
16.0
15.0
14.0
17.0
15.0
14.0
16.0
14.0
16.0
21.0
16.0
16.0
14.0
15.0
19.0
17.0
17.0
17.0
15.0
14.0
14.0
16.0
15.0
16.0
16.0
14.0
9.0
11.0
11.0
13.0
12.5
14.0
12.0
12.0
12.0
13.0
13.0
12.0
13.5
13.0
12.0
11.5
9.5
16.0
13.5
17.0
13.5
13.5
14.0
15.0
16.0
16.0
16.0
15.5
13.0
13.0
17.0
16.5
17.5
16.5
16.0
13.0
13.0
15.0
15.5
17.5
16.0
14.0
13.0
13.5
14.0
14.0
17.5
16.0
16.0
13.5
14.0
16.0
18.0
17.0
13.0
15.0
14.0
13.0
13.5
15.5
16.0
16.0
15.0
15.0
13.0
18.0
16.0
14.5
14.0
15.5
14.0
14.0
16.0
18.0
15.5
16.0
15.0
16.0
13.0
18.5
15.5
16.0
14.0
16.0
14.5
14.0
14.5
18.5
17.5
16.0
17.0
13.5
15.0
15.0
18.5
18.0
13.0
14.0
13.5
14.5
16.0
18.0
16.5
15.0
16.0
17.0
16.0
15.5
18.5
14.5
21.0
15.0
12.0
13.0
17.0
16.0
17.0
18.0
14.0
15.0
13.0
15.0
16.0
14.0
16.0
13.0
14.0
15.0
17.0
16.0
17.0
15.0
15.0
15.0
13.0
17.0
16.0
16.0
16.0
17.0
15.0
13.0
16.0
16.0
18.0
16.0
16.0
15.0
12.0
14.0
15.0
16.0
17.0
14.0
13.0
13.0
13.0
18.0
16.0
18.0
16.0
15.0
14.0
15.0
15.0
17.0
18.0
16.0
14.0
15.0
15.0
16.0
15.0
16.0
16.0
12.0
14.0
15.0
16.0
17.0
15.0
15.0
14.0
12.0
15.0
14.0
12.0
13.0
15.0
13.0
11.0
14.0
14.0
13.0
13.0
13.0
12.0
11.0
13.0
14.0
13.0
14.0
15.0
10.0
12.0
14.0
16.0
14.0
17.0
15.5
14.0
14.0
13.5
13.5
15.5
16.0
13.0
15.0
12.5
14.5
15.0
16.5
16.0
13.0
13.0
13.5
13.5
14.0
14.0
12.5
13.5
14.0
12.0
13.0
14.5
17.5
14.0
15.0
13.0
13.5
14.5
16.5
16.0
15.0
14.5
15.0
11.5
14.0
16.0
15.5
15.0
17.5
12.5
13.0
15.0
17.5
18.0
15.0
15.5
15.5
13.5
16.0
16.5
18.5
16.5
17.0
15.5
14.0
14.5
16.5
18.0
17.5
16.0
17.0
14.5
16.0
18.5
14.5
16.5
15.0
17.5
19.5
15.5
20.0
17.0
16.0
20.0
19.0
19.0
24.5
31.5
24.0
23.0
18.0
19.0
14.0
17.5
19.5
19.0
19.0
16.0
18.0
15.5
15.0
19.5
21.0
21.5
17.0
15.0
17.5
19.0
18.0
18.0
16.0
18.0
15.0
16.0
16.0
17.0
18.5
17.5
17.5
16.5
13.0
16.5
20.5
19.5
20.0
16.0
17.5
14.5
19.0
16.5
18.5
18.5
17.5
16.5
15.0
15.5
17.0
14.0
16.0
15.0
14.0
14.0
18.5
15.5
18.0
17.0
18.0
16.0
16.5
17.0
16.5
17.5
18.0
16.5
13.5
14.5
14.0
15.0
15.0
15.0
13.5
13.0
10.5
11.5
13.5
17.0
13.0
13.0
12.0
11.0
15.0
11.0
12.0
11.0
13.0
11.0
13.0
14.0
13.0
13.0
14.0
11.0
14.0
13.0
13.0
16.0
14.0
15.0
14.0
15.0
12.0
15.0
14.0
12.0
13.0
13.0
12.0
12.0
13.0
14.0
14.0
15.0
11.0
12.0
11.0
15.0
15.0
16.0
14.0
13.0
14.0
12.0
17.0
16.0
15.0
15.0
13.0
11.0
13.0
14.0
15.0
15.0
13.0
13.0
12.0
12.0
15.0
16.0
17.0
15.0
14.0
15.0
12.0
13.0
16.0
16.0
14.0
16.0
15.0
15.0
15.0
16.0
15.0
14.0
15.0
13.0
15.0
14.0
18.0
17.0
16.0
16.0
15.0
13.0
15.0
14.0
14.0
16.0
14.0
13.0
16.0
15.0
17.0
14.0
17.0
14.0
12.0
14.0
13.0
15.0
16.0
15.0
14.0
15.0
15.0
16.0
16.0
16.0
18.0
14.0
15.0
14.0
16.0
18.0
15.0
15.0
16.0
15.0
13.0
15.0
15.0
17.0
17.0
17.0
15.0
12.0
15.0
16.0
17.0
16.0
14.0
11.0
14.0
13.0
17.0
16.0
17.0
15.0
16.0
13.0
16.0
15.0
17.0
15.0
14.0
13.0
14.0
16.0
16.0
18.0
17.0
17.0
15.0
16.0
13.0
17.0
18.0
15.0
17.0
15.0
12.0
13.0
14.0
15.0
16.0
15.0
15.0
14.0
15.0
14.0
14.0
17.0
15.0
14.0
13.0
16.0
15.0
16.0
15.0
14.0
14.0
13.0
13.0
14.0
14.0
13.0
11.0
11.0
12.0
14.0
14.0
15.0
13.0
14.0
11.0
12.0
15.0
12.5
13.0
11.5
14.0
11.5
14.0
13.5
13.5
16.0
14.5
13.0
13.5
12.0
15.0
15.5
15.5
16.0
12.5
16.0
12.5
13.5
16.0
13.5
14.0
15.0
14.0
13.0
15.5
15.0
17.0
13.0
15.0
14.0
13.5
14.0
15.5
15.0
17.5
13.5
12.0
14.5
14.5
15.0
17.0
17.0
14.0
14.0
14.0
16.0
17.5
18.5
19.0
16.0
13.0
15.0
16.5
18.5
18.0
19.5
16.5
17.0
18.0
19.0
18.0
20.0
21.0
17.0
15.0
16.5
21.0
22.0
26.5
31.5
35.0
27.0
27.5
30.0
33.0
35.5
34.0
39.5
37.5
45.5
69.5
5254.0
4933.0
2428.0
1253.0
593.0
462.0
466.0
509.0
443.0
339.5
261.5
230.0
244.5
253.0
223.0
219.0
201.0
153.5
166.0
178.5
178.0
187.0
160.0
163.0
135.5
125.5
144.0
151.5
152.0
146.5
151.0
135.0
126.0
141.0
142.0
137.5
139.0
132.5
117.0
116.5
129.0
127.5
131.5
125.0
129.5
119.0
105.0
115.5
120.0
115.5
115.0
118.0
103.0
110.0
122.5
128.0
130.5
119.0
122.5
114.0
111.5
121.5
157.0
149.5
167.0
145.0
151.0
150.5
137.0
135.5
126.0
122.5
122.0
110.0
96.5
100.0
100.5
98.5
107.5
88.0
84.5
90.5
96.0
99.5
105.5
104.5
106.0
94.5
92.5
95.5
103.0
103.0
105.5
114.5
100.0
101.0
98.5
98.0
102.5
103.5
111.0
96.5
94.5
100.0
100.0
103.5
99.0
100.0
91.0
97.0
98.0
101.5
102.5
106.5
106.5
91.5
87.0
97.5
99.5
103.5
104.0
92.5
95.5
87.0
87.5
98.5
99.5
93.5
98.5
86.5
81.0
87.0
86.5
96.0
97.0
96.0
88.0
85.5
91.5
99.0
91.0
98.0
92.5
98.5
95.0
92.0
98.0
105.0
98.0
103.5
91.5
85.0
84.0
95.0
98.5
92.5
97.5
84.5
81.5
87.0
94.5
97.0
97.5
95.5
86.5
81.5
86.5
91.5
98.0
93.0
97.5
88.0
81.5
88.0
96.0
94.5
98.5
90.5
86.5
82.0
81.0
85.5
95.5
94.5
89.0
92.0
87.0
83.5
88.0
90.5
89.5
92.5
84.0
83.0
86.0
92.0
95.0
96.5
91.0
86.0
89.0
88.0
86.5
92.5
94.0
89.5
82.0
79.5
84.5
101.0
98.0
94.0
91.0
80.5
76.5
81.0
88.0
96.0
93.0
86.5
87.0
80.0
86.0
92.5
89.0
91.5
85.5
87.0
84.5
78.0
80.5
94.0
88.0
86.5
76.5
74.0
77.0
83.0
88.0
87.0
84.0
78.0
71.0
78.0
74.0
82.0
78.0
76.0
73.0
70.0
74.0
75.0
76.0
84.0
80.0
76.0
70.0
72.0
74.0
79.0
77.0
84.0
68.0
64.0
62.0
67.0
74.0
72.0
73.0
59.0
66.0
63.0
70.0
65.0
65.0
63.0
63.0
57.0
58.0
69.0
61.0
74.0
67.0
62.0
64.0
58.0
59.0
66.0
69.0
66.0
65.0
68.0
71.0
73.0
84.0
85.0
78.0
67.0
63.0
72.0
66.0
73.0
71.0
75.0
62.0
63.0
71.0
70.0
67.0
77.0
67.0
68.0
65.0
70.0
66.0
72.0
76.0
72.0
72.0
66.0
72.0
75.0
74.0
78.0
74.0
70.0
67.0
68.0
76.0
76.0
75.0
77.0
71.0
69.0
68.0
75.0
73.0
73.0
81.0
70.0
77.0
77.0
83.0
82.0
80.0
82.0
73.0
77.0
76.0
87.5
80.0
70.0
87.0
80.5
72.5
79.0
76.0
83.0
84.5
85.0
83.0
87.5
94.0
127.5
220.5
167.5
135.0
112.0
110.5
101.5
100.5
103.0
104.0
88.0
85.0
82.5
86.0
87.5
84.5
81.0
81.0
71.0
72.0
77.0
78.0
91.5
87.0
75.0
79.5
69.5
76.5
76.5
76.5
80.0
82.5
74.0
71.0
77.5
81.0
73.5
76.5
76.5
70.0
72.0
73.5
76.5
76.5
75.0
67.5
64.0
65.0
67.5
73.5
68.0
73.0
70.0
60.5
64.5
72.0
76.0
76.5
76.5
63.0
73.0
69.0
74.0
75.0
81.0
74.0
77.0
70.5
69.5
70.0
68.0
68.0
66.0
62.0
55.0
56.0
59.0
59.0
62.0
55.0
56.0
49.0
50.0
51.0
56.0
59.0
59.0
56.0
54.0
55.0
59.0
63.0
67.0
71.0
63.0
58.0
57.0
64.0
67.0
72.0
71.0
69.0
63.0
57.0
62.0
66.0
69.0
68.0
68.0
74.0
65.0
75.0
74.0
81.0
69.0
83.0
62.0
67.0
73.0
72.0
78.0
75.0
69.0
63.0
61.0
72.0
76.0
74.0
68.0
68.0
59.0
65.0
63.0
65.0
74.0
70.0
69.0
58.0
66.0
63.0
67.0
77.0
67.0
68.0
67.0
67.0
65.0
76.0
74.0
78.0
76.0
71.0
73.0
71.0
72.0
75.0
78.0
70.0
73.0
68.0
67.0
70.0
78.0
77.0
70.0
67.0
67.0
66.0
70.0
72.0
74.0
70.0
66.0
69.0
72.0
73.0
68.0
71.0
73.0
68.0
64.0
64.0
71.0
74.0
73.0
70.0
66.0
63.0
69.0
75.0
79.0
77.0
77.0
64.0
67.0
76.0
75.0
74.0
78.0
72.0
66.0
63.0
72.0
72.0
73.0
79.0
71.0
66.0
63.0
67.0
68.0
72.0
73.0
73.0
66.0
62.0
70.0
68.0
77.0
79.0
73.0
63.0
69.0
65.0
65.0
65.0
67.0
66.0
68.0
71.0
63.0
61.0
64.0
69.0
66.0
65.0
57.0
63.0
65.0
76.0
74.0
79.0
70.0
73.0
70.0
70.0
77.0
75.0
72.0
66.0
62.0
68.0
72.0
80.0
78.0
76.0
69.0
67.0
71.0
78.0
76.0
80.0
76.0
65.0
67.0
70.0
70.0
83.0
75.0
68.0
70.0
61.0
67.0
70.0
75.0
69.0
70.0
67.0
70.0
61.0
70.0
74.0
77.0
66.0
68.0
64.5
64.5
67.0
76.0
71.5
77.0
74.5
68.0
71.5
77.5
82.0
77.0
78.0
73.0
73.0
72.0
68.0
72.0
74.0
74.0
70.0
71.0
64.0
74.0
74.0
77.0
79.0
64.0
66.0
63.0
76.0
77.0
79.0
72.0
74.0
76.0
67.0
74.0
79.0
74.0
81.0
76.0
73.0
64.0
70.0
79.0
83.0
78.0
74.0
74.0
71.0
73.0
81.0
86.0
81.0
80.0
72.0
79.0
77.0
85.0
80.0
80.0
74.0
73.0
75.0
76.0
87.0
79.0
87.0
76.0
79.0
77.0
85.0
79.0
97.0
87.0
78.0
79.0
97.0
111.0
163.0
176.0
151.0
141.0
116.0
109.0
120.0
139.0
110.0
107.0
101.0
86.0
98.0
98.0
97.0
92.0
88.0
82.0
83.0
80.0
87.0
91.0
93.0
86.0
86.0
84.0
84.0
87.0
87.0
85.0
87.0
76.0
76.0
83.0
98.0
89.0
90.0
90.0
79.0
83.0
82.0
81.0
87.0
91.0
83.0
85.0
73.0
82.0
78.0
83.0
78.0
81.0
81.0
83.0
79.0
82.0
82.0
81.0
90.0
84.0
76.0
82.0
81.0
92.0
90.0
93.0
79.0
77.0
77.0
77.0
79.5
81.5
75.5
71.5
66.5
70.5
67.0
66.0
70.0
63.0
55.0
53.0
56.0
61.0
67.5
62.5
63.5
60.5
68.5
65.5
64.5
73.0
75.5
77.0
74.0
70.5
68.5
74.5
79.0
82.5
85.0
73.0
63.5
69.0
83.0
77.0
77.5
75.0
76.5
70.5
77.0
76.5
83.5
84.0
79.5
68.0
63.0
69.0
74.5
78.5
76.5
73.5
79.5
67.5
74.5
79.5
78.5
74.5
76.5
76.0
62.0
69.5
78.0
84.5
82.0
85.5
73.0
70.5
71.5
81.5
80.0
83.0
88.0
74.0
73.5
79.5
85.5
87.0
95.0
84.5
79.0
77.5
81.0
87.0
91.5
84.5
82.5
85.5
75.0
73.5
82.0
92.5
88.5
84.5
71.5
67.0
77.0
79.0
87.5
88.5
80.0
81.0
80.5
76.5
78.5
80.5
78.0
84.5
76.5
74.0
71.0
83.5
85.0
81.5
77.5
74.0
72.0
71.5
77.5
82.5
84.0
77.5
82.5
70.5
73.5
77.5
77.0
85.0
80.0
77.5
74.5
75.5
78.5
88.0
94.0
86.5
77.5
79.0
70.5
81.0
85.5
81.5
79.5
70.0
68.0
79.0
79.5
85.5
78.0
79.0
77.5
69.5
72.5
75.5
73.5
82.5
77.0
76.0
74.5
72.5
72.5
74.5
74.5
78.0
72.0
67.0
72.0
73.0
77.0
86.0
85.5
85.5
77.0
74.5
85.5
88.5
83.5
75.5
81.0
75.5
73.5
79.0
84.0
79.5
74.0
79.0
68.5
70.0
73.0
77.5
76.0
73.5
73.0
68.0
69.5
73.5
78.0
72.0
78.5
72.5
63.0
67.5
67.0
73.5
84.0
69.0
66.5
74.0
66.0
66.0
71.5
67.0
76.0
62.0
57.5
57.5
69.0
71.5
77.0
68.0
68.0
61.0
63.0
72.5
71.0
64.0
66.0
67.5
64.5
66.5
65.0
65.5
74.0
69.0
63.0
61.5
65.0
63.5
70.5
66.5
68.5
61.0
60.5
64.0
65.5
71.0
64.5
78.5
62.5
69.5
68.5
73.5
76.0
74.0
67.5
67.5
70.0
58.5
65.5
75.5
75.0
72.0
70.5
71.5
68.5
69.0
82.0
79.5
67.0
75.0
68.0
66.0
67.0
80.0
71.0
72.0
72.0
65.0
70.0
70.0
81.0
85.0
76.0
75.0
73.0
68.0
82.0
86.0
85.0
91.0
79.0
78.0
80.0
100.0
148.0
139.0
125.0
121.0
106.0
99.0
104.0
132.0
124.0
106.0
105.0
92.0
93.0
94.0
103.0
96.0
92.0
81.0
77.0
82.0
81.0
98.0
109.0
92.0
90.0
81.0
81.0
85.0
90.0
88.0
87.0
77.0
79.0
82.0
83.0
94.0
89.0
87.0
83.0
83.0
75.0
92.0
96.0
98.0
87.0
82.0
79.0
83.0
80.0
84.0
83.0
76.0
75.0
75.0
75.0
86.0
89.0
94.0
85.0
88.0
85.0
78.0
88.0
91.0
89.0
91.0
86.0
82.0
72.0
77.0
83.0
82.0
82.0
81.0
63.0
66.0
68.0
77.0
73.5
68.5
68.0
71.0
64.0
64.0
69.0
60.5
56.5
64.5
62.0
61.0
68.5
72.0
72.5
75.0
73.0
77.0
69.0
74.0
85.0
94.0
82.5
75.0
79.0
67.0
76.5
86.0
86.0
88.5
81.0
74.0
69.5
77.0
83.0
89.5
81.0
83.0
80.5
72.0
78.5
86.0
87.0
72.5
80.5
71.0
66.0
77.0
87.5
83.0
78.0
73.5
68.0
71.5
67.5
78.5
75.5
79.0
74.5
73.5
65.0
69.5
80.5
87.5
80.5
81.5
69.5
66.0
74.5
81.0
94.5
84.5
71.0
79.0
73.0
78.0
79.5
88.0
85.5
81.5
76.5
61.5
79.5
80.0
90.5
79.0
77.5
65.5
64.5
73.5
80.5
81.5
85.0
77.0
73.0
65.0
73.0
76.5
81.5
82.5
78.0
74.0
73.0
75.5
80.0
87.0
78.5
75.0
72.5
70.5
72.5
83.5
92.0
85.5
81.0
75.5
70.0
81.0
89.0
95.5
82.0
78.5
74.0
75.5
81.0
89.0
96.0
91.0
85.5
75.0
70.5
80.0
82.5
87.5
79.0
77.0
77.5
71.5
76.5
81.5
87.5
80.5
83.5
73.5
72.0
77.0
80.0
80.0
78.0
81.0
72.0
68.5
78.5
85.0
80.0
76.0
71.0
71.0
70.0
72.0
78.5
79.0
85.0
87.5
87.0
73.0
83.5
78.0
79.5
86.0
83.0
75.0
72.0
77.0
85.0
83.0
73.0
78.0
77.5
73.5
73.0
79.5
77.5
87.0
79.5
75.5
67.5
64.5
78.0
80.0
72.5
72.5
76.5
66.0
65.5
74.5
84.5
83.5
75.5
73.0
70.5
69.5
81.0
76.5
72.5
74.5
65.0
59.5
65.0
75.5
76.0
78.5
81.0
76.0
68.0
66.5
75.5
74.5
60.5
79.5
78.0
85.0
61.0
66.5
77.5
75.5
64.5
68.5
61.0
58.0
63.0
66.5
65.5
64.5
68.0
61.0
57.0
71.5
73.0
68.5
60.5
66.5
67.5
71.5
90.0
70.0
68.0
75.5
70.0
67.0
64.0
82.5
72.5
81.5
71.0
67.0
67.5
71.0
74.5
73.5
69.5
74.0
75.5
74.0
76.5
81.0
79.0
83.0
79.0
80.0
73.5
77.5
86.5
80.0
80.5
80.5
80.0
67.5
81.0
87.0
79.5
90.5
78.5
80.5
79.0
97.0
93.5
116.0
115.5
106.0
105.0
104.0
116.0
197.5
166.5
149.0
128.0
112.5
105.0
102.0
105.5
97.5
100.0
81.5
80.5
82.0
87.0
88.5
89.5
87.5
86.5
80.5
80.0
88.0
88.5
86.0
83.5
83.5
86.5
73.0
82.0
88.0
87.5
95.5
83.0
84.0
78.5
86.0
86.0
87.5
88.0
83.5
90.5
68.5
88.0
84.0
85.5
86.5
77.0
74.5
82.0
76.5
85.0
86.5
77.5
80.0
76.0
65.5
69.0
94.0
69.5
93.0
78.5
73.0
68.5
75.0
85.5
87.0
78.0
72.5
74.0
62.5
70.5
69.0
71.0
67.0
65.0
56.0
57.0
62.0
53.0
53.0
59.0
56.0
65.0
68.0
61.0
69.0
76.0
69.0
69.0
70.0
62.0
63.0
68.0
79.0
76.0
75.0
69.0
69.0
72.0
75.0
81.0
83.0
70.0
70.0
64.0
72.0
77.0
77.0
80.0
74.0
67.0
76.0
73.0
92.0
87.0
73.0
78.0
74.0
62.0
71.0
75.0
85.0
79.0
80.0
64.0
66.0
73.0
83.0
76.0
80.0
76.0
77.0
77.0
74.0
82.0
81.0
88.0
84.0
82.0
73.0
72.0
83.0
93.0
84.0
76.0
76.0
77.0
75.0
88.0
96.0
82.0
85.0
83.0
69.0
73.0
82.0
90.0
96.0
78.0
72.0
72.0
78.0
90.0
89.0
76.0
79.0
72.0
70.0
69.0
86.0
85.0
83.0
89.0
75.0
78.0
83.0
87.0
91.0
93.0
86.0
80.0
72.0
78.0
83.0
90.0
91.0
90.0
84.0
75.0
81.0
87.0
98.0
85.0
87.0
79.0
74.0
75.0
94.0
84.0
83.0
82.0
88.0
71.0
91.0
86.0
86.0
84.0
83.0
81.0
74.0
76.0
79.0
98.0
83.0
83.0
71.0
68.0
81.0
87.0
83.0
90.0
79.0
76.0
71.0
79.0
94.0
89.0
93.0
75.0
75.0
67.0
70.0
70.0
78.0
89.0
89.0
87.0
73.0
83.0
80.0
95.0
88.5
80.5
83.5
72.5
81.0
88.5
93.5
83.5
70.0
76.5
66.0
73.0
80.0
78.0
77.0
77.0
76.0
66.0
68.5
80.0
85.5
83.5
75.5
77.5
72.0
80.0
82.5
73.5
76.0
78.5
72.5
65.5
68.5
81.5
81.5
75.5
80.0
68.0
64.5
75.0
79.5
74.5
74.0
75.0
67.0
68.0
67.5
85.0
70.5
84.5
77.5
74.5
64.0
69.5
83.0
82.5
77.5
71.5
76.0
62.0
68.0
70.5
80.0
79.5
71.5
74.0
72.0
69.5
81.5
70.5
73.0
67.0
69.5
68.5
68.5
75.5
81.5
76.5
69.0
70.5
67.0
67.0
73.5
78.5
82.5
69.5
73.5
69.5
68.5
76.5
85.0
72.0
71.0
74.0
68.0
76.0
82.5
75.0
87.0
80.0
74.5
76.0
67.5
85.0
82.5
86.0
82.0
70.0
70.0
73.0
77.5
92.5
76.5
77.0
89.0
75.0
80.0
89.0
87.0
105.5
99.0
95.0
95.5
104.5
193.5
168.5
134.5
132.0
116.0
103.5
108.0
117.5
113.0
101.0
97.0
89.5
80.0
90.5
91.0
91.0
93.5
89.0
80.5
78.0
81.5
85.5
91.5
85.5
74.0
82.0
69.5
80.5
86.5
95.5
91.0
80.0
76.5
87.0
79.0
88.0
88.5
83.0
86.0
76.5
79.5
84.5
87.0
93.0
72.5
70.5
69.0
75.0
73.5
73.0
76.0
75.5
66.0
75.0
68.0
73.5
81.0
87.5
83.5
78.0
72.5
69.0
79.5
80.5
79.0
85.0
69.5
72.0
65.0
66.5
73.0
77.0
66.0
63.0
63.0
54.0
57.0
59.0
55.0
59.0
52.0
57.0
57.0
56.0
62.0
63.0
55.0
53.0
60.0
59.0
59.0
67.0
76.0
72.0
66.0
68.0
65.0
65.0
75.0
82.0
74.0
72.0
83.0
68.0
75.0
80.0
79.0
79.0
77.0
73.0
64.0
74.0
77.0
79.0
74.0
80.0
69.0
63.0
65.0
77.0
69.0
76.0
67.0
67.0
70.0
75.0
73.0
76.0
75.0
75.0
68.0
63.0
70.0
75.0
79.0
72.0
85.0
66.0
65.0
78.0
81.0
88.0
91.0
85.0
66.0
59.0
72.0
78.0
77.0
83.0
82.0
73.0
70.0
73.0
79.0
87.0
74.0
77.0
68.0
57.0
73.0
88.0
71.0
76.0
71.0
59.0
70.0
65.0
79.0
73.0
72.0
80.0
69.0
63.0
71.0
85.0
81.0
83.0
74.0
77.0
68.0
79.0
81.0
85.0
72.0
67.0
70.0
60.0
66.0
73.0
74.0
73.0
76.0
73.0
66.0
81.0
82.0
81.0
83.0
85.0
75.0
70.0
83.0
84.0
82.0
81.0
76.0
72.0
60.0
73.0
88.0
83.0
85.0
73.0
73.0
68.0
80.0
80.0
81.0
66.0
71.0
69.0
69.0
67.0
76.0
67.0
79.0
65.0
68.0
55.0
53.0
57.0
64.0
76.5
70.0
60.5
69.0
74.0
76.0
78.0
94.0
91.0
82.0
76.0
73.0
97.0
89.0
80.0
75.0
74.0
64.0
61.0
77.0
72.0
70.0
72.0
66.0
72.0
69.0
78.0
75.0
80.0
79.0
71.0
69.0
73.0
74.0
69.0
78.0
79.0
73.0
80.0
72.0
84.0
76.0
101.0
87.0
89.0
72.0
64.0
82.0
74.0
84.0
75.0
82.0
70.0
70.0
84.0
79.0
86.0
81.0
75.0
60.0
73.0
74.0
78.0
80.0
75.0
81.0
67.0
68.0
80.0
95.0
79.0
82.0
75.0
76.0
70.0
80.0
91.0
91.0
84.0
76.0
83.0
84.0
90.0
87.0
84.0
88.0
80.0
72.0
73.0
80.0
78.0
83.0
85.0
76.0
73.0
70.0
85.0
82.0
90.0
84.0
81.0
74.0
76.0
81.0
91.0
91.0
90.0
75.0
73.0
76.0
96.0
100.0
82.0
96.5
90.0
96.0
84.0
98.0
97.0
89.5
85.0
90.0
83.5
88.5
96.5
90.5
95.5
101.0
107.5
92.0
110.0
244.5
185.0
154.5
130.5
109.0
103.0
122.5
121.5
113.5
98.0
100.5
95.0
95.0
95.0
104.5
107.0
98.5
96.0
80.0
79.5
97.0
97.5
104.5
92.0
91.0
80.0
90.5
97.5
105.0
97.0
108.0
88.5
103.5
102.0
100.5
113.5
98.5
103.0
90.5
86.5
86.0
96.0
106.0
109.0
103.0
88.0
81.0
69.5
79.0
89.0
89.5
86.0
74.5
83.5
76.0
97.5
94.5
91.5
86.0
92.5
87.0
81.5
86.0
101.5
100.5
99.5
86.5
73.0
70.5
78.5
73.0
75.0
67.0
67.5
57.0
70.0
54.0
64.5
57.5
61.0
59.5
59.0
65.5
68.5
75.0
70.5
59.5
65.5
72.5
58.5
69.5
73.0
81.5
73.0
76.0
68.5
68.0
66.5
75.0
84.5
77.0
64.5
75.5
57.5
80.0
91.0
90.5
85.5
67.0
73.5
65.5
78.5
80.5
75.5
79.5
67.0
77.0
65.0
68.5
91.0
93.5
86.0
78.5
74.5
67.5
72.5
85.5
79.0
70.5
70.5
75.5
64.0
71.0
76.0
85.0
75.5
71.0
71.5
66.0
85.0
91.0
98.0
87.5
69.5
76.0
67.5
66.5
78.5
90.5
85.5
82.5
76.5
75.5
69.0
87.5
85.5
96.0
71.5
82.5
66.0
73.5
75.0
92.0
93.0
91.5
76.0
75.5
71.0
87.0
85.0
87.5
73.0
76.0
66.5
68.0
79.5
79.5
78.5
77.5
70.0
66.0
76.0
85.5
80.0
82.5
77.0
70.5
71.0
71.0
74.0
87.0
81.0
69.0
71.0
62.0
74.0
84.0
81.5
80.0
73.5
75.5
65.0
68.5
93.0
77.5
74.5
74.0
75.0
60.5
65.5
75.5
102.5
81.0
69.5
52.5
74.5
71.5
97.5
81.0
85.5
90.0
69.0
70.5
88.0
70.5
84.0
84.0
68.5
73.0
65.5
40.0
55.5
79.5
78.0
81.0
77.0
68.0
64.0
80.5
80.0
83.0
74.5
77.5
72.0
69.0
71.0
81.0
105.5
90.5
71.5
68.0
65.0
56.0
69.5
62.0
63.0
59.0
59.5
57.5
80.0
72.0
55.0
62.5
55.5
52.5
67.0
64.0
61.5
60.0
68.5
55.5
66.5
70.0
54.0
71.0
70.5
77.0
67.5
50.5
75.0
76.5
69.0
63.5
65.5
62.0
84.5
72.5
91.0
87.0
75.5
78.5
77.0
60.5
59.5
67.0
67.0
58.0
61.0
61.0
63.5
61.0
55.5
65.5
52.0
59.0
59.0
56.0
49.5
61.0
59.0
49.5
50.0
55.0
49.0
62.0
64.0
61.0
62.0
63.0
58.0
68.0
56.0
64.5
61.5
70.0
62.5
59.0
62.0
63.0
61.0
68.0
60.0
61.0
62.0
68.5
75.0
71.5
71.5
68.0
80.0
65.0
53.5
70.0
66.0
72.0
94.0
70.0
69.0
74.0
69.0
84.0
91.0
72.0
71.0
67.0
70.0
94.0
97.0
79.0
94.0
90.0
79.0
81.0
99.0
191.0
175.0
115.0
103.0
100.0
95.0
99.0
105.0
114.0
105.0
110.0
82.0
81.0
96.0
91.0
91.0
107.0
83.0
80.0
92.0
82.0
90.0
86.0
78.0
80.0
81.0
71.0
70.0
66.0
88.0
74.0
81.0
63.0
80.0
81.0
71.0
84.0
73.0
72.0
69.0
69.0
69.0
72.0
73.0
72.0
57.0
69.0
67.0
71.0
72.0
57.0
64.0
59.0
66.0
58.0
67.0
80.0
82.0
67.0
80.0
52.0
67.0
73.0
78.0
76.0
66.0
76.0
66.0
60.0
62.5
66.5
63.0
58.5
46.0
41.5
55.0
56.5
55.5
51.5
43.0
42.5
41.5
52.5
47.0
60.0
50.5
52.5
46.0
46.5
50.5
47.5
57.0
66.0
56.5
48.5
48.0
45.0
51.0
61.0
69.5
63.0
54.0
60.5
64.0
54.0
70.0
66.0
62.5
68.0
57.5
57.0
61.5
58.0
54.5
61.5
58.0
52.0
44.0
50.0
59.0
61.5
66.5
46.5
53.0
56.5
62.0
60.5
62.0
62.0
59.0
59.5
61.0
54.0
68.0
64.5
55.5
62.0
63.5
55.0
65.5
68.0
64.0
64.0
61.0
62.0
57.5
51.5
57.5
69.5
64.5
69.0
66.5
49.0
59.5
66.0
77.5
74.5
57.5
62.0
57.5
53.5
64.5
57.5
58.5
54.5
47.0
60.0
59.0
56.0
61.0
64.0
42.5
46.0
54.0
50.0
65.5
61.0
61.0
50.0
54.0
56.5
68.5
66.5
69.5
74.5
56.0
44.0
52.5
59.5
65.0
62.5
56.5
60.0
51.5
60.0
70.5
60.5
66.5
61.0
52.0
48.0
48.0
59.0
76.5
61.0
53.0
54.5
58.5
41.0
52.0
61.0
68.5
58.5
58.5
59.0
45.0
52.0
68.5
76.0
63.5
53.5
52.0
62.0
58.0
65.0
64.5
55.5
60.0
55.5
43.5
53.0
59.5
60.5
62.0
52.0
46.0
52.0
52.0
68.0
47.5
30.0
40.5
40.0
51.5
59.0
51.5
37.0
29.5
30.5
40.0
38.5
57.5
45.5
46.0
41.5
33.0
41.5
41.5
50.0
37.0
74.0
40.0
31.0
43.0
57.0
39.0
38.5
48.0
31.0
32.5
40.5
35.0
39.5
32.0
15.5
14.5
24.0
21.5
24.5
32.5
24.0
18.0
24.5
23.5
33.5
35.0
31.5
38.0
29.5
29.5
26.5
35.0
41.5
52.0
35.5
32.5
22.5
26.0
37.5
34.0
35.0
37.5
32.0
39.5
31.0
38.0
29.0
41.5
44.0
40.5
43.0
34.5
32.0
36.5
43.5
41.5
32.5
30.0
22.0
27.5
29.5
36.0
42.0
33.5
39.5
28.0
36.5
37.5
49.0
46.5
31.0
47.0
46.0
37.0
47.0
34.5
38.0
34.0
31.0
29.5
31.0
34.0
34.0
36.5
38.5
27.5
27.0
24.5
36.0
37.0
35.5
27.5
33.5
29.0
40.5
73.0
71.5
199.0
178.0
99.0
49.0
72.5
43.5
36.0
46.5
30.0
32.5
29.0
50.5
40.5
43.0
35.5
41.0
33.5
31.0
28.5
32.0
43.0
36.5
38.5
31.5
27.5
35.0
32.5
38.0
33.0
31.0
28.0
20.0
30.0
174.5
81.5
45.0
41.5
32.0
28.5
30.5
44.5
33.5
28.0
25.5
23.0
28.5
35.0
49.0
37.5
37.0
25.5
34.5
28.0
40.5
33.0
34.0
33.5
27.5
24.5
36.5
29.5
38.5
37.0
40.5
34.5
37.5
35.5
99.0
66.0
33.5
46.0
58.5
25.0
23.5
36.0
34.5
