3.0
4.0
5.0
6.0
3.0
5.0
5.0
6.0
5.0
7.0
5.0
5.0
5.0
6.0
8.0
8.0
8.0
5.0
6.0
6.0
7.0
6.0
6.0
8.0
5.0
4.0
4.0
7.0
8.0
6.0
7.0
7.0
5.0
6.0
9.0
7.0
8.0
5.0
6.0
4.0
6.0
7.0
6.0
6.0
9.0
7.0
5.0
6.0
7.0
7.0
7.0
9.0
6.0
4.0
5.0
7.0
6.0
8.0
6.0
6.0
5.0
6.0
8.0
8.0
8.0
7.0
8.0
5.0
5.0
8.0
6.0
7.0
6.0
6.0
5.0
6.0
9.0
8.0
6.0
6.0
5.0
4.0
5.0
5.0
6.0
6.0
6.0
5.0
5.0
5.0
8.0
7.0
6.0
8.0
7.0
6.0
7.0
8.0
7.0
8.0
7.0
7.0
6.0
5.0
6.0
8.0
7.0
7.0
7.0
5.0
6.0
7.0
8.0
9.0
7.0
6.0
5.0
7.0
7.0
9.0
9.0
7.0
8.0
5.0
6.0
8.0
8.0
7.0
9.0
6.0
6.0
7.0
7.0
8.0
7.0
7.0
8.0
5.0
6.0
8.0
7.0
7.0
7.0
8.0
6.0
8.0
7.0
9.0
9.0
9.0
7.0
6.0
5.0
9.0
9.0
8.0
9.0
8.0
6.0
7.0
8.0
8.0
7.0
8.0
6.0
6.0
7.0
8.0
7.0
7.0
7.0
6.0
6.0
6.0
9.0
8.0
8.0
10.0
8.0
7.0
6.0
8.0
8.0
9.0
9.0
8.0
5.0
6.0
10.0
8.0
7.0
7.0
8.0
5.0
6.0
9.0
8.0
7.0
7.0
7.0
4.0
5.0
7.0
8.0
9.0
8.0
6.0
5.0
6.0
8.0
8.0
8.0
8.0
7.0
6.0
5.0
8.0
7.0
7.0
6.0
6.0
4.0
5.0
8.0
7.0
7.0
6.0
5.0
5.0
5.0
8.0
7.0
7.0
7.0
7.0
5.0
5.0
9.0
7.0
8.0
8.0
7.0
6.0
6.0
7.0
8.0
10.0
10.0
7.0
7.0
6.0
9.0
9.0
12.0
11.0
7.0
7.0
7.0
11.0
9.0
11.0
9.0
10.0
8.0
8.0
11.0
10.0
12.0
12.0
9.0
7.0
8.0
10.0
10.0
13.0
14.0
13.0
10.0
15.0
19.0
21.0
22.0
18.0
16.0
11.0
13.0
19.0
14.0
13.0
13.0
14.0
10.0
10.0
15.0
14.0
16.0
16.0
12.0
11.0
9.0
15.0
13.0
14.0
13.0
11.0
8.0
9.0
14.0
13.0
10.0
13.0
14.0
9.0
9.0
12.0
13.0
13.0
13.0
12.0
12.0
11.0
14.0
12.0
13.0
14.0
14.0
12.0
12.0
12.0
12.0
12.0
11.0
9.0
10.0
12.0
12.0
14.0
14.0
12.0
10.0
10.0
11.0
11.0
14.0
12.0
14.0
10.0
10.0
11.0
12.0
12.0
11.0
11.0
9.0
8.0
9.0
10.0
11.0
7.0
7.0
8.0
7.0
9.0
10.0
10.0
10.0
8.0
10.0
10.0
10.0
13.0
11.0
12.0
13.0
12.0
9.0
10.0
13.0
13.0
11.0
13.0
12.0
10.0
11.0
13.0
15.0
13.0
11.0
12.0
9.0
12.0
14.0
15.0
15.0
14.0
14.0
12.0
11.0
13.0
14.0
14.0
13.0
16.0
11.0
9.0
14.0
14.0
13.0
12.0
14.0
11.0
11.0
13.0
14.0
14.0
15.0
13.0
13.0
12.0
15.0
14.0
15.0
13.0
15.0
12.0
11.0
17.0
16.0
14.0
15.0
12.0
10.0
12.0
16.0
14.0
15.0
15.0
13.0
12.0
15.0
14.0
16.0
16.0
15.0
14.0
13.0
13.0
16.0
17.0
16.0
13.0
13.0
10.0
11.0
16.0
13.0
14.0
14.0
15.0
13.0
11.0
13.0
15.0
16.0
14.0
12.0
11.0
12.0
15.0
14.0
16.0
20.0
14.0
11.0
11.0
16.0
14.0
13.0
14.0
13.0
12.0
13.0
14.0
16.0
14.0
14.0
13.0
10.0
10.0
16.0
16.0
14.0
14.0
11.0
11.0
12.0
15.0
15.0
14.0
12.0
12.0
9.0
12.0
14.0
15.0
14.0
11.0
11.0
8.0
10.0
12.0
16.0
12.0
12.0
14.0
11.0
10.0
13.0
13.0
12.0
12.0
12.0
10.0
10.0
14.0
13.0
12.0
12.0
12.0
10.0
9.0
14.0
14.0
15.0
14.0
11.0
10.0
11.0
16.0
12.0
13.0
11.0
11.0
9.0
9.0
11.0
12.0
12.0
10.0
9.0
8.0
8.0
12.0
13.0
14.0
14.0
12.0
9.0
10.0
12.0
12.0
12.0
13.0
13.0
10.0
11.0
15.0
17.0
16.0
16.0
13.0
10.0
12.0
13.0
15.0
14.0
12.0
12.0
9.0
8.0
14.0
12.0
13.0
12.0
11.0
9.0
9.0
13.0
14.0
13.0
13.0
12.0
9.0
11.0
13.0
13.0
14.0
13.0
12.0
9.0
11.0
16.0
16.0
17.0
13.0
11.0
10.0
10.0
14.0
15.0
16.0
14.0
16.0
12.0
11.0
16.0
19.0
16.0
18.0
14.0
13.0
13.0
18.0
19.0
18.0
14.0
15.0
13.0
14.0
17.0
13.0
14.0
18.0
19.0
20.0
15.0
15.0
14.0
14.0
24.0
26.0
21.0
22.0
34.0
37.0
40.0
29.0
32.0
25.0
26.0
28.0
23.0
21.0
23.0
22.0
19.0
16.0
25.0
25.0
26.0
24.0
23.0
17.0
18.0
20.0
24.0
24.0
27.0
24.0
18.0
17.0
21.0
25.0
24.0
24.0
24.0
17.0
16.0
22.0
24.0
23.0
23.0
21.0
19.0
20.0
21.0
21.0
19.0
21.0
20.0
22.0
15.0
17.0
17.0
17.0
15.0
14.0
15.0
15.0
19.0
17.0
17.0
21.0
18.0
14.0
16.0
19.0
17.0
17.0
19.0
16.0
15.0
15.0
16.0
18.0
17.0
17.0
18.0
14.0
13.0
14.0
18.0
15.0
14.0
11.0
12.0
15.0
15.0
16.0
14.0
14.0
13.0
14.0
13.0
16.0
14.0
15.0
18.0
20.0
15.0
15.0
18.0
21.0
21.0
22.0
19.0
19.0
18.0
18.0
20.0
18.0
20.0
19.0
20.0
20.0
20.0
18.0
21.0
20.0
19.0
16.0
17.0
21.0
21.0
19.0
19.0
21.0
17.0
18.0
19.0
19.0
18.0
19.0
18.0
15.0
16.0
17.0
23.0
22.0
22.0
18.0
20.0
19.0
24.0
23.0
20.0
17.0
18.0
19.0
17.0
20.0
19.0
21.0
21.0
21.0
19.0
18.0
18.0
22.0
23.0
27.0
25.0
23.0
21.0
28.0
26.0
26.0
26.0
25.0
24.0
21.0
25.0
25.0
26.0
25.0
24.0
23.0
21.0
22.0
22.0
23.0
24.0
22.0
19.0
18.0
21.0
22.0
29.0
27.0
23.0
22.0
19.0
24.0
24.0
27.0
24.0
27.0
23.0
20.0
21.0
24.0
25.0
26.0
27.0
19.0
24.0
27.0
29.0
23.0
25.0
25.0
23.0
21.0
25.0
27.0
22.0
26.0
28.0
22.0
19.0
25.0
25.0
22.0
21.0
22.0
22.0
18.0
22.0
19.0
19.0
22.0
25.0
19.0
19.0
22.0
22.0
19.0
21.0
18.0
19.0
16.0
19.0
20.0
22.0
21.0
22.0
20.0
20.0
22.0
21.0
20.0
20.0
17.0
23.0
19.0
20.0
20.0
16.0
20.0
20.0
19.0
16.0
24.0
20.0
22.0
20.0
17.0
14.0
14.0
18.0
21.0
19.0
20.0
14.0
14.0
16.0
16.0
17.0
16.0
17.0
16.0
14.0
13.0
15.0
16.0
17.0
16.0
16.0
15.0
16.0
16.0
17.0
16.0
21.0
26.0
20.0
19.0
26.0
24.0
25.0
28.0
23.0
20.0
21.0
23.0
26.0
24.0
27.0
26.0
19.0
21.0
26.0
26.0
25.0
28.0
25.0
23.0
21.0
25.0
28.0
27.0
25.0
25.0
21.0
19.0
28.0
27.0
29.0
26.0
27.0
18.0
21.0
29.0
27.0
32.0
26.0
29.0
19.0
21.0
25.0
33.0
30.0
28.0
24.0
20.0
23.0
26.0
31.0
31.0
31.0
27.0
20.0
23.0
28.0
44.0
50.0
41.0
33.0
29.0
31.0
36.0
41.0
46.0
39.0
42.0
39.0
34.0
67.0
72.0
75.0
56.0
53.0
36.0
36.0
56.0
46.0
46.0
35.0
38.0
33.0
33.0
38.0
38.0
45.0
40.0
38.0
28.0
29.0
45.0
34.0
35.0
41.0
32.0
24.0
29.0
38.0
38.0
35.0
37.0
30.0
34.0
27.0
34.0
35.0
36.0
35.0
32.0
28.0
23.0
29.0
38.0
35.0
33.0
34.0
28.0
31.0
35.0
34.0
31.0
29.0
26.0
24.0
28.0
34.0
32.0
39.0
39.0
35.0
29.0
30.0
36.0
35.0
36.0
37.0
35.0
25.0
26.0
36.0
38.0
35.0
28.0
30.0
23.0
23.0
29.0
29.0
30.0
25.0
19.0
17.0
19.0
20.0
21.0
22.0
21.0
20.0
18.0
24.0
29.0
34.0
31.0
28.0
27.0
24.0
22.0
30.0
39.0
36.0
28.0
28.0
24.0
25.0
28.0
32.0
39.0
36.0
36.0
27.0
30.0
36.0
35.0
38.0
36.0
32.0
26.0
29.0
34.0
34.0
35.0
34.0
31.0
24.0
26.0
33.0
30.0
34.0
35.0
37.0
25.0
29.0
31.0
34.0
40.0
39.0
40.0
24.0
29.0
32.0
34.0
34.0
36.0
34.0
29.0
30.0
37.0
41.0
36.0
36.0
29.0
23.0
25.0
34.0
31.0
33.0
35.0
35.0
23.0
26.0
35.0
32.0
35.0
32.0
28.0
20.0
31.0
35.0
39.0
31.0
31.0
34.0
25.0
25.0
31.0
32.0
37.0
33.0
29.0
24.0
27.0
32.0
33.0
35.0
29.0
28.0
21.0
24.0
30.0
31.0
31.0
31.0
32.0
21.0
27.0
31.0
35.0
35.0
33.0
28.0
25.0
23.0
33.0
32.0
33.0
34.0
28.0
27.0
26.0
29.0
30.0
30.0
33.0
30.0
23.0
25.0
30.0
32.0
35.0
31.0
28.0
22.0
25.0
37.0
34.0
34.0
34.0
27.0
22.0
24.0
31.0
34.0
33.0
33.0
28.0
23.0
20.0
30.0
28.0
28.0
29.0
29.0
22.0
23.0
32.0
33.0
36.0
32.0
28.0
23.0
25.0
33.0
33.0
32.0
35.0
25.0
24.0
24.0
30.0
28.0
26.0
27.0
24.0
18.0
22.0
33.0
28.0
27.0
27.0
23.0
20.0
17.0
24.0
22.0
27.0
25.0
26.0
21.0
20.0
28.0
27.0
26.0
28.0
24.0
19.0
20.0
26.0
26.0
28.0
25.0
22.0
18.0
21.0
27.0
36.0
29.0
26.0
27.0
26.0
20.0
23.0
27.0
25.0
30.0
27.0
20.0
24.0
23.0
31.0
27.0
29.0
28.0
24.0
21.0
23.0
28.0
25.0
24.0
22.0
19.0
19.0
26.0
23.0
25.0
32.0
27.0
22.0
20.0
26.0
26.0
27.0
30.0
30.0
21.0
22.0
22.0
25.0
25.0
25.0
27.0
22.0
23.0
29.0
31.0
30.0
26.0
28.0
26.0
23.0
29.0
29.0
35.0
37.0
32.0
26.0
25.0
36.0
33.0
33.0
40.0
41.0
36.0
45.0
76.0
75.0
67.0
71.0
70.0
49.0
49.0
71.0
57.0
60.0
66.0
60.0
45.0
43.0
55.0
50.0
50.0
49.0
47.0
31.0
35.0
51.0
47.0
49.0
49.0
48.0
40.0
40.0
52.0
42.0
52.0
51.0
50.0
30.0
40.0
48.0
53.0
52.0
54.0
52.0
38.0
45.0
52.0
55.0
55.0
54.0
49.0
41.0
47.0
53.0
58.0
55.0
57.0
44.0
42.0
42.0
50.0
49.0
53.0
51.0
46.0
38.0
43.0
49.0
51.0
52.0
45.0
50.0
50.0
44.0
58.0
51.0
52.0
46.0
43.0
35.0
41.0
41.0
36.0
36.0
38.0
24.0
24.0
24.0
41.0
33.0
35.0
43.0
32.0
35.0
29.0
39.0
45.0
40.0
44.0
40.0
37.0
37.0
47.0
42.0
49.0
48.0
45.0
35.0
38.0
48.0
45.0
35.0
38.0
46.0
40.0
38.0
45.0
50.0
46.0
42.0
42.0
35.0
35.0
53.0
38.0
46.0
43.0
43.0
37.0
41.0
46.0
46.0
52.0
51.0
44.0
38.0
41.0
44.0
44.0
46.0
52.0
55.0
35.0
39.0
51.0
48.0
49.0
49.0
48.0
37.0
41.0
46.0
50.0
48.0
46.0
46.0
43.0
40.0
52.0
49.0
53.0
51.0
37.0
35.0
40.0
46.0
43.0
48.0
50.0
43.0
37.0
38.0
48.0
48.0
46.0
45.0
43.0
33.0
38.0
46.0
45.0
49.0
42.0
43.0
36.0
38.0
49.0
52.0
46.0
43.0
41.0
37.0
41.0
53.0
52.0
50.0
43.0
41.0
37.0
41.0
49.0
50.0
55.0
49.0
51.0
38.0
42.0
50.0
60.0
46.0
49.0
42.0
36.0
37.0
46.0
43.0
52.0
52.0
46.0
37.0
41.0
45.0
51.0
46.0
39.0
49.0
39.0
36.0
49.0
46.0
42.0
40.0
43.0
31.0
42.0
47.0
47.0
49.0
56.0
46.0
33.0
34.0
45.0
52.0
51.0
52.0
43.5
40.5
38.0
48.5
47.0
49.5
44.5
44.5
41.0
41.0
48.5
51.5
53.5
51.0
37.5
36.5
37.5
43.0
49.0
45.5
45.5
49.5
36.0
43.0
48.5
47.5
46.5
45.5
40.5
37.5
34.5
43.0
43.0
49.0
51.5
44.0
35.5
37.5
46.0
46.5
47.0
46.0
40.5
36.0
31.0
44.0
45.0
42.0
37.0
37.5
32.0
35.0
43.5
44.5
47.5
45.5
37.5
34.0
35.0
38.0
48.5
39.5
41.5
35.5
30.0
34.5
38.0
37.5
36.5
37.5
35.0
33.0
33.5
38.0
39.5
39.0
39.0
39.5
35.5
34.0
41.5
48.5
40.5
42.5
42.0
32.0
35.0
46.5
47.0
51.0
43.5
41.5
33.5
34.0
44.5
42.5
46.0
47.0
41.0
37.0
42.0
51.0
48.5
59.5
55.0
47.5
37.5
39.0
52.0
45.5
54.0
49.0
48.5
38.5
41.5
47.5
59.0
53.0
52.5
47.5
39.0
42.5
48.0
53.5
52.0
59.0
54.5
45.5
58.0
90.0
105.5
85.0
73.5
69.0
58.0
57.5
82.0
74.0
64.5
59.5
58.5
43.0
42.0
57.5
56.5
57.0
60.5
53.0
43.0
49.0
60.0
54.0
63.5
56.0
53.5
46.5
50.0
59.5
63.5
57.5
59.0
51.5
47.5
48.0
61.5
58.0
57.0
58.0
51.0
40.0
47.0
59.5
54.0
52.5
43.0
42.0
39.5
45.0
60.5
56.0
59.5
58.5
57.5
44.0
49.0
56.5
54.5
53.0
49.0
54.5
43.5
47.5
66.0
58.0
57.0
50.5
55.0
45.0
43.5
55.0
50.0
49.0
49.0
39.0
38.0
35.0
33.5
34.5
36.0
43.5
40.5
35.0
38.5
36.5
36.5
47.0
48.0
50.0
40.5
43.5
50.5
55.5
52.5
60.0
46.5
44.0
41.0
47.5
56.5
55.0
53.5
47.5
37.5
46.5
58.0
57.5
57.0
56.5
52.5
46.5
42.5
50.0
55.5
59.5
54.5
47.0
41.5
45.5
50.0
60.5
58.0
51.0
50.0
45.0
41.5
50.0
55.0
48.0
52.5
40.5
39.0
46.0
50.0
62.5
56.0
54.0
51.0
41.0
44.0
47.0
56.5
60.5
50.5
58.0
44.0
42.0
63.0
60.0
59.0
56.0
61.0
46.0
46.5
53.0
61.5
61.0
64.0
58.5
41.0
46.5
55.5
63.0
52.0
52.5
58.0
46.5
46.0
57.0
58.5
52.0
55.0
49.5
41.0
43.0
51.0
57.0
57.5
52.5
44.5
45.0
48.0
56.0
53.0
52.5
63.0
53.5
42.0
45.5
61.5
61.0
58.5
52.0
50.0
37.0
48.5
50.0
52.0
50.0
55.5
55.5
42.0
42.5
46.0
55.5
52.5
48.5
52.0
38.5
44.0
52.0
56.0
51.5
55.0
51.0
38.0
42.5
48.5
60.0
55.0
60.5
51.5
37.0
45.5
51.0
56.5
58.0
55.0
49.5
36.0
40.0
50.5
58.5
48.5
54.0
46.5
38.0
41.0
49.5
52.0
49.5
46.5
47.0
37.5
43.0
49.5
47.5
61.0
59.5
47.0
41.0
42.0
49.0
54.5
51.5
46.0
43.0
38.0
42.0
51.5
47.0
52.0
48.0
43.0
41.0
39.0
50.5
51.5
48.5
47.5
47.5
36.0
36.5
52.5
49.0
49.0
43.0
48.5
34.0
40.0
47.0
47.5
45.5
45.5
39.5
36.5
35.5
47.5
36.0
17.0
42.5
33.0
33.0
31.0
37.0
39.5
39.0
36.0
39.0
34.0
32.5
43.0
41.5
39.0
42.5
40.5
32.0
34.0
42.5
41.0
44.0
42.5
46.0
31.0
34.5
41.0
43.5
41.5
39.5
42.0
29.0
34.0
43.5
42.5
43.0
44.5
37.0
33.0
31.5
40.5
40.5
40.0
39.0
41.5
30.5
35.0
42.0
46.5
46.0
42.5
50.0
37.0
37.0
44.5
42.0
44.0
42.0
48.0
36.0
39.5
44.0
45.0
52.0
48.5
47.5
39.0
37.5
49.0
52.0
47.0
46.0
54.0
40.5
43.5
71.0
103.5
80.5
77.5
73.5
53.5
52.0
66.0
60.0
60.5
62.5
53.0
47.0
45.5
58.0
58.5
54.5
55.5
51.5
45.5
41.0
51.0
54.0
54.5
48.5
42.0
37.5
40.5
48.5
54.0
49.0
51.5
49.0
40.0
42.5
49.0
50.5
52.0
49.5
51.5
39.5
42.0
54.0
50.0
49.5
55.0
45.5
44.5
37.5
49.5
54.5
48.0
43.5
39.5
39.0
41.0
53.0
54.5
57.5
55.5
54.5
44.5
47.0
56.0
59.0
57.5
53.5
44.5
43.5
43.5
44.0
47.5
45.5
46.0
44.5
33.0
34.0
34.5
35.5
34.0
32.0
42.5
35.5
35.0
37.5
39.0
32.0
35.0
39.0
32.5
32.5
32.5
46.5
48.5
46.0
41.5
37.5
43.0
48.5
55.0
49.5
51.0
44.0
40.5
39.5
40.0
47.5
47.5
49.5
42.0
36.5
41.5
54.0
49.0
47.5
47.5
45.0
39.5
39.5
47.0
55.5
48.5
53.0
48.0
40.0
39.5
47.5
53.0
50.5
46.5
49.5
39.0
44.0
50.5
53.5
50.0
49.5
43.0
38.0
40.5
47.5
51.0
50.5
47.0
51.0
35.5
38.5
48.0
49.0
57.0
52.5
54.0
43.0
49.5
51.0
50.5
63.0
53.5
44.0
38.0
48.0
54.0
54.5
64.0
57.5
54.5
43.0
46.5
55.5
54.5
51.5
50.0
57.0
47.5
48.5
58.0
53.0
53.0
56.5
56.0
38.0
41.0
55.5
64.5
59.0
59.0
56.0
53.0
54.0
55.0
60.0
60.0
54.5
55.0
43.5
49.0
52.0
56.0
65.5
65.0
56.5
44.0
46.0
57.5
53.5
55.5
54.5
58.0
44.5
51.0
57.5
59.0
52.5
49.5
46.5
43.0
47.0
59.5
61.0
54.0
54.0
55.0
42.0
51.0
53.5
62.0
56.0
51.0
46.5
44.5
51.0
48.5
46.0
48.5
54.0
48.0
45.0
45.0
52.0
52.0
46.0
51.0
50.0
38.0
36.0
49.0
53.0
45.0
47.0
44.0
43.0
36.0
42.0
48.0
52.0
51.0
50.0
40.0
39.0
51.0
50.0
56.0
57.0
46.0
38.0
39.0
47.0
45.0
43.0
46.0
45.0
40.0
43.0
54.0
42.0
41.0
42.0
54.0
36.0
42.0
49.0
52.0
52.0
51.0
46.0
38.0
39.0
48.0
52.0
48.0
53.0
48.0
44.0
40.0
56.0
55.0
49.0
47.0
51.0
38.0
39.0
48.0
46.0
49.0
44.0
47.0
43.0
44.0
49.0
51.0
58.0
55.0
38.0
36.0
40.0
55.0
45.0
58.0
47.0
37.0
36.0
40.0
49.0
47.0
47.0
47.0
49.0
42.0
39.0
46.0
53.0
53.0
49.0
54.0
41.0
43.0
49.0
56.0
50.0
56.0
48.0
35.0
43.0
56.0
53.0
54.0
55.0
46.0
41.0
42.0
57.0
55.0
54.0
48.0
54.0
44.0
52.0
54.0
48.0
49.0
49.0
48.0
42.0
44.0
76.0
74.0
84.0
78.0
69.0
56.0
54.0
73.0
67.0
51.0
56.0
53.0
36.0
40.0
68.0
55.0
54.0
44.0
52.0
45.0
37.0
55.0
50.0
52.0
52.0
46.0
39.0
42.0
64.0
69.0
61.0
51.0
46.0
45.0
48.0
56.0
64.0
53.0
56.0
63.0
84.0
69.0
66.0
57.0
55.0
55.0
52.0
44.0
41.0
53.0
48.0
51.0
46.0
45.0
42.0
30.0
53.0
57.0
64.0
47.0
44.0
41.0
40.0
48.0
56.0
54.0
62.0
52.0
38.0
47.0
49.0
49.0
46.0
54.0
43.0
38.0
36.0
38.0
40.0
33.0
31.0
40.0
33.0
31.0
40.0
37.0
37.0
35.0
38.0
44.0
41.0
41.0
54.0
48.0
40.0
39.0
32.0
38.0
48.0
43.0
48.0
47.0
44.0
34.0
37.0
46.0
49.0
52.0
47.0
50.0
34.0
34.0
52.0
51.0
47.0
43.0
50.0
38.0
37.0
40.0
45.0
48.0
47.0
55.0
41.0
36.0
54.0
52.0
47.0
49.0
48.0
35.0
40.0
46.0
42.0
44.0
49.0
46.0
40.0
39.0
53.0
57.0
51.0
47.0
46.0
36.0
44.0
50.0
50.0
48.0
48.0
42.0
36.0
46.0
54.0
53.0
56.0
48.0
46.0
37.0
36.0
52.0
51.0
50.0
52.0
42.0
36.0
39.0
53.0
55.0
54.0
60.0
57.0
44.0
41.0
58.0
52.0
54.0
61.0
46.0
41.0
41.0
48.0
55.0
60.0
52.0
48.0
39.0
47.0
56.0
55.0
53.0
50.0
47.0
45.0
47.0
45.0
53.0
52.0
51.0
48.0
42.0
44.0
55.0
48.0
53.0
51.0
55.0
40.0
43.0
59.0
51.0
56.0
60.0
54.0
0.0
39.0
52.0
56.0
53.0
48.0
51.0
46.0
42.0
50.0
58.0
51.0
55.0
50.0
34.0
53.0
0.0
0.0
48.0
48.0
43.0
42.0
43.0
63.0
53.0
54.0
58.0
54.0
47.0
40.0
56.0
59.0
54.0
50.0
42.0
28.0
30.0
44.0
39.0
38.0
41.0
39.0
35.0
29.0
42.0
41.0
43.0
46.0
36.0
27.0
28.0
39.0
42.0
34.0
45.0
46.0
32.0
38.0
50.0
41.0
51.0
45.0
45.0
38.0
35.0
44.0
50.0
48.0
43.0
45.0
32.0
38.0
52.0
45.0
42.0
45.0
39.0
35.0
34.0
39.0
50.0
50.0
41.0
41.0
34.0
33.0
33.0
36.0
42.0
40.0
42.0
35.0
32.0
36.0
40.0
42.0
43.0
31.0
31.0
37.0
42.0
44.0
43.0
44.0
44.0
38.0
37.0
45.0
50.0
48.0
41.0
39.0
37.0
33.0
41.0
41.0
45.0
51.0
38.0
36.0
41.0
45.0
55.0
47.0
43.0
45.0
35.0
37.0
45.0
47.0
47.0
52.0
50.0
38.0
36.0
54.0
55.0
54.0
55.0
51.0
40.0
39.0
49.0
49.0
54.0
50.0
48.0
43.0
37.0
75.0
79.0
75.0
71.0
68.0
51.0
52.0
67.0
67.0
66.0
60.0
57.0
46.0
49.0
63.0
61.0
57.0
56.0
50.0
39.0
38.0
55.0
52.0
54.0
53.0
49.0
41.0
44.0
49.0
58.0
54.0
54.0
47.0
46.0
46.0
55.0
57.0
48.0
57.0
47.0
39.0
41.0
55.0
47.0
48.0
38.0
38.0
27.0
31.0
43.0
42.0
39.0
39.0
32.0
28.0
31.0
45.0
47.0
43.0
35.0
36.0
26.0
31.0
34.0
43.0
45.0
46.0
43.0
35.0
32.0
39.0
42.0
42.0
37.0
31.0
25.0
22.0
28.0
30.0
27.0
26.0
18.0
24.0
20.0
27.0
28.0
32.0
24.0
19.0
25.0
26.0
41.0
38.0
35.0
37.0
37.0
29.0
27.0
35.0
38.0
36.0
38.0
33.0
26.0
32.0
38.0
40.0
38.0
43.0
36.0
29.0
34.0
39.0
37.0
36.0
38.0
35.0
30.0
29.0
39.0
36.0
41.0
36.0
33.0
30.0
29.0
33.0
36.0
37.0
41.0
42.0
31.0
33.0
37.0
43.0
37.0
37.0
36.0
30.0
31.0
40.0
39.0
35.0
40.0
33.0
23.0
27.0
37.0
39.0
43.0
37.0
35.0
32.0
30.0
38.0
45.0
40.0
38.0
41.0
33.0
32.0
36.0
36.0
38.0
40.0
36.0
27.0
30.0
36.0
37.0
36.0
35.0
26.0
25.0
28.0
36.0
39.0
37.0
36.0
36.0
26.0
29.0
34.0
35.0
39.0
33.0
33.0
27.0
27.0
35.0
39.0
37.0
39.0
34.0
31.0
29.0
35.0
41.0
38.0
37.0
38.0
26.0
28.0
38.0
40.0
35.0
37.0
31.0
27.0
28.0
37.0
39.0
38.0
36.0
35.0
27.0
32.0
36.0
39.0
36.0
33.0
31.0
22.0
28.0
35.0
36.0
37.0
35.0
34.0
27.0
28.0
42.0
45.0
34.0
34.0
34.0
22.0
25.0
35.0
38.0
