-0.0863145625038
-0.118758979305
-0.156688573808
-0.157527384175
-0.0921319047527
-0.0788009986063
-0.0844037751608
-0.0859105599891
-0.123647633593
-0.15457238302
-0.12818355923
-0.0924346585609
-0.0794180638488
-0.087024012974
-0.0871426399509
-0.174364000863
-0.133463767685
-0.134780765178
-0.0940253553882
-0.0921318115164
-0.114764977086
-0.114764977086
-0.164044129985
-0.190932440717
-0.104412365607
-0.0946857107876
-0.11528996347
-0.0955370105447
-0.111863259656
-0.138138465335
-0.133463767685
-0.150260579443
-0.0946857107876
-0.128405398603
-0.0924346585609
-0.0963883103018
-0.157527384175
-0.204522656623
-0.172479084878
-0.126879899645
-0.159284672983
-0.160545370427
-0.151745009043
-0.210177404578
-0.225256732458
-0.216758774154
-0.160406184393
-0.216758774154
-0.157424427207
-0.216758774154
-0.216758774154
-0.338264456728
-0.42512089072
-0.216758774154
-0.247586848386
-0.260435115886
-0.157974172681
-0.256574284129
-0.215079648645
-0.228125160668
-0.146403782824
-0.124954752476
-0.164648660144
-0.144281040587
-0.1459473634
-0.231015249927
-0.158491599315
-0.182285991198
-0.105326779504
-0.119350872453
-0.185542569987
-0.21695081884
-0.295273122601
-0.153199703888
-0.137106495057
-0.101406098168
-0.0909893384302
-0.0894245907424
-0.181581278489
-0.22078674265
-0.125208135543
-0.114349134201
-0.123554261747
-0.100825250515
-0.109967207743
-0.139174051358
-0.198134032989
-0.131263122995
-0.0988721628697
-0.102989430679
-0.097579858076
-0.0906190407201
-0.104825171414
-0.173861143381
-0.146643881469
-0.116150766298
-0.0910031555873
-0.0879834298139
-0.0870146502465
-0.138344531241
-0.147962726358
-0.123249682276
-0.0934273805769
-0.0898813190025
-0.0920417342881
-0.110807663582
-0.124463148192
-0.180652687483
-0.109754359736
-0.0918575851601
-0.102817312954
-0.095525799476
-0.109754359736
-0.124884128072
-0.179988518346
-0.128604301711
-0.0929100742544
-0.0925575080131
-0.104825171414
-0.0897747868899
-0.156310718172
-0.187720414001
-0.148849607768
-0.0982764338513
-0.0823409851987
-0.0881002428387
-0.105401272315
-0.155450233744
-0.295266363047
-0.170106869241
-0.107187833361
-0.0788569426206
-0.0868950043006
-0.112653632979
-0.135048646457
-0.16989952043
-0.161453113664
-0.100153234072
-0.165862684692
-0.0807435981342
-0.109754359736
-0.249963116753
-0.155770901634
-0.142524582026
-0.148700107833
-0.151367159786
-0.109446425835
-0.116693331793
-0.167347120671
-0.18865207229
-0.166181758557
-0.103044596644
-0.0967484342166
-0.107719294294
-0.144257699523
-0.150231906691
-0.171277976946
-0.0958241451064
-0.0886058270539
-0.08927078416
-0.0872986218637
-0.102487842421
-0.113782963679
-0.130006718498
-0.170682686202
-0.0882662375497
-0.0915745927142
-0.0840193852757
-0.107198562917
-0.125035929381
-0.201475688484
-0.0981487459867
-0.0792444041634
-0.100141291861
-0.0900919037702
-0.108640851289
-0.12091052448
-0.214060729581
-0.112653632979
-0.0897132492922
-0.0881623632945
-0.121564827024
-0.125194867046
-0.162312290153
-0.24996321412
-0.109197605513
-0.0913972102217
-0.101931088197
-0.10081757975
-0.111918736988
-0.142096022485
-0.219689441971
-0.145132456004
-0.115261359364
-0.108606657939
-0.0883900727527
-0.10426841719
-0.17601375389
-0.212054402377
-0.158800993272
-0.115812744538
-0.0877436907953
-0.081617648182
-0.0970168140646
-0.10984316202
-0.200707014856
-0.134885148485
-0.0974847251734
-0.0861656564892
-0.149438761476
-0.0998190086573
-0.12091052448
-0.175570635531
-0.191963761987
-0.160810314227
-0.101596537918
-0.118865816076
-0.107664128329
-0.166577058454
-0.163381511973
-0.190336992311
-0.109917654831
-0.116120312503
-0.146677127485
-0.129905794819
-0.132496857134
-0.188374045781
-0.18120901634
-0.169791055636
-0.108506030891
-0.113349185257
-0.11672242278
-0.168408527063
-0.222740516956
-0.174386665771
-0.112180510844
-0.131474253206
-0.161118576846
-0.149204505586
-0.226469935907
-0.214060729581
-0.184592858807
-0.12091052448
-0.166577430474
-0.166270094843
-0.163484494872
-0.177463418362
-0.200340041497
-0.217375195007
-0.132697677568
-0.153102762992
-0.149390218419
-0.174043986899
-0.207826986968
-0.226179330043
-0.173700485953
-0.177107426915
-0.216758774154
-0.112800950271
-0.160406184393
-0.181650014865
-0.189938793857
-0.205522405316
-0.182785661852
-0.169884553073
-0.11512628816
-0.182785661852
-0.191870837752
-0.172479084878
-0.322489590752
-0.245210610155
-0.216758774154
-0.114270742252
-0.157527384175
-0.216758774154
-0.217142863527
-0.177837733688
-0.245210610155
-0.138550597148
-0.122724616503
-0.216758774154
-0.175971779928
-0.187328249802
-0.181650014865
-0.216758774154
-0.195828319228
-0.17342154287
-0.187328249802
-0.16562339379
-0.216758774154
-0.131113297866
-0.133172317976
-0.104412365607
-0.104124468773
-0.104610597979
-0.185056955827
-0.197925450675
-0.175971779928
-0.155967303008
-0.112800950271
-0.133838307185
-0.130322944847
-0.157424427207
-0.194600209348
-0.216758774154
-0.131113297866
-0.11528996347
-0.102508248523
-0.109426059288
-0.134473867314
-0.185056955827
-0.18392130884
-0.131113297866
-0.100783943432
-0.0872559686649
-0.0883358714557
-0.183467641278
-0.15080255105
-0.155379229719
-0.133737175955
-0.0977405654354
-0.103078232962
-0.0921319047527
-0.099068607062
-0.104610597979
-0.0974434180908
-0.0941194946012
-0.086107543142
-0.0963299096438
-0.114270742252
-0.11027265706
-0.104380773568
-0.0985569265379
-0.0701737425464
-0.0831321075436
-0.0640964157401
-0.0758352972159
-0.0867286012274
-0.0964125238089
-0.0897723156762
-0.0703553494138
-0.0708209564354
-0.0776232434336
-0.0924283989293
-0.0974434180908
-0.110787831048
-0.0977405654354
-0.0872559686649
-0.0798332817497
-0.084244368886
-0.0779632151664
-0.0912805117593
-0.153629925028
-0.0956447225871
-0.0798332817497
-0.0803729434018
-0.0844701137028
-0.0797047447133
-0.100783943432
-0.185673496773
-0.0942186969203
-0.0878804525393
-0.0772525738913
-0.0842055126932
-0.0849946974667
-0.1234608899
-0.126523780675
-0.0977976899123
-0.0946892512149
-0.0703467080953
-0.0828369664053
-0.0829218338529
-0.112800950271
-0.0908783195576
-0.0937564405558
-0.0801182016126
-0.0775083047428
-0.0819671559063
-0.0924346585609
-0.0985569265379
-0.13572322317
-0.0940253553882
-0.0731028889488
-0.0797047447133
-0.0824139896082
-0.0924283989293
-0.109200528753
-0.114270742252
-0.110787831048
-0.089120107211
-0.0797047447133
-0.0809320590974
-0.0883358714557
-0.112800950271
-0.0940787258974
-0.0977405654354
-0.0808655648931
-0.0827952333535
-0.0844513882477
-0.100396648688
-0.100879422515
-0.111331158289
-0.0923089378143
-0.0818836016547
-0.086716791188
-0.0925942666153
-0.0890541400128
-0.164615310053
-0.178243073903
-0.164044129985
-0.190483665008
-0.181650014865
-0.114270742252
-0.117102325911
-0.119701437298
-0.178243073903
-0.141088502183
-0.17483613294
-0.216758774154
-0.161075258028
-0.161075258028
-0.144312782368
-0.157527384175
-0.203572280444
-0.13274695587
-0.134745843342
-0.121803493443
-0.118512959463
-0.137104671913
-0.150168236928
-0.127169382356
-0.12981771858
-0.125210057468
-0.118037212127
-0.129126017223
-0.129766191259
-0.155379229719
-0.132597862643
-0.118037212127
-0.120319124779
-0.11310423135
-0.118429711483
-0.122350512677
-0.120643426578
-0.11528996347
-0.106760608463
-0.12391460197
-0.112800950271
-0.100783943432
-0.126505512967
-0.127199828257
-0.124114372386
-0.113815082183
-0.10842851229
-0.114270742252
-0.123272992773
-0.128688006039
-0.128688006039
-0.136261135539
-0.112761471595
-0.114270742252
-0.0984035353123
-0.112800950271
-0.104412365607
-0.128688006039
-0.125210057468
-0.0907623674084
-0.104412365607
-0.101361780426
-0.110787831048
-0.127471770973
-0.12391460197
-0.127550306708
-0.110400909985
-0.0884083501885
-0.0913540582613
-0.109547366936
-0.117229254381
-0.12441372726
-0.11959292137
-0.0884083501885
-0.112761471595
-0.110304729267
-0.111535963796
-0.117229254381
-0.125654090159
-0.116050490404
-0.0871175639722
-0.112356786816
-0.099068607062
-0.110501168187
-0.109460022481
-0.130391879461
-0.119346157288
-0.0977405654354
-0.114270742252
-0.105279651689
-0.121607385562
-0.126618227924
-0.125987364667
-0.115419321804
-0.110787831048
-0.104412365607
-0.112767198325
-0.10174563453
-0.128688006039
-0.135573701454
-0.125890883096
-0.11364572449
-0.104412365607
-0.0938344110306
-0.117229254381
-0.128688006039
-0.139213257739
-0.120257678553
-0.106133194738
-0.111331158289
-0.114819255874
-0.11364572449
-0.113588021345
-0.126542633839
-0.121299099999
-0.0849681266861
-0.1033277336
-0.0880185826578
-0.111492486319
-0.12391460197
-0.136558801
-0.127345738684
-0.0947876614218
-0.0908691995928
-0.114339793308
-0.096762854908
-0.121552177595
-0.128435668808
-0.106682953588
-0.0885947734196
-0.0875245740281
-0.092237268338
-0.102648627953
-0.128154412549
-0.141296627297
-0.111374246555
-0.113067447977
-0.105586487035
-0.087733806971
-0.114564796384
-0.107694561837
-0.131996861833
-0.120322628644
-0.113263122369
-0.096276255647
-0.114110136037
-0.111515747399
-0.139646507261
-0.151312731257
-0.120975907048
-0.0984688597305
-0.108628610826
-0.113710498117
-0.118083970851
-0.123709297772
-0.142292685217
-0.122442613894
-0.114190559447
-0.0964784833161
-0.11388994288
-0.118865816076
-0.123102637131
-0.14750370737
-0.126656102314
-0.0924127395927
-0.115465021182
-0.121705439502
-0.107204695626
-0.126053884022
-0.128892215001
-0.126725727513
-0.114469683742
-0.0996489053376
-0.115991047866
-0.108965280137
-0.129443986394
-0.131116511945
-0.120436009578
-0.117730523471
-0.116145317613
-0.112781210933
-0.111879393275
-0.145773740045
-0.133857861952
-0.121303971451
-0.0944864208763
-0.108596653482
-0.115998800791
-0.125728369878
-0.130405841455
-0.143269423446
-0.114743940553
-0.111963491883
-0.10577799191
-0.128244487252
-0.118092672691
-0.122946557206
-0.141753064156
-0.138128295529
-0.127392799576
-0.124154503205
-0.114670022013
-0.12228485221
-0.143755847477
-0.141802251151
-0.144832835545
-0.117493415442
-0.132061218593
-0.127596759503
-0.139665935994
-0.152807268224
-0.162837168086
-0.131687334959
-0.128688006039
-0.127550306708
-0.126879899645
-0.133545017851
-0.130032400122
-0.150061748566
-0.147061183606
-0.128325314023
-0.110090279437
-0.126879899645
-0.128688006039
-0.135434431147
-0.144173664279
-0.133621244688
-0.124624198589
-0.126879899645
-0.12633555676
-0.129096423963
-0.128688006039
-0.163479663066
-0.158937075116
-0.137104671913
-0.137323844443
-0.133104615807
-0.127876777963
-0.133545017851
-0.160072722104
-0.164913156586
-0.121607385562
-0.1234608899
-0.126298643245
-0.127876777963
-0.150168236928
-0.170103127835
-0.139820855277
-0.130391879461
-0.127800968465
-0.113333945684
-0.128688006039
-0.136261135539
-0.153495219836
-0.133230551145
-0.115229667384
-0.128688006039
-0.120028235476
-0.118907971544
-0.129096423963
-0.141611481184
-0.129096423963
-0.127550306708
-0.115522168282
-0.104558968129
-0.122957092571
-0.12430679958
-0.148304004935
-0.124397261639
-0.0917045378987
-0.0923089378143
-0.0905562680598
-0.0870571002728
-0.120643426578
-0.122957092571
-0.0977405654354
-0.099068607062
-0.0989798404286
-0.101897451879
-0.0966332384732
-0.100783943432
-0.128688006039
-0.099670434985
-0.0963299096438
-0.107565650834
-0.0803729434018
-0.109426059288
-0.12430679958
-0.12358612779
-0.126298643245
-0.0878804525393
-0.0778199410375
-0.0813902055043
-0.0818029540928
-0.0884083501885
-0.0884083501885
-0.0759635944146
-0.0268430876408
-0.0742545166179
-0.0777687154629
-0.0818978480365
-0.095318380569
-0.0966058958028
-0.0984035353123
-0.0798332817497
-0.0873552476514
-0.0878804525393
-0.0826802847073
-0.0906611157806
-0.111327123988
-0.103982198381
-0.0873552476514
-0.0809320590974
-0.0759571161321
-0.0937564405558
-0.104610597979
-0.117975661288
-0.113150253982
-0.0929893843026
-0.0865431221817
-0.0937564405558
-0.099068607062
-0.128688006039
-0.110400909985
-0.115640078894
-0.0875286353386
-0.0922238625284
-0.0915994165542
-0.0928390712258
-0.110787831048
-0.127527702214
-0.115640078894
-0.0810649146745
-0.0827952333535
-0.0916591004779
-0.0963299096438
-0.114819255874
-0.122957092571
-0.111254453035
-0.0871162324232
-0.106986737788
-0.084478555895
-0.0967442211948
-0.113998432855
-0.117692136443
-0.126505512967
-0.0952164011967
-0.10357256559
-0.112767198325
-0.118907971544
-0.114110376642
-0.129096423963
-0.118203415339
-0.0951634464916
-0.0857729495676
-0.0952164011967
-0.118758979305
-0.108663083227
-0.128688006039
-0.11528996347
-0.105451990363
-0.0967100365087
-0.107073680494
-0.132735334838
-0.128688006039
-0.131055334625
-0.128325314023
-0.117281724933
-0.12391460197
-0.134745843342
-0.135153658418
-0.140873906365
-0.156609202586
-0.134122109019
-0.138611387374
-0.240452840805
-0.162673289563
-0.169939249312
-0.140393109858
-0.278044162302
-0.153629925028
-0.168477335853
-0.168910868848
-0.178000921535
-0.188213695101
-0.167032681955
-0.210496780756
-0.166774044909
-0.147275387595
-0.166325259317
-0.140006102274
-0.153280585374
-0.187947463084
-0.192111731194
-0.166702184253
-0.138285576563
-0.133552555262
-0.139646507261
-0.166680615611
-0.173261279262
-0.20577587473
-0.17080528729
-0.166325259317
-0.144951489227
-0.144249243136
-0.146084445377
-0.16689998586
-0.189567099748
-0.177182743543
-0.142257315533
-0.132051312238
-0.138790243037
-0.166702184253
-0.172570784057
-0.200634718603
-0.175199926605
-0.144083686568
-0.144053432737
-0.166325259317
-0.159066230654
-0.152254761253
-0.181026043116
-0.165325275339
-0.127569863625
-0.120219806154
-0.147139152161
-0.139248456176
-0.175923015759
-0.176396331099
-0.167484485331
-0.124580890155
-0.141930646505
-0.134340065036
-0.135586401049
-0.1748767638
-0.171158898072
-0.142977407613
-0.129516232023
-0.115794085056
-0.160427318359
-0.149399992632
-0.166702184253
-0.162559694007
-0.157250047858
-0.126699476229
-0.119428682267
-0.112742296674
-0.141705403255
-0.128282392001
-0.166702184253
-0.141713250716
-0.123932522332
-0.113042913241
-0.128738538037
-0.161697165115
-0.154507450819
-0.169790481079
-0.165796648406
-0.124991595177
-0.127209705901
-0.125679181459
-0.13244307785
-0.177188913771
-0.174108103886
-0.133253435917
-0.142883896861
-0.134903076695
-0.150973063804
-0.145015802565
-0.153157462724
-0.166702184253
-0.146226513639
-0.126486374859
-0.131487961079
-0.136115340741
-0.161748643599
-0.143487157102
-0.167849198996
-0.166325259317
-0.130192673313
-0.137290170609
-0.121061309111
-0.134931002606
-0.166702184253
-0.179197326028
-0.164922532679
-0.139248456176
-0.128282392001
-0.141272078299
-0.124483704939
-0.138986627414
-0.154648334811
-0.142418805671
-0.111013866346
-0.12525467827
-0.126282663889
-0.116663587798
-0.15110897841
-0.166836219612
-0.132063575962
-0.136000424054
-0.106643480801
-0.127689303546
-0.126837447661
-0.152903950162
-0.166702184253
-0.144325265146
-0.121311395486
-0.134105521634
-0.138913400405
-0.138285576563
-0.147193002037
-0.177755923439
-0.154689631481
-0.143012241972
-0.130658941797
-0.116101150783
-0.136372108778
-0.165007016504
-0.167329060319
-0.143220533765
-0.165441529804
-0.119579722329
-0.146850048925
-0.137127457962
-0.164922532679
-0.18156502057
-0.153311051457
-0.137158874245
-0.114628263746
-0.126755133703
-0.1403153313
-0.151801477748
-0.141920427268
-0.130171805297
-0.123088270463
-0.12953994275
-0.13007903536
-0.154127984864
-0.15567300005
-0.166702184253
-0.160251558554
-0.135473662244
-0.118774786314
-0.131339070336
-0.145550123971
-0.169671267954
-0.157839477233
-0.157212683536
-0.146171281202
-0.155223135797
-0.135432098682
-0.148559905006
-0.166325259317
-0.148410505014
-0.143295301963
-0.139730329984
-0.128963396662
-0.12767943864
-0.153871045868
-0.197347606876
-0.190387736511
-0.182010642161
-0.164929398489
-0.155587957442
-0.16696060171
-0.17375592057
-0.174353865429
-0.166325259317
-0.175130693682
-0.12971256387
-0.166332561277
-0.13933631156
-0.156023433362
-0.166702184253
-0.216932884285
-0.181414178566
-0.174886821686
-0.166680615611
-0.186884152863
-0.181690937705
-0.185559837893
-0.212406650097
-0.193246437038
-0.147061183606
-0.153299383247
-0.166680615611
-0.157875672594
-0.189066355813
-0.19017179738
-0.166723752895
-0.166680615611
-0.16250004046
-0.153629925028
-0.172625019455
-0.184119524632
-0.173752802349
-0.185292307453
-0.137776427736
-0.165969903023
-0.139459365381
-0.189066355813
-0.189066355813
-0.205465114615
-0.189066355813
-0.153495219836
-0.150789647592
-0.17719137484
-0.167076218825
-0.180947878407
-0.191709117209
-0.169028287907
-0.166680615611
-0.166680615611
-0.143864885819
-0.165969903023
-0.189066355813
-0.167766794915
-0.16926437761
-0.166680615611
-0.141377971125
-0.133621244688
-0.131715258948
-0.169028287907
-0.170214168653
-0.167197450525
-0.143310790841
-0.133104615807
-0.121323690974
-0.116918136581
-0.153629925028
-0.168245217766
-0.164913156586
-0.116540298187
-0.113333945684
-0.0897723156762
-0.12633555676
-0.135542853906
-0.150748019024
-0.116050490404
-0.113550957985
-0.103466712064
-0.0928390712258
-0.0984035353123
-0.116380445594
-0.144575540948
-0.10706917117
-0.0964125238089
-0.0760759854133
-0.0652290286624
-0.0538522928906
-0.068347289593
-0.0663223572216
-0.0718327238083
-0.0752350643537
0.16754493202
0.454351403712
0.516058487803
0.502009471574
0.397748399794
1.49149257389
12.6413741345
3.74349442423
2.82599904482
1.48165029157
0.89356795567
0.632966138143
0.844483050887
0.888225831488
0.74950738377
0.49873765266
0.420527277135
0.328741326933
0.215379279184
0.32661313131
0.353411074407
0.342455939049
0.313387419503
0.206728363257
0.181510812911
0.135834476544
0.176631073605
0.25905642107
0.239531329361
0.215304521483
0.191093481282
0.138267430866
0.0908413455319
0.121762799453
0.17988495653
0.163269398518
0.167854124121
0.10301219155
0.0880021096434
0.0644835726458
0.134836946155
0.154701190378
0.149755457158
0.110602967198
0.0913940137185
0.076022096184
0.0435488772979
0.116609730872
0.118881862111
0.118307953587
0.0889450121942
0.0501467386722
0.00719298727198
0.0350974396079
0.0511867894797
0.0686355496455
0.0651749202234
0.052724735582
0.0211764138248
0.0122705735748
0.0176305474255
0.0604717906659
0.109984867685
0.119497267891
0.0673254956135
0.068622204825
0.0465120918299
0.044954711695
0.122741049178
0.175702209767
0.146551964505
0.138102515217
0.109218075272
0.0603080392699
0.0181835924194
0.0873483574119
0.0805458759997
0.0337497106743
0.031198668293
-0.0106694284379
-0.0171700956681
-0.0441264136369
-0.0131978471821
-0.0246102443678
-0.0115805729
-0.0569488106789
-0.0414991290893
-0.0409271538986
-0.0216858060776
0.00269925870413
-0.0111665341764
0.0119704051977
0.00698145310621
-0.00553258278479
-0.00799862148958
-0.0263302885906
-0.00816789748227
0.0328384226307
0.0418373941802
0.0566522724539
0.0445568370285
0.00467730478503
-0.0215086968296
0.0142163752279
0.0324914814495
0.0372620375618
0.0284376638957
0.0309095064592
-0.0010837213261
-0.00939528187361
0.0267727150076
0.0310980715802
0.0550763494414
0.0417071625315
0.040427704455
0.0386315054424
9.77186282363e-05
0.0270080235909
0.0383915920884
0.062104295538
0.058548245485
0.0212311278126
0.0217019857455
-0.0138977050929
-0.00219685953109
0.0600410841794
0.055091109184
0.0576949195933
0.0377507926666
0.0192653120057
-0.0185925407386
0.0230972289689
0.0320202223658
0.0351674825114
0.0438344479444
0.0230972289689
0.0227664428744
-0.0233094512952
0.00461133681534
0.0400744498911
0.0562207476046
0.0495396969222
0.0233119742312
0.0356956983734
0.00274936972132
0.0278516945453
0.0361775955574
0.0471248013444
0.0239111741608
0.0259467556419
0.0154751943496
-0.00678601584974
0.00881261184686
0.0452314502026
0.0706963574165
0.0586854727086
0.0244588918207
0.0119398059438
-0.0171514473458
0.0416540975802
0.0702157988679
0.0534401800251
0.0712296415673
0.0276326565401
0.0196310969051
-0.00138186318533
0.0
0.0518157516669
0.0549738214542
0.0436947036554
0.0295801501171
0.00530674316034
-0.0127220565514
0.00186805539814
0.0471171223919
0.0398196508295
0.0295597994502
0.0244273157325
0.00642725050193
-0.0283320077632
-0.0140088144682
0.0206666756849
0.0542204290401
0.025510678423
0.00891283255446
-0.0355306658698
-0.0246102443678
0.00122518249947
0.0391055473368
0.0296472710943
0.0157186325359
0.0361775955574
0.0115874891449
-0.0146087470163
-0.00200094271084
0.0377507926666
0.0274074319211
0.0353466933731
0.0246378104803
0.000213143857891
-0.0133215992041
0.0061763309957
0.0393127907992
0.0492116402535
0.0257787923539
0.0250377368492
0.0111833484364
-0.011921628792
0.0106639013236
0.0414001254961
0.0395000453553
0.0414001254961
0.0204551393258
-0.00490958231732
-0.0176872511203
0.00308199420206
0.0232314880989
0.0414127579998
0.0400744498911
-0.0100207135104
-0.0191780748724
-0.013630824839
0.0014559651867
0.0499820770871
0.0289445256082
0.00304003685042
-0.00144888628214
-0.00697055422827
-0.0269754527486
-0.00379078684836
-0.0024637449578
0.0182986685731
0.0050199589924
0.00945339282775
-0.0311743288922
-0.0557153384593
-0.0373588802142
0.00796448730557
0.0212311278126
0.00380727644015
-0.0195678059438
-0.01609841029
-0.0393448664343
-0.0247366474768
0.000369177656571
0.00683658130247
-0.000133754748643
-0.00577411572796
-0.0168640100031
-0.0271643679668
-0.0202781621166
-0.0095817038119
-0.00922395886351
0.0
-0.0281990598007
-0.0529383389832
-0.0411226638727
-0.0278555126434
-0.00695432701655
-0.00712220100727
0.00211983064925
-0.0173647176001
-0.0329577682158
-0.0549721571956
-0.0293463506038
-0.0158317268597
-0.0206601919076
-0.030337886304
-0.0335820355388
-0.068544397843
-0.061747453025
-0.0513439363522
-0.0300216437095
-0.0147994437163
-0.0189827066185
-0.0631707439113
-0.0683758305385
-0.0583800007403
-0.0579652578491
-0.0428731180427
-0.0430250283921
-0.0439070133148
-0.0497480056749
-0.0720963820434
-0.0814526070788
-0.0599255631564
-0.0475318376626
-0.0297982767369
-0.0397099945892
-0.0414507466804
-0.0656352192061
-0.0802125169482
-0.0591418270617
-0.0448918165819
-0.0138977050929
-0.00797574405668
-0.0241645286112
-0.0372506843325
-0.0538406639725
-0.0388045012933
-0.0130970023531
0.00563094784676
-0.00602815163678
-0.0320263756023
-0.0782543190116
-0.0833368184586
-0.0414507466804
-0.00189403726696
9.59668704514e-05
-0.0179919765461
-0.0319598153861
-0.0375096728708
-0.0529939200216
-0.0400903807293
-0.00378778996155
0.00267884584013
-0.01228111783
-0.0291356294932
-0.0249899293277
-0.0478045304612
-0.0512491170352
-9.27225010191e-06
0.00186255655437
-0.00285003791183
0.00137468381716
-0.0385934709377
-0.0431326408347
-0.0421777612817
0.0128573040265
0.00831813231314
0.0160627293598
-0.00789602578654
-0.018384318349
-0.0331103751672
-0.0213903072036
0.0111833484364
0.0257673058319
0.0324075139646
0.00724197144438
-0.00312735589792
-0.0251021056579
-0.0179919765461
0.011548358865
0.0214880479542
0.0257787923539
0.003743137293
0.000953605504984
-0.00613572543121
0.000953605504984
0.0509852878997
0.0626309897662
0.0409438460267
0.0366225912429
0.00703867739606
-0.00233382809771
0.0243307646442
0.0337744612516
0.0347223793635
0.0333475339723
0.0489354392487
0.0282111832108
