-0.242854734051
-0.451448671634
-0.560255956071
-0.542763029556
-0.512890569903
-0.477798060552
-0.524158093062
-0.513963221832
-0.382529125103
-0.549670024925
-0.656035982374
-0.466844353152
-0.368856616621
-0.259496278883
-0.532003243164
-0.49247320828
-0.480047079957
-0.476443415585
-0.612007844053
-0.655473875921
-0.683260602635
-0.345291503851
-0.518596241134
-0.664147929373
-0.579023182874
-0.419313896302
-0.573485610821
-0.486803816649
-0.283054278001
-0.323092049653
-0.49247320828
-0.443965626494
-0.419342235441
-0.542763029556
-0.389780831562
-0.560669847932
-0.33962926094
-0.647412596402
-0.544388433108
-0.433313600789
-0.434993985355
-0.501279366404
-0.413622553777
-0.445283029793
-0.525603559217
-0.660502083755
-0.706902484189
-0.540184289864
-0.518596241134
-0.607810187778
-0.507678625005
-0.641654630239
-0.612007844053
-0.598958780762
-0.531937478266
-0.67488343589
-0.458155118293
-0.62592258285
-0.67488343589
-0.617248529397
-0.460958597527
-0.417446077827
-0.353141882313
-0.61756969598
-0.43078159877
-0.687249393998
-0.613024613083
-0.482258733751
-0.563063016522
-0.587191514636
-0.475172960146
-0.521806675047
-0.664710035827
-0.613024613083
-0.660502083755
-0.62592258285
-0.593160390537
-0.67488343589
-0.706902484189
-0.726580501801
-0.664710035827
-0.67488343589
-0.683260602635
-0.683557489343
-0.730247479035
-0.730247479035
-0.683557489343
-0.560592927289
-0.569757793246
-0.551581902618
-0.53159410827
-0.678381801832
-0.568287676357
-0.560592927289
-0.57377517186
-0.683557489343
-0.436954422799
-0.57377517186
-0.519613010164
-0.595391244585
-0.462416193519
-0.683557489343
-0.462416193519
-0.338935597217
-0.415386290263
-0.439537466861
-0.568287676357
-0.646335658906
-0.519613010164
-0.416602061924
-0.536107262265
-0.611267703462
-0.417539297626
-0.551581902618
-0.533944156495
-0.551581902618
-0.560592927289
-0.439537466861
-0.533944156495
-0.405219376874
-0.453611636787
-0.533944156495
-0.428098103532
-0.496734283506
-0.485294920177
-0.551581902618
-0.560592927289
-0.645862582311
-0.683557489343
-0.530062329834
-0.496734283506
-0.613519424071
-0.485294920177
-0.37716094374
-0.493179927585
-0.531052373493
-0.533944156495
-0.339234325616
-0.300710250693
-0.436954422799
-0.310107304864
-0.372246917886
-0.637446678168
-0.439537466861
-0.551581902618
-0.533944156495
-0.49183698331
-0.422025730679
-0.666209382437
-0.683557489343
-0.436954422799
-0.353958801318
-0.469168541889
-0.353958801318
-0.133226132311
-0.313704470241
-0.370901286886
-0.646335658906
-0.186868464943
0.0582919361753
-0.20769946316
-0.0337127336214
-0.353958801318
-0.353958801318
-0.611267703462
-0.37716094374
-0.322326942979
-0.310107304864
-0.147324675348
-0.339234325616
-0.540458198763
-0.322326942979
-0.259955281945
-0.301161338616
-0.336583196899
-0.0337127336214
-0.147324675348
-0.422025730679
-0.416658740203
-0.42967277878
-0.20769946316
-0.263446330603
-0.560592927289
-0.300710250693
-0.551581902618
-0.60651302288
-0.0862704532328
-0.161780232991
-0.310107304864
-0.20769946316
-0.259955281945
-0.476823279946
-0.322326942979
-0.551581902618
-0.233628926938
-0.310107304864
-0.353958801318
-0.623720517497
-0.451920513078
-0.49183698331
-0.387649828531
-0.313704470241
-0.387649828531
-0.0862704532328
-0.313704470241
-0.405219376874
-0.53159410827
-0.416602061924
-0.353958801318
-0.155348651973
-0.422025730679
-0.161780232991
-0.644738369404
-0.370901286886
-0.42967277878
-0.221898879391
-0.155348651973
-0.428098103532
-0.359461923557
-0.416602061924
-0.551581902618
-0.623720517497
-0.551581902618
-0.382340650216
-0.155348651973
-0.387649828531
-0.623720517497
-0.530062329834
-0.300710250693
-0.0337127336214
-0.198188879048
-0.451920513078
-0.637446678168
-0.60651302288
-0.551581902618
-0.568287676357
-0.451920513078
-0.436954422799
-0.551581902618
-0.611267703462
-0.645862582311
-0.60651302288
-0.60651302288
-0.551581902618
-0.473855556848
-0.485294920177
-0.623720517497
-0.683557489343
-0.683557489343
-0.60651302288
-0.53159410827
-0.436954422799
-0.53159410827
-0.533944156495
-0.551581902618
-0.646335658906
-0.57377517186
-0.353958801318
-0.336583196899
-0.611267703462
-0.372246917886
-0.666209382437
-0.496734283506
-0.530062329834
-0.353958801318
-0.519613010164
-0.436622274876
-0.372246917886
-0.57377517186
-0.690941298654
-0.568287676357
-0.451920513078
-0.422025730679
-0.428098103532
-0.353958801318
-0.560592927289
-0.611267703462
-0.53159410827
-0.453611636787
-0.416602061924
-0.436954422799
-0.519613010164
-0.387649828531
-0.645862582311
-0.45097683019
-0.339234325616
-0.358255315306
-0.322326942979
-0.322326942979
-0.453611636787
-0.568287676357
-0.469168541889
-0.415386290263
-0.533944156495
-0.387649828531
-0.310107304864
-0.348022560228
-0.611267703462
-0.387649828531
-0.453611636787
-0.243423420192
-0.387649828531
-0.613519424071
-0.416602061924
-0.551581902618
-0.405219376874
-0.198188879048
-0.26248490417
-0.301161338616
-0.292573322695
-0.613519424071
-0.428098103532
-0.613519424071
-0.436954422799
-0.353958801318
-0.453611636787
-0.540458198763
-0.613519424071
-0.469168541889
-0.451920513078
-0.387649828531
-0.301161338616
-0.13801045247
-0.303766491465
-0.551581902618
-0.387649828531
-0.60651302288
-0.37716094374
-0.551581902618
-0.279386380254
-0.436954422799
-0.540458198763
-0.508173646835
-0.359461923557
-0.310107304864
-0.372246917886
-0.613519424071
-0.613519424071
-0.300710250693
-0.387649828531
-0.37716094374
-0.422025730679
-0.424452634012
-0.339234325616
-0.233628926938
-0.109583518076
-0.533944156495
-0.422025730679
-0.00205113509811
-0.322326942979
-0.387649828531
-0.290825743583
-0.45097683019
-0.322326942979
-0.469168541889
-0.239687350667
-0.416602061924
-0.301161338616
-0.224259557646
-0.405219376874
-0.292573322695
-0.147324675348
0.0428651320392
-0.0930719833402
0.29386849021
0.118635007449
-0.292573322695
0.0554883508957
-0.338935597217
-0.0141249800023
0.0261210580728
-0.269329341827
0.0582919361753
-0.405219376874
-0.348022560228
-0.121119386028
-0.259955281945
0.0213978402657
-0.310107304864
-0.0713581715527
-0.322326942979
-0.147324675348
-0.224259557646
-0.180403368347
-0.0507420220013
-0.133226132311
-0.292573322695
-0.422025730679
-0.339234325616
-0.436954422799
-0.0535525371191
-0.239687350667
-0.0165404034458
-0.147324675348
-0.269329341827
-0.469168541889
-0.212899727503
-0.110290599282
-0.108548524362
-0.147324675348
-0.20769946316
-0.13801045247
-0.372246917886
-0.292573322695
-0.353958801318
-0.269329341827
-0.364561911917
0.0632134206758
-0.405219376874
-0.292573322695
-0.272585399619
-0.353958801318
-0.093503913357
-0.247430933179
-0.493179927585
-0.272585399619
-0.298971332987
-0.436622274876
-0.239687350667
-0.353958801318
-0.272585399619
-0.272585399619
-0.20769946316
-0.269329341827
-0.364561911917
-0.301161338616
-0.328613324146
-0.247430933179
-0.427012456306
-0.530062329834
-0.272585399619
-0.37716094374
-0.093503913357
-0.221776429876
-0.328613324146
-0.560592927289
-0.422025730679
-0.57680982681
-0.301161338616
-0.0862704532328
-0.263446330603
-0.338935597217
-0.605481847832
-0.605481847832
-0.560592927289
-0.536107262265
-0.301161338616
-0.508173646835
-0.310107304864
-0.196121926572
-0.45097683019
-0.328613324146
-0.224259557646
-0.301161338616
-0.389780831562
-0.215979510403
-0.362011917737
-0.150080785969
-0.416022515233
-0.442192056019
-0.243852944125
-0.39959333721
-0.30305795676
-0.396103833135
-0.36691635051
-0.320605473362
-0.419908909772
-0.408661303655
-0.101681291311
-0.294798431259
-0.422530647641
-0.30563432174
-0.320048467916
-0.171500899506
-0.485449289647
-0.222782626544
-0.305909862618
-0.305408777779
-0.461390089338
-0.462888034963
-0.23125366284
-0.240142431389
-0.323735388275
-0.156782073217
-0.240927080668
-0.292886636791
-0.296861892459
-0.377705243264
-0.296867330655
-0.209982654462
-0.415994176094
0.0399237163273
-0.32452145104
-0.262710448131
-0.304584298259
-0.0364015129228
-0.188848901569
-0.0777330948559
-0.311744140797
-0.33962926094
-0.271207389155
-0.396463508783
0.044815840335
-0.0904969101843
-0.0562887128546
-0.221517815432
-0.200733791829
-0.242672604997
-0.301340313779
-0.129564919249
-0.120198329344
-0.295030335621
-0.400098254171
-0.221837654633
-0.393335610635
-0.0919840771561
-0.289718323345
0.185523794459
-0.295893434074
-0.341177111375
0.0264723923699
-0.101543715717
-0.258380137503
-0.286647825156
-0.286946164373
-0.127426108166
-0.277529113432
-0.172756777198
-0.265907122998
-0.291596370674
0.00942320943875
-0.0376638658894
-0.0231591962752
-0.246794449737
-0.21191339427
-0.297196010498
-0.121758365796
-0.0440998328806
-0.0249013375368
-0.145720813386
-0.120947847153
-0.434603509733
-0.346596563467
-0.0379801918551
-0.236745845055
-0.0743323298022
-0.204117119278
-0.068506237617
-0.0606047758794
-0.30563432174
0.000157799341531
0.0143700760184
-0.261700806274
0.0444306966293
0.0588006933992
-0.173203065877
-0.0787161881678
-0.063121802355
0.0275891149125
-0.183853123841
-0.301253215626
0.232143246282
-0.411691841841
-0.319102829301
-0.175735289273
-0.0181365741494
-0.138755802995
-0.107904630493
-0.0153910511685
-0.268265883543
-0.140469324826
-0.135448175998
0.00576149629022
-0.142909658535
-0.0626326979441
-0.205564011294
-0.361123050737
-0.154802871294
-0.153681588204
-0.013550445527
0.0966389109786
0.00152069319798
-0.0477775242276
-0.280566602504
-0.333160430738
-0.222782626544
-0.0477635157004
-0.141449809509
-0.13204689307
-0.257030533059
-0.249162496345
-0.241895299806
-0.261503516183
-0.127642073174
-0.0108184873691
-0.265907122998
0.0728162885446
-0.151558671424
-0.282579361157
-0.286296104517
-0.135273071122
-0.127936599855
-0.0340001830696
0.0321314861525
-0.345036571329
-0.0949605637655
-0.0118257261148
0.111822004084
-0.0782250056332
-0.0530677812696
0.00127055005293
-0.106756017589
-0.146679552222
-0.0243669079969
0.0558627911759
0.096527374647
-0.172318078518
-0.236265131838
-0.311518596836
-0.279140564505
-0.139042964809
-0.146310892282
0.0157857991238
-0.32452145104
-0.339084961416
-0.183853123841
-0.373210086885
-0.202489614155
-0.190057186926
-0.0834894887882
-0.19715540281
-0.147787148576
-0.288022128663
-0.135273071122
-0.253693107562
-0.144385914829
-0.0367046533254
-0.19715540281
-0.306459945189
-0.404837779605
-0.32467081524
-0.553859664178
-0.304423622325
-0.381134945109
-0.283167807218
-0.178250817196
-0.300935794654
-0.540878320086
-0.211472543505
-0.286873369117
-0.157424206608
-0.30563432174
-0.0855491546384
-0.144385914829
-0.158926015537
-0.237098265441
-0.232108819043
-0.1061152
-0.0907083394887
-0.172318078518
-0.210190742109
-0.161241622789
-0.262918497711
-0.0881989672075
-0.03007469758
-0.0234774170732
-0.0922863406764
-0.0623051099485
-0.344492271805
-0.108120595501
-0.137641673123
-0.0796452731815
0.00202314079224
0.0998718246939
-0.0733122602297
-0.239203266493
-0.106153638494
-0.171108558458
-0.00603459028598
0.0384703006816
0.0096733525838
-0.221837654633
-0.404837779605
-0.0441607941655
-0.192528671995
0.0909242140623
-0.0793753866802
-0.0764020292772
-0.288175945542
-0.242893618689
0.0096733525838
-0.214317991001
-0.10189725632
0.0412894603337
-0.0888739240503
-0.126680722163
-0.122903191394
0.0191150881433
0.17674433924
0.0153347981686
-0.0867396498231
0.096457768615
-0.158665770493
-0.00578866427506
-0.062791067741
0.100435887135
0.013645140718
0.0546764794331
0.0482020719278
-0.215255641049
-0.198758952802
-0.238329870327
-0.071675496381
-0.221982996742
-0.169309431404
-0.0376638658894
-0.190634613983
-0.245427176686
0.140673897543
-0.196866837141
-0.164409424594
0.0464660919844
0.147327107121
-0.305770247959
-0.073528225238
0.0464660919844
0.177009988501
0.270190664376
0.0459573347605
0.264331896436
-0.159138143934
0.0561104559136
-0.0497819447742
0.603960773238
0.333282331212
0.180384387014
0.130412411883
-0.229072080497
-0.054806193393
0.0964895638862
0.21404676001
0.147690261982
0.128869140967
-0.0689478945401
-0.0427415757775
-0.127642073174
0.112618825482
0.170388837353
0.121746062104
-0.0856446342447
0.185102372152
-0.158896049308
-0.321311134544
-0.0441607941655
0.233123824204
0.256855661632
0.0809154744407
-0.0896384970785
-0.138051646815
-0.185557610982
-0.248422478633
0.31625182258
0.217476536335
0.0111777629332
0.0534772472937
-0.069603790803
-0.0648424068806
-0.0263251243854
-0.0338387585607
0.164107648928
-0.00426479920049
0.144202791906
-0.151040778519
-0.0533053326801
-0.115757182914
0.0513136593203
-0.0779490598643
-0.242107419796
-0.202489614155
-0.202428389397
-0.0436326353702
-0.0636083234892
0.0579557286805
-0.0854713653666
-0.257030533059
-0.00798670941981
-0.13976906224
-0.0970477245989
-0.172430290955
-0.106756017589
0.0554435873793
0.0537036152829
-0.1061152
0.0237594491692
-0.0297590965056
-0.0564210103351
-0.0396789982544
0.0704992470895
0.0384703006816
-0.151578758286
-0.376229609191
0.0701136545134
-0.0973299996847
-0.332033053091
-0.130373865058
-0.247242139505
-0.400531992769
-0.260319409589
-0.392292123273
-0.296245077302
-0.344492271805
-0.280951332261
-0.142258755318
-0.172854957815
-0.328341442717
-0.338142872149
-0.0538474976284
-0.339084961416
-0.115541217905
0.189558583921
0.0316922288347
-0.353320511169
-0.224740270863
-0.172756777198
-0.0382737406955
-0.0782250056332
-0.0738541373526
-0.0521472795602
-0.0842867830245
-0.318347481179
-0.232661149791
0.106199614473
0.229269918452
-0.164846936712
-0.177546661016
-0.186451338033
-0.266718782742
-0.0080880575502
-0.0422273778113
0.136471941671
-0.174475128118
-0.0139282972439
-0.166920863053
-0.16612382813
0.0258298998237
-0.0251282940932
0.0853469691147
-0.154552454169
0.014841445753
0.0162432383928
0.0304510991705
-0.198456912225
-0.0920250535352
0.116361724668
-0.169309431404
0.0795609474387
-0.32059276744
-0.273201133083
-0.181212314156
-0.00615744667785
0.0537036152829
-0.0908243854174
0.0568901435355
-0.363442077074
-0.140025470672
0.128504698049
0.0726688670794
0.101918062746
-0.130373865058
-0.112140452852
-0.0477635157004
-0.0181320775048
-0.126680722163
0.147780152993
-0.219772673382
0.0522550137232
0.0806415020802
-0.204605583085
-0.123796985273
-0.0642749897685
-0.00954591241702
0.0443929401269
-0.0851919640348
-0.0376638658894
-0.223079218519
-0.0686684932083
-0.0952933438491
-0.0367046533254
-0.0956741597449
-0.127172759169
0.0120349614873
-0.00675588888043
-0.231982039975
-0.171635745909
-0.256262204461
-0.190634613983
0.0305811427889
-0.0170336144248
-0.0758892124128
-0.0214762926077
-0.158673647855
-0.0153910511685
0.166707289998
-0.128368938251
-0.203648912067
-0.202428389397
-0.256200979703
-0.203505150055
0.00207905883695
-0.144287392142
-0.0125470247093
0.152051627953
-0.214024659477
-0.288175945542
-0.184557280021
-0.137253534317
0.129381796326
-0.154552454169
-0.0560674697322
-0.118145157416
-0.062109931166
-0.0744897115197
-0.101026218859
-0.0521472795602
-0.183218789735
-0.0899533479572
-0.150080785969
-0.120138901344
-0.133411995129
-0.138076166129
0.0657213129237
-0.0810505307404
-0.109419561822
-0.115541217905
-0.0974094887972
-0.0159985203199
-0.109546922317
-0.0808860179707
-0.16612382813
-0.164674029441
-0.00345292773791
-0.272112911185
-0.139507973815
-0.00755216848897
-0.0956741597449
-0.0326631187887
-0.198456912225
-0.121916680264
-0.261220093057
-0.184889130109
-0.247180914747
-0.0329530730847
-0.0621148050397
-0.0382737406955
-0.336704128251
-0.266270340782
-0.226744402415
-0.168316866276
0.0324366822483
-0.147503182651
-0.123279488416
-0.197363490457
-0.257869517155
-0.197716381761
-0.226204845373
-0.130373865058
-0.202489614155
-0.141411686217
-0.168099665759
-0.222809906114
-0.178951079782
-0.0326631187887
-0.140275403829
-0.262832685428
-0.344252002915
-0.171500899506
-0.219772673382
-0.092274689104
-0.257030533059
-0.254510170927
-0.132425648975
-0.144385914829
-0.311744140797
-0.15305501458
-0.217432834737
-0.268586817505
-0.32467081524
0.0237594491692
-0.266270340782
-0.226494383983
-0.402125945228
-0.386037338537
-0.114370967368
-0.281539778322
-0.251086127418
-0.142667563909
-0.286873369117
-0.344405583573
-0.255193553088
-0.204117119278
-0.134222030688
-0.2553778051
-0.299950639201
-0.321311134544
-0.268015865111
-0.286873369117
-0.210738608716
-0.149043026268
-0.381676639115
-0.301898456703
-0.284899495052
-0.381676639115
-0.158564442482
-0.286873369117
-0.344180039612
-0.203407731186
-0.16187839282
-0.267846909899
-0.201910694866
-0.244014901779
-0.196162680961
-0.320197832116
-0.370132680807
-0.248422478633
-0.203505150055
-0.311518596836
-0.300366417198
-0.300935794654
-0.139718457954
-0.224758773388
-0.266184433362
-0.414943493589
-0.254257310435
-0.160463078347
-0.135618292391
-0.160463078347
-0.157221281381
-0.167818502574
-0.343444427448
-0.269028231355
-0.329455069939
-0.126202309794
-0.115541217905
-0.301368912226
-0.294798431259
-0.112351763589
-0.299950639201
-0.275290405738
-0.162120487446
-0.0882834182885
-0.30601051685
0.0316651319521
-0.206492754232
-0.311644071573
-0.0695091506652
0.100519492788
-0.0981075589879
-0.140379011275
-0.201089899111
-0.39357256367
-0.343218252859
-0.382717618329
-0.171420696612
-0.18295747881
-0.235814380942
-0.222290590354
-0.133775098805
-0.374703930813
-0.179037437814
-0.19537404777
-0.111413129028
-0.109066021219
-0.21191339427
-0.477314836436
-0.236745845055
-0.490775491299
-0.0318350328825
-0.258380137503
-0.0745347915012
-0.136749327416
-0.223079218519
-0.296867330655
-0.208354637928
-0.167066189521
-0.0698601992352
-0.143463470135
-0.0160773484267
-0.0724180059418
-0.191407388906
-0.0908627663967
-0.127981704978
0.112618825482
0.0700481911336
0.128504698049
-0.171635745909
-0.342905377281
-0.115266603981
0.304808076021
-0.023518283553
0.120700786792
-0.092274689104
-0.0177577354087
-0.237701721639
-0.0289994359689
-0.0439492874993
-0.0195611192894
0.0577770197
-0.130626000139
-0.100883997075
-0.201151123869
-0.113853470511
-0.0329530730847
-0.0684311288236
-0.0734624227086
-0.0449508861724
-0.337108433801
-0.382405386135
-0.202601826592
-0.0627151017882
0.0116474691738
0.256944162016
-0.128454096712
-0.273146661241
-0.257824547104
-0.242893618689
-0.175435395808
0.0258298998237
-0.0952582941067
-0.298855636387
-0.226204845373
-0.190373912668
-0.153681588204
0.177854101226
-0.0852935006817
0.0437436706581
0.0095020375455
-0.0776696585324
-0.142909658535
-0.0790959853484
0.0913282091878
0.0322103142592
-0.0266400532568
0.121680525831
-0.0504911175413
0.0561104559136
-0.191839556191
0.0677039112557
0.264712633802
-0.0168812663586
-0.121928331836
0.0728627886102
-0.194045742238
0.0219071368282
0.0693648541901
0.259291957196
0.11214513197
-0.133775098805
0.0558485485876
-0.211472543505
-0.0478117023642
0.0451776471386
0.203739365901
-0.170151449677
-0.139042964809
-0.255669548662
-0.189001884514
-0.232661149791
-0.169089641199
-0.249675108832
-0.363292712874
-0.29397196502
-0.147566769974
-0.391043977189
-0.244270771911
-0.326465067152
-0.215972119449
-0.184853871995
-0.139553097232
-0.496105574423
-0.261615445316
-0.412450130776
-0.0260400000325
-0.202331462997
-0.202489614155
0.0384430955807
0.0305964156195
-0.270270803324
-0.120482628129
0.244744726903
0.0367024804932
0.0825520519438
-0.0501977166176
0.00764203090235
-0.143011654475
-0.184200834099
0.0448686675655
-0.0811612560305
0.107673313099
-0.166920863053
-0.173203065877
-0.00220380956199
-0.208114557775
0.0425961799419
0.119605779382
0.0671721212255
0.0214766683725
0.0095020375455
-0.0928960909954
0.0833970978848
0.0615519851205
0.169122958773
-0.0414402215148
0.0482020719278
-0.123279488416
-0.205544303276
-0.125631600098
0.00407020260626
-0.0747251748128
-0.00996490188669
0.179228804226
0.0502773283498
-0.140275403829
0.0198627697328
0.0198627697328
0.148854157315
0.0983058286853
-0.0409871950278
-0.241297543718
-0.120511031314
0.0117984187423
0.0955475937376
0.129578702371
0.0847945864413
0.0427152543479
0.0193576274199
-0.270713757924
0.101463913859
0.0259752162728
0.0272338951333
0.157542393065
-0.100202329421
-0.05064713006
-0.0451805001359
-0.0734298771307
0.11302378669
0.0155356559787
0.0983058286853
0.0491767414675
-0.120225356225
-0.0546071581651
-0.29972509524
0.00479032731347
0.112781607164
0.0383098176876
0.123159491362
0.0384703006816
-0.0717262668957
-0.136845230879
0.0278134588494
0.207872240132
0.260554319615
0.0677576316501
0.0120349614873
-0.121916680264
-0.0842867830245
0.0886704678613
0.0622562345068
0.170839698886
0.327426156414
0.147327107121
-0.0292379652175
-0.0299568997813
0.194934086749
0.265400488272
0.0143700760184
0.316797205265
0.0501126217915
0.131595367398
-0.156270805089
0.217517737056
0.0584707950052
0.0483946897131
0.0258845153277
-0.0408374361226
0.0154782687595
-0.0935903682376
0.19654151774
0.0860618586766
0.166793630879
-0.0480534699965
0.0723783176084
0.00710331067599
-0.156782073217
0.174033977002
-0.0202187817211
0.212233871442
0.15742713078
-0.238473024843
-0.0824776175992
-0.217399303447
0.0611906493618
0.150609143671
0.0664426115181
0.023601734531
-0.172430290955
-0.0642326799912
-0.0645270599139
-0.101543715717
0.13214677093
0.0905142681058
0.138287696993
-0.136749327416
-0.155884439047
-0.0474841143686
0.279598115932
0.17883300936
0.119201784257
0.023838277276
-0.241555385429
-0.15912772319
0.0640800360801
-0.134253046871
0.0728162885446
0.0895240541689
0.0368006203583
-0.123360520122
0.0157946902882
-0.101681291311
-0.0379538201855
-0.0025054400722
0.0096733525838
0.026754704164
-0.11691118546
-0.120947847153
-0.173907222057
-0.00373888009493
-0.00376363851481
0.00242871840994
-0.11643081482
0.0142596197552
-0.133279984497
-0.0690054931483
0.0728162885446
0.194599615628
-0.11864090785
-0.0505908905829
-0.00196671984584
0.0399928330217
-0.0599915934271
-0.0769358006196
0.0266058139222
0.0328399456032
0.0611906493618
0.148978356986
0.0322009860586
-0.00948332017934
0.186313499054
0.052500472738
0.215943097231
0.0560782720729
-0.0202187817211
-0.0865456912926
-0.217182816305
0.0199415978395
0.0635962467652
0.0399237163273
-0.111655223654
-0.186186463126
-0.187339980247
-0.0974094887972
-0.1466854741
0.0198627697328
0.121622444408
-0.026360651925
-0.0520758253959
-0.173659104939
0.00227328393729
-0.0592319328904
0.325681104059
-0.105404360645
0.0597552249355
-0.181524057566
-0.265215960547
-0.0406773285466
-0.0676334450449
0.012579555573
-0.147503182651
-0.136442355028
-0.0875225311811
-0.175513479043
-0.21004387922
0.0157946902882
0.049428982855
-0.0405889658694
0.0179197564467
0.0118417016988
-0.00220380956199
-0.0495210918311
0.0610432278967
-0.0848787651667
0.129578702371
0.0437436706581
-0.0261013330305
-0.119196855154
-0.11707280235
0.0596414352569
-0.0842867830245
-0.280417238304
-0.150439029491
-0.0666983242772
-0.191195592934
-0.262918497711
0.185759889841
-0.0622163416866
-0.0221303952302
0.137948691671
-0.00426997971512
-0.0573306665261
0.0901258742079
0.0858990769944
-0.261468884246
0.179769058755
0.157124246849
0.153028818304
-0.166342196793
0.0303566515587
-0.0390265020484
0.0729913484496
0.119039002574
0.0321314861525
0.0631033229771
-0.120511031314
-0.121928331836
0.145036429393
0.101975235293
0.257474616684
-0.00833820069525
-0.0538474976284
-0.0336412127235
-0.0458913031971
-0.0083456797659
0.311866271472
-0.0110009361187
0.0341781177452
0.0322103142592
-0.0808860179707
0.149266981591
0.154909195419
0.338789149249
0.168197984393
0.39159321077
-0.0651218082124
0.135772929113
0.14696776651
0.0282382980836
0.170839698886
0.31303670013
0.266926759184
0.141627528424
-0.0852369769946
0.0247142117787
0.778588557492
0.418804132875
0.244912533435
0.354697477542
0.0432000101973
-0.0793753866802
0.125723260058
0.499170055359
0.4161492102
0.177854101226
0.270384707103
0.256855661632
-0.0080880575502
0.235300824813
0.257714200404
0.352476350328
0.407838728158
0.457680326792
0.0337030180166
0.0464660919844
-0.0685665675185
0.167770884702
0.0467828960896
0.103418205974
0.0029511731656
0.129741484054
0.042743601407
0.0412085308741
0.571145936122
0.258907471024
0.38317828255
0.140973782847
-0.0810505307404
-0.0811612560305
-0.0811612560305
0.348554745839
0.420734332893
0.25474209212
0.258907471024
-0.0135026549104
-0.0352045306073
0.155368584998
0.184169681674
0.105398888573
0.241875862602
0.221602288886
0.0785495305489
0.354563966374
0.11732577535
0.486676718505
0.0993551053496
0.138640402721
0.150609143671
0.092780903857
0.0405681617392
0.422373160834
0.413497076013
0.133997296896
0.428976456329
0.0650299061363
0.339294511848
0.0589769852594
0.250147640166
0.30495029787
0.317716733432
-0.0294691422095
0.0235229064242
-0.114409405862
-0.114409405862
0.0724370840089
0.158562623569
0.0580210057773
0.0173810362203
-0.112455777593
-0.185557610982
-0.232661149791
-0.139120005569
-0.0504729546773
-0.118175459258
0.0242442050187
-0.0579733717453
-0.0383339329682
-0.197688049521
-0.20922483172
-0.183853123841
-0.0986026644604
-0.023678391129
0.126858439393
-0.0036965408723
0.197412875862
-0.154488435824
0.0589769852594
0.200236532946
0.166647216579
-0.0888739240503
-0.0905833650649
0.0724370840089
-0.126902480806
0.0701136545134
0.108108159265
0.215302685625
0.129907691489
0.0829570131521
0.0408047044842
0.0278702573936
0.0889722290359
-0.135273071122
0.157803465335
0.139731287103
-0.0132675610283
-0.0999229280891
-0.00376363851481
0.190051567523
0.364340089697
0.147024728718
0.152455623078
-0.097684726857
-0.221837143222
0.0388185749114
0.344359549298
0.442073521795
0.177246050651
0.0360961535852
0.0889722290359
-0.229449209724
0.157507466307
0.130351065702
0.361550791988
0.291683425044
0.175821413487
0.0546764794331
-0.103076127887
0.1210556676
0.186075453144
0.260023864947
0.400162731719
0.190843751284
0.151377763362
0.0811009860768
0.316957988618
0.097237456237
0.185783972926
0.147371761635
0.269721891151
0.243726529475
0.258907471024
0.250264042242
0.49119887088
0.246425727677
0.179619816598
0.26650226057
0.232629068568
0.0222243786363
0.42574503079
0.193548097123
0.51287912154
0.0880877793156
0.0451052103105
0.267420232212
0.130521363075
0.0340031813658
0.217755740101
0.339294511848
0.147088441943
0.111041635068
0.0604109617399
-0.0624553543359
0.265190435208
0.244294558477
0.224075091229
0.246531125063
0.118748801766
0.0728162885446
-0.123279488416
0.199295718058
0.0096733525838
0.174033977002
0.256961059018
0.20294301792
0.125726593838
-0.0393376150285
0.079482119332
-0.00136451318933
0.0896149819635
0.362466650072
0.150609143671
0.041969954379
-0.109546922317
0.0573989007594
0.251725952287
0.210225634949
0.428441888628
0.225705912525
0.0117848183423
-0.0338387585607
0.0303566515587
-0.0767579359347
0.134441401167
0.269358050794
0.2520782272
0.258907471024
0.0937828451502
0.0876837841901
0.545621279103
0.261041776617
0.327426156414
0.377101845729
-0.111873320158
0.034152971085
0.0573989007594
0.216485034691
0.129174707246
-0.0163182253348
0.0491767414675
-0.349501060303
-0.00809606604282
0.0132451808799
0.264640054042
0.305279757475
0.234505025183
0.488742152534
0.0701136545134
-0.0687700298552
0.121680525831
0.292822475156
0.351982155845
0.308316180386
0.432502574155
-0.0265990980033
0.0298718957092
-0.370872947747
0.157767539599
0.416786692037
0.139417338388
0.688185178006
0.0663628168769
0.0219878358913
0.0631040417809
0.194834891373
0.472108417585
0.207157568161
0.313673413312
-0.0849886578242
0.023601734531
-0.0265193494857
0.223949627296
0.20671764292
0.258377016356
0.0704204189828
-0.00855964432778
-0.20922483172
-0.0665967876303
0.181136137777
0.0849089981784
-0.0151359042014
-0.0466304240071
0.0546764794331
-0.0065331176887
0.0499354568704
0.0451284770287
0.351809162158
0.167867635202
-0.054923532708
0.0518704872414
-0.217544645556
-0.175092526183
-0.0622163416866
0.0243230331254
0.123159491362
-0.125002991699
-0.156270805089
-0.282516208681
-0.202944171104
0.0142596197552
-0.00833820069525
0.219753039551
0.317251256868
0.0704992470895
-0.174825853306
0.0483158616064
-0.00276850849894
0.0996981984872
0.134441401167
0.0278688775756
0.0219878358913
-0.0501977166176
-0.122518211906
0.170938894261
0.15827223856
0.0181844877669
0.0483179171173
0.0459573347605
-0.128670889446
0.0607526784256
0.119201784257
0.211806540795
0.0376312241181
0.242627528376
-0.151578758286
-0.0114706423594
-0.0661915613629
0.034493095056
-0.0210432415376
0.111880584234
0.015146535278
-0.162439458706
-0.140517498455
-0.030716560318
0.10049310612
0.0909192293141
0.0622562345068
0.0636513916121
0.0701136545134
-0.0943237596207
-0.120129087526
-0.105404360645
-0.00350588347828
-0.0297590965056
-0.00196671984584
-0.107904630493
-0.0773351697028
-0.151501599717
0.0219071368282
-0.0231591962752
0.189859518317
0.149028237825
-0.169987275368
-0.0973084298352
-0.0991194301768
0.13855051171
0.274574522741
0.181697644537
-0.0579733717453
0.117604220412
-0.119089217941
0.0599729908036
0.129278867331
0.147780152993
0.30769098829
0.179671596717
0.177854101226
0.0312356447195
0.0096733525838
0.181740478672
0.404566717331
0.476056685263
0.991096255739
0.162430200144
0.173088356854
0.242919471817
0.560551162781
0.455922554325
2.22496098771
2.48783255909
1.53308376372
0.861793939666
1.17304543992
3.28543681877
2.61717080317
2.75742441254
2.38000668125
2.47632673973
2.9232788496
