0.0311908373837
-0.0848990857435
-0.0812891372866
-0.0698230467414
0.0809233229917
-0.0172705883459
-0.0668136803486
0.00287680092947
-0.112176435376
-0.248745085301
-0.14292611651
0.0740803762126
0.209238217166
-0.0259752642106
-0.116191212637
-0.189808284549
-0.178088091785
-0.219209361224
-0.0532999442392
-0.129697118127
-0.0635940911705
-0.141019523703
-0.23332417885
-0.242386030226
-0.108821332206
0.0392497713064
-0.0221940153092
-0.0361592945268
0.0279857660813
-0.0767921376975
-0.116594619555
-0.10948182004
0.0716402169015
-0.0651088877575
0.0567677388267
-0.0478239649233
0.323155402263
-0.245434248962
-0.188168707169
-0.0671318249303
-0.174149954216
-0.166645771192
-0.192408974686
-0.301423090317
-0.344992337476
-0.430742009654
-0.359281612459
-0.363704164495
-0.288359770063
-0.336409740114
-0.375492250536
-0.461184426263
-0.257215841152
-0.19389505772
-0.308511938178
-0.271900345768
-0.295878920833
-0.314643846005
-0.358597889857
-0.338345487797
-0.18120496755
-0.329893543029
-0.245769494045
-0.318518391053
-0.299472095389
-0.399975841006
-0.30578551802
-0.28023802134
-0.188155962173
-0.229493401015
-0.244570964593
-0.304270086807
-0.388071955645
-0.275482515058
-0.116687815919
-0.168714770307
-0.150225084462
-0.13278831325
-0.304224098702
-0.32858459734
-0.281017471152
-0.217506688335
-0.242713616648
-0.190173745962
-0.217464439209
-0.300904883841
-0.279688352549
-0.268805618413
-0.0778854901646
-0.042835579955
-0.15407766856
-0.167303024277
-0.215125734153
-0.342432740741
-0.0279714606189
-0.153744747631
-0.147093668834
-0.101497262828
-0.131526747227
-0.115590379632
-0.294975716414
-0.208409455873
-0.164210270832
-0.0176803915158
-0.103357996334
-0.206061918268
-0.20136255335
-0.250368733895
-0.215108875682
-0.0880917502353
-0.06405383922
-0.0863369015354
-0.142972496169
-0.190488364943
-0.262151745038
-0.209118299648
-0.0537939479375
-0.0897659585692
-0.139665804759
-0.139032642768
-0.196966020463
-0.212445331608
-0.227017683545
-0.00340913007941
-0.0571999924416
-0.145439015001
-0.196252466455
-0.246019218684
-0.249875747473
-0.22257994027
-0.166830732196
-0.0626539110382
-0.121453114927
-0.126103371749
-0.262033759538
-0.31740242984
-0.228031809152
-0.11431348384
-0.124413437821
-0.157092683847
-0.245900893424
-0.298144236385
-0.331387000414
-0.301046552709
-0.228578939596
-0.206002579129
-0.200537795194
-0.228499611465
-0.247764078369
-0.348432075621
-0.272700451237
-0.138094673753
-0.0154652831104
-0.140353615937
-0.186819821782
-0.255808597029
-0.264670010236
-0.22623988795
-0.0881515150069
0.0766130085681
-0.0479190394757
-0.100353124766
-0.221488068002
-0.289782231903
-0.19568598113
-0.223142524214
-0.106768993619
-0.155445062153
-0.164552220511
-0.200228208216
-0.315763609858
-0.212429021244
-0.0443247392472
-0.166564429625
-0.0132131237242
-0.165845330211
-0.208018599361
-0.286110873042
-0.236523832648
-0.18121688238
-0.0539306930247
-0.169358794571
-0.193496050204
-0.221746391721
-0.329586145015
-0.186582697326
-0.0622953508047
-0.0744288349659
-0.112589878113
-0.190102861211
-0.189450919682
-0.30679582729
-0.239810986621
-0.190212677074
-0.0730881148561
-0.11957387269
-0.162817175521
-0.261812714789
-0.348346494159
-0.259056419566
-0.275327484583
-0.1993390647
-0.162107143924
-0.210673776523
-0.329564381231
-0.391581279881
-0.290179022244
-0.198468834801
-0.201398262936
-0.27257709361
-0.227989759776
-0.329630172143
-0.335802460556
-0.380247057001
-0.191493981646
-0.123228907843
-0.187035835873
-0.173809015911
-0.246990180052
-0.384209396785
-0.295379502104
-0.144596727669
-0.223191382877
-0.224370722902
-0.200064473741
-0.339728475495
-0.363721031967
-0.363300347358
-0.304971339213
-0.166256356952
-0.250217333409
-0.355888873274
-0.270142905347
-0.371790095115
-0.363332092408
-0.290460482983
-0.243233571093
-0.279290401357
-0.287873679516
-0.367111317673
-0.385279172219
-0.359844945792
-0.263883386866
-0.283712413849
-0.29440871802
-0.298951168368
-0.352055804974
-0.463541417318
-0.426328935051
-0.309147632575
-0.352559635034
-0.247435247968
-0.303587160146
-0.362401636421
-0.44392058305
-0.374226341817
-0.290200858732
-0.322552003258
-0.353338646095
-0.269560120104
-0.2586770538
-0.358106390353
-0.400698106525
-0.370514750681
-0.288861383258
-0.244477202155
-0.347789330694
-0.412294089673
-0.429154531942
-0.393386649072
-0.342070261768
-0.302192463973
-0.291049186342
-0.296596711308
-0.382718623348
-0.44325430046
-0.445858480993
-0.349862354019
-0.306391267585
-0.349580494086
-0.379716548605
-0.40909647033
-0.439948038286
-0.401890886914
-0.324093248902
-0.372598643075
-0.322457841137
-0.344395306412
-0.410173008836
-0.513587251707
-0.403265158497
0.264884742403
-0.049369775624
-0.275524881575
-0.293569419129
-0.322839808615
-0.46517453469
-0.410492423015
-0.291441764021
-0.222965994758
-0.236376664205
-0.300552844539
-0.340508219589
-0.392063733312
-0.391036503445
-0.267057388835
-0.246475427156
-0.213965630634
-0.176407666932
-0.263303281325
-0.41071764787
-0.359562365609
-0.261518704572
-0.192252252075
-0.201047158608
-0.242718271794
-0.309011002413
-0.369838598505
-0.305524451399
-0.174613742696
-0.137566197913
-0.132111788
-0.116679441153
-0.122848051605
-0.302558438287
-0.301582212556
-0.211313925425
-0.171869151066
-0.199977400283
-0.115347895882
-0.250737352493
-0.24339925907
-0.110602331198
-0.0390639597133
-0.110772389021
-0.0484730706903
-0.0921864075672
-0.135793978668
-0.261907555838
-0.170877402803
0.285858113415
0.235863809408
0.0040746779666
-0.121056143518
-0.139600385613
-0.252037382056
-0.256533058944
-0.0598972974489
-0.102424047752
-0.100079704613
-0.196035879945
-0.173308408336
-0.357409019224
-0.293433783426
-0.082513551119
-0.103374068015
-0.144646186744
-0.116882741068
-0.221767181277
-0.291849842121
-0.153317989004
-0.103138314651
-0.0770942707966
-0.175510028641
-0.17204758946
-0.254839847451
-0.322608570701
-0.364960843191
-0.206878153025
-0.118843606055
-0.122627542509
-0.126023753101
-0.231831948096
-0.292095295395
-0.22143360991
-0.159677046234
-0.120136530631
-0.0640187947049
-0.128895525537
0.00823961411627
-0.292210275339
-0.244472693875
-0.0623781192357
-0.125565822475
-0.129992437277
-0.129538825778
-0.176363105141
-0.239028390967
-0.234276474742
-0.132558311352
-0.0775503465556
-0.140579402966
-0.227195135087
-0.157886181583
-0.256597587151
-0.173622721805
-0.0480136268289
-0.040498438405
-0.0916087384548
-0.172410891488
-0.226514017703
-0.227864762202
-0.168489116056
-0.0396074411059
-0.0764715632262
-0.125618746693
-0.197767731144
-0.281703114251
-0.380515749542
-0.288385508332
-0.288752251183
0.101642086638
-0.29166838233
-0.30243648529
-0.32632498261
-0.38726367786
-0.330004047713
-0.343510931282
-0.223408111725
-0.322387696169
-0.296979779865
-0.253932263811
-0.385753390744
-0.363714711197
-0.320832982163
-0.254568888293
-0.263029492511
-0.286035046057
-0.243194728061
-0.137799162228
-0.178867573907
-0.0911938483237
-0.118591878672
-0.165619680586
-0.193640077679
-0.249577639436
-0.350483337375
-0.249851627519
-0.143581202589
-0.163803303388
-0.142406251169
-0.168346450371
-0.150167980125
-0.0859172229613
-0.258126149107
-0.0978976111466
-0.162581681329
0.0507386034496
-0.139374708908
-0.155570754963
-0.276596930016
-0.245849821164
-0.175739640741
-0.0437803801714
-0.130968677966
-0.144315074797
-0.113804995561
-0.248249559038
-0.262123320274
-0.145862147364
0.0144714452962
0.0505393508
0.0416073835958
-0.200151316898
-0.301306014024
-0.279719133546
-0.10357723078
-0.106203468821
-0.0891467936537
-0.164336784188
-0.172845319698
-0.250814982876
-0.195361426953
-0.125492582345
-0.0644276721076
-0.0336005871193
-0.0932377781086
-0.188463497375
-0.0769687639872
-0.12508089297
0.00366524456378
-0.0522178657185
-0.111010376929
-0.121823357837
-0.105281900415
-0.210727617792
-0.137004140544
0.0173050780076
-0.097887587201
-0.0849327084199
-0.12409366641
-0.23620270765
-0.228686541299
-0.136081146796
-0.0603597387202
-0.0702349300236
-0.100446054836
-0.157150429886
-0.107101936997
-0.17672265081
-0.166511880409
-0.0568551221136
-0.0826229667661
0.132058407309
-0.039824694083
-0.11941933463
-0.248036684788
-0.26014051187
-0.11113480971
-0.0616526916685
-0.0524347258659
-0.195896675743
-0.197228466986
-0.244567167467
-0.177969906607
-0.091633333841
-0.0338362784616
-0.115065495543
-0.12147565713
-0.182091894373
-0.195055602749
-0.197757016657
-0.0972299782296
-0.0743680832432
-0.0804629524688
-0.185121699624
-0.213479693863
-0.283954474006
-0.266404908552
-0.0337356128552
-0.0842137613378
-0.0750628879241
-0.112601872568
-0.150660453105
-0.240547717234
-0.154130219912
-0.0868885722714
-0.0604677766751
-0.156497188134
-0.136050915941
-0.227519180729
-0.291810186597
-0.184646532842
-0.100593579306
-0.0527168527352
-0.142584959309
-0.134403428061
-0.174158790946
-0.280976519812
-0.1995224752
-0.0723309949885
-0.147337464359
-0.0911547252463
-0.0705137787675
-0.179901472257
-0.356056139838
-0.182472611645
-0.105210396725
-0.0917852365899
-0.0726037020769
-0.219657124789
-0.21703932668
-0.302514404046
-0.211394231324
-0.144449726493
-0.0999392476941
-0.175275946531
-0.157696922702
-0.195080862022
-0.272205009989
-0.300858541694
-0.0487820972789
-0.106631016094
-0.0722207620545
-0.140125885935
-0.196460848763
-0.297966000506
-0.194270814564
-0.121495432703
-0.0912939272675
-0.113416708462
-0.151275811855
-0.23700587033
-0.25406243384
-0.209638853065
-0.157935345474
-0.198839369664
-0.160076673465
-0.164064997062
-0.253245431248
-0.338513811013
-0.21484117444
-0.123668807884
-0.136588641526
-0.165822942709
-0.204788193947
-0.254927624898
-0.286456915794
-0.230681004097
-0.0966391011954
-0.0733103005902
-0.192419079147
-0.212162716155
-0.294567237796
-0.343997128569
-0.314767504328
-0.210241814101
0.0805102228472
-0.00772316870883
-0.180497373616
-0.271484572631
-0.324128212771
-0.275326107372
-0.203655081914
-0.231080588269
-0.246944073311
-0.244982819614
-0.260974713089
-0.316217237844
-0.311510357019
-0.229249209384
-0.216106920317
-0.255602682361
-0.108569758182
-0.296810091383
-0.313821059309
-0.313230160263
-0.196364010702
-0.146905869902
-0.214801119067
-0.247427926221
-0.211292104036
-0.261072248985
-0.300107999823
-0.198311112848
-0.174851364086
-0.236818139713
-0.290390070523
-0.305008385382
-0.346632163025
-0.340378074184
-0.212500665578
-0.234128735592
-0.207737687066
-0.260805816445
-0.367177842549
-0.382882597954
-0.301163669676
-0.158037816084
-0.189251189363
-0.249322113651
-0.229567348744
-0.282218253411
-0.377849149728
-0.249636427333
-0.188979416702
-0.179493494488
-0.206731040736
-0.218019299882
-0.263212708791
-0.299613422051
-0.239431405391
-0.220606409809
-0.236929035815
-0.141383753479
-0.102154884997
-0.244425691604
-0.335409287049
-0.285448553261
-0.161935639918
-0.10824822353
-0.119112698512
-0.0925266286218
-0.251687270073
-0.188111769891
-0.0589161604197
0.253146564516
0.0726630413587
0.1121716355
0.0878277847978
-0.103021696954
-0.202503721576
-0.110392333557
0.031125708682
-0.0356101532425
-0.0931015031602
-0.064359094638
-0.117745314511
-0.189484040078
-0.0312938096553
-0.016557999719
-0.0380554871071
0.0229581906095
-0.0277540383033
-0.004239203544
-0.0744599923791
-0.0836413776742
0.0516158609708
0.110971865514
0.240942463296
0.0938918039706
0.0388852790066
0.0835238814306
0.433570049282
1.07272764855
0.438707089945
0.27574136991
0.0773664702229
0.0614722871464
-0.0179003388395
-0.0664903678436
0.084754587637
0.00199079475549
0.0251840096524
0.117956089778
-0.0320487287613
-0.0996697150396
-0.0495115709937
0.0517306809852
0.113829093483
0.0594611465973
-0.012889236733
-0.113252346557
-0.167265752783
-0.156319878956
0.0794212752969
0.0385999458493
-0.0038851772859
-0.0179643117315
-0.0980993783308
-0.201054853067
-0.0820983227235
-0.00736916293794
0.0484794366299
-0.0908692787856
-0.0498045000973
-0.109157738455
-0.113111634055
-0.081038108223
-0.01358853685
-0.0496888008992
-0.017133327976
-0.0157055913757
-0.0867456811005
-0.198274803205
-0.0691035613239
-0.00195302181277
-0.0510524401276
-0.00752358095693
-0.0588860484511
-0.150310178311
-0.131050981428
-0.162098685802
-0.105587867423
0.0312230029748
-0.0742414779639
-0.150608122548
-0.198053499497
-0.250656539724
-0.104597967984
0.0473919270443
0.0797962068292
-0.0565503794154
-0.055079631692
-0.156598739668
-0.209508572056
-0.153427111177
-0.0884236634808
-0.120239200294
-0.117094610601
-0.136376049547
-0.189839363631
-0.207315327623
-0.230966640981
-0.183283859816
-0.157854999656
-0.19598657584
-0.275028961653
-0.342489174338
-0.336982109042
-0.263433676601
-0.306089453803
-0.34052217003
-0.293420590458
-0.271581153678
-0.292892186161
-0.196363373847
-0.218316279669
-0.261420196833
-0.268892170031
-0.312678842106
-0.298449611212
-0.264442002553
-0.349417123216
-0.305435922348
-0.185573792292
-0.183119488856
-0.163759563513
-0.176574104163
-0.206030059808
-0.257837477252
-0.26875102869
-0.122961025782
-0.104368133151
-0.117177411693
-0.103113753479
-0.218968321233
-0.287123596773
-0.230415389258
-0.0839378497707
-0.137530450986
-0.0405529810914
-0.153114870587
-0.210662492571
-0.303642245194
-0.152957675105
-0.187821082054
-0.13025136156
-0.156097407852
-0.197207900181
-0.214510011815
-0.290088581418
-0.204388882988
-0.0515513300347
-0.0516635293774
-0.147073941109
-0.184699188522
-0.117243094353
-0.285659441638
-0.147088583547
-0.0653250095732
-0.0806094101722
-0.0804139847575
-0.144162085511
-0.190735963827
-0.260359884093
-0.198495165173
-0.0997836956565
-0.0889984441651
-0.0801508891743
-0.0858647670899
-0.187874097953
-0.266277373289
-0.173511682457
-0.0686183702089
-0.0557547273807
-0.107508262428
-0.152620532199
-0.157572158795
-0.229332197091
-0.179861913776
-0.112469820039
-0.0701089979626
-0.0561307049239
-0.164693568617
-0.087710764604
-0.239058159255
-0.149428409814
-0.089436069906
0.0587537626308
0.160099596113
-0.0559210952448
-0.047067117965
-0.190987434368
-0.1459171991
-0.0529754121239
0.021282032251
0.00223112193087
-0.0987163527023
-0.165536959194
-0.263202986897
-0.128932438423
-0.142760575611
-0.146294690231
-0.0552483168432
-0.119237970277
-0.135097330106
-0.16665309846
-0.0998286901892
-0.0567506011004
-0.0222158400061
-0.0358465001494
-0.111610779962
-0.118710881291
-0.192948668242
-0.147576826478
0.0554369153638
-0.0255485260435
-0.0468624182796
-0.0720377148457
-0.198267090027
-0.199286384637
-0.215258884859
-0.0398326048684
0.0196449369229
-0.06650506342
-0.0316685125785
-0.0756824854912
-0.12037675896
-0.125263533182
0.013835262532
0.0421327922691
0.0256424699599
-0.0888524397338
-0.0615827116532
-0.102167955928
0.019886229966
0.057411738665
0.0315084063596
0.0631591915266
0.0460641489923
-0.0931334265209
-0.203254531941
-0.0673332284782
0.0082760293997
-0.0349931310732
-0.0280537885453
-0.0680560949643
-0.184080572184
-0.135617625485
-0.0635277103392
-0.0554575706507
-0.00912803363618
-0.00778289915235
-0.100685269422
-0.167216221805
-0.170168327623
-0.104146046109
-0.0787667736845
0.0859900090021
-0.126030040449
-0.123062676669
-0.158595184317
-0.299155076413
-0.204524573923
-0.105126576472
-0.00595985745139
-0.0227587208736
-0.111209748876
-0.171476788442
-0.168816060423
-0.145075483935
-0.0222909808547
-0.066834108688
-0.0705858469373
-0.150656250929
-0.14687401532
-0.250028655419
-0.187703953932
-0.0917067378752
-0.036850729664
-0.122556579937
-0.124851464349
-0.249262364586
-0.237025686139
-0.162778753376
-0.0849872957127
-0.0492907653214
-0.0850648647614
-0.124420031764
-0.191757258019
-0.150323849076
-0.187086848757
-0.0718350897189
-0.12739932199
-0.133780210659
-0.0780638427698
-0.203562266841
-0.303429763048
-0.233771133096
-0.148319735286
-0.181201419053
-0.196597029157
-0.222595260479
-0.270492859627
-0.354307161695
-0.238124238006
-0.0960486614175
-0.110793230501
-0.126582256709
-0.234365487947
-0.227506507706
-0.344144076189
-0.257064894677
-0.23683478482
-0.184397613911
-0.202505989636
-0.225363813726
-0.281917160837
-0.318347079133
-0.27788218642
-0.145664329045
-0.122731296916
-0.0895681266908
-0.164985249411
-0.243845043171
-0.319258340187
-0.217564123924
-0.139255010543
-0.0782221361092
-0.11889306351
-0.175813856025
-0.262735115267
-0.282554882064
-0.252628412257
-0.120050540896
-0.104642233918
-0.118975293452
-0.225078670403
-0.266128800097
-0.239189458155
-0.228362917944
-0.120395256864
-0.16247899453
-0.151163317331
-0.180174701036
-0.216396541112
-0.27226797815
-0.22777239074
-0.0750912489319
-0.0957161534743
-0.0784113324813
-0.180634767921
-0.191790687839
-0.245334679565
-0.208775144952
-0.0839316571491
-0.0565028127442
-0.0381023215534
-0.0653294927426
-0.146847413311
-0.191799109432
-0.176075317796
-0.00813989413071
0.00923362081143
0.0208237307034
0.0346825746862
-0.138962652785
-0.235802227566
-0.123587867735
-0.0198900797195
0.151759972445
0.144292952654
0.0726291496054
-0.107526291024
-0.179753987984
0.0301631136206
0.260097300059
0.161784030479
0.123229529048
0.235214277263
0.17853562139
0.0326813959002
0.138545704582
0.35742127244
0.965943645399
1.4331342599
1.11356356491
0.707667338932
0.497400028457
0.668209603757
1.09803686148
1.39496541908
1.47953014353
1.66276795947
2.14539055977
2.06609983164
3.97155940178
12.8785677975
6.50516950879
3.6923406948
2.2853546162
1.18544000502
1.01996817565
0.945094267148
0.959557533679
0.838906279873
0.640326061713
0.646034511494
0.384893401714
0.206795333506
0.308715083369
0.534159007967
0.494835681448
0.516307613801
0.416097714634
0.248504450254
0.17616534293
0.141932973276
0.416180072341
0.410370352412
0.381764180679
0.333305765437
0.232231438126
0.0603745259467
0.172493813619
0.38358234953
0.336832000509
0.312217106891
0.251701903888
0.213488870466
0.182020694333
0.242039805853
0.257246866326
0.353374958914
0.332012872814
0.272526084008
0.178233044487
0.0840317449587
0.242335181215
0.318478516811
0.335794393857
0.374211441068
0.17969715701
0.0398547598832
0.050137946428
0.144993632076
0.169757425605
0.114259687369
0.124594837028
0.105803120974
0.0320751194445
0.108861230193
0.200369774478
0.275024563933
0.267746997046
0.268055599791
0.194058934085
0.134880111146
0.000711080351439
0.152866160256
0.287230397191
0.269559104369
0.227244042022
0.193058887775
0.062120008284
-0.0463174748712
0.215726442463
0.0922926659879
0.0140911176944
-0.000250919610715
-0.0773777872142
-0.0916324657244
-0.0618699191483
-0.000604432486626
-0.0332985761718
-0.0417051120301
-0.144272255401
-0.121514795929
-0.13824562928
-0.0689733978611
-0.00835205693205
-0.0161847701504
0.250564844176
-0.024154749348
-0.00392896855262
-0.0288537710459
-0.089418170498
-0.0321901138779
0.114932947029
0.130430218978
0.187292777604
0.15990686214
0.0338858227469
0.000503721535037
-0.00747448290892
0.159532056401
0.153027125594
0.181722880353
0.135552878186
-0.00217979496652
-0.0414160877001
0.0734178105259
0.178845343046
0.330526137595
0.141727300544
0.198608725918
0.379254171565
0.238937213218
0.191723663244
0.244920415407
0.323210609308
0.305276577202
0.162952400917
0.183748756452
0.03351741616
0.0965339875978
0.172171241358
0.236796790745
0.242697606608
0.256214739424
0.1914397543
0.0961393237177
0.0538719783761
0.186997484023
0.269816111061
0.280637182605
0.129256517338
0.148763250979
0.0790016249491
0.146470223388
0.235932019025
0.276559232977
0.255248735081
0.138069945819
0.152967138879
0.0861565828882
0.166620407762
0.301572591444
0.270836099816
0.171824965945
0.250668866366
0.228343150296
0.0652809370261
0.171628654694
0.258948527588
0.265222008106
0.306551564219
0.200081651283
0.163972318482
0.0400827069189
0.225915783633
0.372772635237
0.335868087957
0.442350040822
0.238606892748
0.206200865347
0.133253985632
0.144566254148
0.316625865196
0.333260995995
0.33250434942
0.318947719241
0.14046359168
0.100710304321
0.177268697464
0.340282900459
0.342433291446
0.248464365828
0.196011955316
0.093102139014
0.0358006048536
0.150414050336
0.371741510506
0.223293079467
0.255867950346
0.235069616047
0.117146309712
0.102981550249
0.11634847799
0.250159510761
0.317301240595
0.25846888535
0.244099535991
0.145039702108
0.0259219227525
0.137470639342
0.202694185003
0.232929575589
0.276249190326
0.288801552104
0.18312876123
0.0324910694545
0.155818140656
0.315049417584
0.274489636054
0.230160938331
0.241835239511
0.142488325118
0.0702289054297
0.122122130766
0.229379847832
0.288562802352
0.258725668228
0.24384023354
0.226499898881
-0.0567538457759
0.0685555657479
0.217136445722
0.241238525455
0.24807835945
0.17170184161
0.0222186422452
0.0282072489412
0.0874960480739
0.151830513344
0.183185442262
0.219389617892
0.105429829411
0.0449982489217
-0.00311620809977
0.0826189609406
0.178369730578
0.202722272915
0.224735102009
0.125339461023
0.0650472673709
-0.0355999401176
-0.00545372113448
0.110565071795
0.186444893399
0.196375820635
0.0481045826992
0.0231925862792
0.0169001568182
0.0951881773931
0.227758654219
0.209605570281
0.193350560438
0.192797101344
0.0975239340403
0.0593877200567
0.115330555561
0.298616693961
0.367510339709
0.172989275345
0.0586387700495
0.0554382979203
0.126075192402
0.121015056577
0.251673455124
0.187766383031
0.119022187003
0.136682649693
0.0267628378459
-0.0977226528663
-0.0061362604818
0.0369570583972
0.0874529570685
0.0342366913875
-0.0280771634058
-0.0729987511182
-0.168605279564
-0.0849976571951
-0.0194617456924
0.0499434273643
0.0348001185208
-0.00744075431399
-0.118630052098
-0.131055962793
-0.0974126783315
-0.0135420202221
0.0278122604814
0.0712968074186
0.0774077631326
-0.0103248164249
-0.139794243401
-0.103822706981
0.00734965970732
0.0690382022672
0.0334267719819
-0.0113275328953
-0.0308325910196
-0.0569990064634
-0.0189343665453
0.0166037189283
0.101122329161
0.130475986528
0.0960810730582
-0.0312192364228
-0.0578212234009
-0.0258694948181
0.118853306301
0.126383051604
0.208524714523
0.118568459275
-0.00468542201445
-0.110417027046
-0.0422967972491
0.117117497062
0.141349327028
0.0774613980674
0.0717613776414
0.0512722864812
-0.0592284380525
-0.0606931324643
0.0800537783501
0.136160463933
0.139060694017
0.0880874920657
0.000597311330215
-0.0571968251815
0.0030800416764
0.176541446043
0.17147051591
0.168177615268
0.10628032405
0.0374289771754
-0.0296758140244
-0.0400843004109
0.20119226694
0.144522213289
0.18839755642
0.152492524213
0.0889285783918
-0.0264933265337
-0.0328176837025
0.189173800937
0.193536535003
0.223693910558
0.158846122699
0.170158685974
0.0678149905969
0.0604963795309
0.269678681531
0.299517282067
0.326504024671
0.259542762609
0.156887268131
0.00359527812268
0.148252942491
0.386228362862
0.414464464835
0.586295217007
0.316281645541
0.330731306663
0.191103991763
0.210543692953
0.332541814021
0.279329317885
0.385768597688
0.455060837032
0.419216135218
