-0.188572169828
-0.260299891469
-0.315056691247
-0.259828227298
-0.164662385331
-0.12773930872
-0.201087300801
-0.0824277797858
0.163625668426
0.00353965201116
-0.0243341114314
0.0201290863692
-0.102918824734
-0.0955307375745
-0.0777322399445
-0.339996474323
-0.189356718589
-0.23477550822
-0.159966332917
-0.268210887773
-0.24985915895
-0.284999410738
-0.342736226645
-0.294300468278
-0.26138562256
-0.190157863795
-0.186861040408
-0.18506472107
-0.18403508101
-0.315246032861
-0.290832729954
-0.280176807041
-0.180516155851
-0.100938471809
-0.14133987491
-0.197880170534
-0.316601925893
-0.408548344596
-0.336371871199
-0.246856244876
-0.0765708634895
-0.161559718428
-0.332973546387
-0.405250285904
-0.394839365247
-0.369009452153
-0.341100920882
-0.356163859632
-0.390442810165
-0.424182610713
-0.424405237657
-0.414832589067
-0.337566889598
-0.288279010991
-0.298206358093
-0.366177557423
-0.408504655312
-0.473907467196
-0.439205380152
-0.390699660491
-0.336967528362
-0.359286304102
-0.338166958603
-0.316879232814
-0.257044313635
-0.447565344383
-0.289457889441
-0.251551434571
-0.21705122357
-0.175827779448
-0.293371716391
-0.268401552878
-0.264875074176
-0.300318194008
-0.225569657974
-0.266094151144
-0.209193223235
-0.167489634127
-0.399559641527
-0.357664253185
-0.311958433741
-0.0690720522326
-0.198613982146
-0.269272427947
-0.247452485034
-0.339841745826
-0.338104886601
-0.289125507853
-0.21497123952
-0.121725451462
-0.0999455728414
-0.149376870643
-0.291874891606
-0.352283995755
-0.266781071322
-0.176642874744
-0.179939320764
-0.19957003465
-0.21205085298
-0.230972435895
-0.320951245678
-0.266992094305
-0.23843578038
-0.278371247746
-0.264552980277
-0.211791022839
-0.36341736768
-0.276674038614
-0.10372686223
-0.184517129251
-0.194254498448
-0.204003063104
-0.245862020076
-0.182054922214
-0.280750270562
-0.252796823788
-0.178231184908
-0.177135453582
-0.237755963687
-0.230185400234
-0.25260289734
-0.324726404838
-0.24876806293
-0.157180501125
-0.11949604594
-0.175427819085
-0.159813418146
-0.269960491088
-0.238940215918
-0.169572493065
-0.129634014298
-0.141610015187
-0.0852751118421
0.0329053809776
-0.308416176582
-0.264190876919
-0.243011474986
-0.183536778018
-0.176701477274
-0.172377641612
-0.275385608682
-0.3617218505
-0.354800343374
-0.324892847693
-0.266028320231
-0.22297265463
-0.161727365264
-0.209053662827
-0.291520034414
-0.423419480512
-0.275205274436
-0.226390589121
-0.201660792931
-0.206211881874
-0.194487086157
-0.287374609829
-0.329757124735
-0.304827729253
-0.16849019053
-0.107006362795
-0.162666503492
-0.179878764803
-0.267811797982
-0.337841256453
-0.144688968102
-0.262834111224
-0.153447756645
-0.185843151695
-0.196398029096
-0.310474952099
-0.284168189355
-0.189105838348
-0.242771684126
-0.160082247345
-0.194223980852
-0.25189313086
-0.366501519529
-0.334803345942
-0.267857610753
-0.300031178346
-0.190581185451
-0.207619126137
-0.259770547035
-0.301460537478
-0.387465015151
-0.314423830572
-0.230911361178
-0.186506618935
-0.266059038795
-0.328071169174
-0.260650451925
-0.325490432664
-0.208800725451
-0.108297239706
-0.216353442514
-0.231202215712
-0.271564103623
-0.270306897651
-0.389555623661
-0.217799564474
-0.200162806551
-0.220070617784
-0.194713099727
-0.274174451887
-0.355666854801
-0.410523204414
-0.33319420946
-0.250539523375
-0.163768444301
-0.311840339965
-0.281247736025
-0.387700563013
-0.384745702484
-0.297780695071
-0.237965463993
-0.120135267312
-0.264603030155
-0.237111413378
-0.289587025862
-0.389134670268
-0.325164640927
-0.256649272644
-0.259646754257
-0.243988637241
-0.165117474305
-0.345662848638
-0.417238622569
-0.275115318343
-0.287130537538
-0.224214664101
-0.214218578966
-0.287044619647
-0.297555916296
-0.432010335788
-0.373372948152
-0.32240802693
-0.287408579611
-0.343190198002
-0.230063323415
-0.402583956442
-0.393534643061
-0.422652554772
-0.31553099969
-0.324322131492
-0.255191182812
-0.29189819635
-0.273360407638
-0.468158752614
-0.412711814897
-0.326608459134
-0.341914127775
-0.425910193349
-0.372723546893
-0.392382884973
-0.473193638702
-0.347455842918
-0.367616118764
-0.272550178756
-0.33472756699
-0.197262366427
-0.275051698642
-0.357714915994
-0.385548925078
-0.320913572369
-0.26425050023
-0.23057328747
-0.286026111469
-0.367003696274
-0.335649899539
-0.347462950796
-0.336130131233
-0.316445422823
-0.29709132388
-0.239446695518
-0.393246609525
-0.412394146511
-0.405078597219
-0.323506306224
-0.250826684883
-0.28292327818
-0.31697429979
-0.409736092613
-0.453538908577
-0.385898806831
-0.205043222822
-0.306634187371
-0.291900656983
-0.327733960136
-0.380829092921
-0.504127638821
-0.241253386927
-0.241779633317
-0.171836099394
-0.307209486695
-0.290292459112
-0.336364260999
-0.425765003464
-0.332610987881
-0.232481543064
-0.226730295901
-0.237174434026
-0.289565629679
-0.383738367175
-0.413408306744
-0.361294763153
-0.314247230067
-0.185012934824
-0.233653182789
-0.0973074608764
-0.259020493786
-0.366705278834
-0.275064238906
-0.109299957264
-0.182864383036
-0.183998379582
-0.176995083548
-0.365179267092
-0.389125134767
-0.304804742497
-0.161574169622
-0.204153078057
-0.1865133386
-0.214483106803
-0.211920552388
-0.321534186178
-0.286336496346
-0.2443898102
-0.254898675957
-0.192254652743
-0.0993629358929
-0.10855378686
-0.244184306645
-0.0677924271175
-0.0879139138951
-0.0951613889318
0.00984100714105
-0.0107024148395
-0.0615722528764
-0.231277534468
-0.11543894329
0.487032382114
0.086102757613
0.0771868244452
-0.0432281059885
-0.106718821221
-0.201356271421
-0.136967135722
-0.0100325764574
-0.208211477582
-0.101933777264
-0.196360987065
-0.293018501943
-0.335432446769
-0.0897808965245
-0.0019263328083
-0.074383735078
-0.169274762651
-0.0891010499584
-0.212469617994
-0.151100336547
-0.209731049888
-0.144187391983
-0.0378987155646
-0.0881713938247
-0.161359936252
-0.293831874532
-0.299105899825
-0.254368052278
-0.0722347896093
0.0101183687419
-0.0701971022046
-0.180498019241
-0.19534304656
-0.292776522512
-0.112878524653
-0.103365254287
-0.110454128079
-0.0888968377061
-0.0938388728332
-0.123921365438
-0.216947431061
-0.161551658201
-0.0506092459138
-0.191810412495
-0.22039815892
-0.135807103971
-0.224454166497
-0.121207525607
-0.171528375064
-0.138957217847
-0.00351564926377
-0.167575091135
-0.267895751843
-0.25890582417
-0.236866914732
-0.189999063403
-0.0453136624391
-0.0908377313019
-0.0623436507122
-0.16708751579
-0.233620868636
-0.219785894147
-0.118115640745
0.124335323936
-0.133774151453
-0.192122233759
-0.201835830468
-0.328408027983
-0.373669541383
-0.293936187993
-0.225545539401
-0.164084803625
-0.325112902873
-0.145332947101
-0.127141673343
-0.18450592816
-0.218132558696
-0.306936603894
-0.321736119242
-0.362889354365
-0.367933513079
-0.466133198711
-0.425752730907
-0.376550165219
-0.296657747001
-0.28516909075
-0.238169146885
-0.243747056004
-0.265513100441
-0.370913456759
-0.232468162601
-0.189620264071
-0.168590241314
-0.193701465221
-0.22301877263
-0.241059007416
-0.27856122658
-0.189959217391
-0.175942271773
-0.252721445052
0.00153518321399
-0.0750172775966
-0.134123249848
-0.16829903076
-0.287703318987
-0.0799794509872
-0.154790367221
0.116581199459
-0.0626201521118
-0.189953422101
-0.273079051096
-0.212440128098
-0.154505528023
-0.139339500035
-0.0849593171294
-0.152110851378
-0.113393749615
-0.234503027737
0.0731891544363
-0.13366113435
0.0241208512979
0.00499700119414
-0.0510799168853
-0.11384947289
-0.258474907872
-0.226357529999
-0.0457588032375
0.0246594979896
0.0147270336985
-0.0918389696933
-0.143469760187
-0.293058065102
-0.180447611693
-0.109015307861
-0.0665284982863
0.0433748173428
-0.0541036605061
-0.187917636074
-0.0439024686534
-0.0108860823517
0.0206522227905
0.0210675003661
-0.0855147304965
-0.159446422717
-0.155007453164
-0.246378515264
-0.160783552742
-0.049665205827
-0.0684460041925
-0.020081822865
-0.143132767597
-0.201657486959
-0.247049168277
-0.129603097581
-0.0887358957142
-0.106849238955
0.150854549005
0.225248498013
0.0424691690133
-0.100917259008
-0.169411502978
-0.00407749968195
-0.0318512788421
-0.0459154726081
0.00294245496335
-0.193694832201
-0.20236378616
-0.172763044861
-0.02413382171
0.0226861548567
-0.0060841175477
-0.14775912691
-0.16422798833
-0.228690795324
-0.209006744637
-0.0351982742857
0.00743150529319
-0.0910912301634
-0.0233769714377
-0.200261320719
-0.229220251107
-0.0832028269259
-0.0316430054436
-0.043824207302
-0.0620006349401
-0.109167047283
-0.0733680357426
-0.10651018541
-0.175412976146
-0.000185729817496
-0.0362127037448
-0.0162226641218
-0.0698536198186
-0.155904286763
-0.19357256885
-0.150445525822
-0.0465853334349
-0.0588445879101
-0.102285309675
-0.0786665718303
-0.206513981098
-0.165149804294
-0.1438614482
-0.0945980265443
0.027145949424
-0.0435048306634
-0.135658324147
-0.10749273245
-0.220128858535
-0.194152383141
-0.0527169441764
-0.0924500572331
0.00310670669014
-0.0444952734421
-0.0659396453532
-0.30942575638
-0.104519560032
-0.0825426431513
-0.102297693866
0.128738124678
-0.200030529615
-0.257899888007
-0.277000133951
-0.183057571895
-0.172209289809
-0.0375836079694
-0.091299399437
-0.130952186396
-0.208658671935
-0.205041792241
-0.0552923379484
0.0408059096395
-0.0521965004441
-0.0791264928289
-0.105901381211
-0.198257110768
-0.258677396801
-0.150748971811
-0.131878326792
-0.0858914172752
-0.174344894209
-0.183674312745
-0.214857031152
-0.245526977509
-0.24169245049
-0.0906857873582
-0.153033454301
-0.140271391132
-0.209412289686
-0.292195124456
-0.20111953709
-0.210727022903
-0.105153826334
-0.114477787667
-0.1506501098
-0.224328205027
-0.145239581606
0.0448798260822
-0.0253662795796
-0.0641398920027
0.00778179197372
-0.0928993935916
-0.246552970229
-0.369565021719
-0.343563440611
-0.279384016407
-0.184893775701
-0.188674463713
-0.264560987882
-0.250107019823
-0.338553085746
-0.309362726814
-0.328566806042
-0.122859065638
-0.203545078331
-0.13082311109
-0.295957926345
-0.343246596356
-0.390244041536
-0.258660469303
-0.225274334127
-0.202459875433
-0.16081362914
-0.269923722872
-0.274486863145
-0.305002327555
-0.216069348329
-0.0406221216623
-0.124581660526
-0.226692957964
-0.17810573992
-0.309257266012
-0.355111212828
-0.27055472274
-0.199219006926
-0.0812097553507
-0.109183493913
-0.0917506406732
-0.234679153532
-0.282334443467
-0.305140014992
-0.181747376248
-0.147010961465
-0.18622134733
-0.191373573257
-0.305505208245
-0.349928261426
0.00551020895211
-0.072182550451
-0.227409668846
-0.236421696638
-0.103460701046
-0.314273968152
-0.35830968731
-0.188455429344
0.0239908327188
-0.1907740421
-0.171320018502
-0.198943800827
-0.184999148992
-0.297440659037
-0.197669352937
-0.0776932437661
-0.224387421981
-0.122958630411
-0.0990782062101
-0.148042727295
-0.295573386453
-0.285422223977
-0.148197478234
-0.0800889652378
-0.113422180656
-0.132166012766
-0.24165076547
-0.242219074123
-0.110252280705
0.0630165177259
0.0474838334197
0.0815918600755
-0.0772083299762
-0.170897396621
-0.282098149595
-0.178824110536
0.188081329049
0.0931805152578
-0.0632694773184
-0.0339984292187
-0.203114536814
-0.18230104138
-0.0902328281223
-0.00428267986517
-0.0955694163719
-0.0243864905486
0.039938366878
-0.0808741729183
-0.134493075387
-0.112809883698
0.130788321757
0.0536661430432
0.0907109258803
0.0651383056681
0.0496934978753
0.00795779647605
0.194028461328
0.737432408917
0.373233010394
0.253480812659
0.0914098842511
-0.0269747472275
-0.0135155375753
-0.126775977313
0.0639802341071
0.0563240900657
0.124121386535
0.0741860360638
-0.0621881274852
-0.19736562354
0.0227220826593
0.0120183309676
0.0280440262261
0.00171979110811
-0.0404540110824
-0.200004251151
-0.187600175527
-0.106397996594
-0.0223711124624
0.0176104792998
0.0110334279985
0.0506781241206
-0.120295661853
-0.165844628257
-0.079274956643
0.102402960725
0.0767605049357
-0.0413698811397
-0.013275521143
-0.134293154356
-0.246298123866
-0.0798535582404
0.0346640749499
0.0677532073174
0.0387940537235
0.00857755840402
-0.0907594027041
-0.139855829769
-0.0687156446839
0.0662303673108
0.0377911616888
0.0206252073609
-0.0577321747188
-0.227662870486
-0.16658623533
-0.0460948025978
0.020018236079
-0.109653530069
-0.0275692609946
-0.162630717082
-0.173862230893
-0.190978209098
0.0301844512196
0.129626396088
0.0855953174011
0.0513250342677
0.00563588691625
-0.0753151051672
-0.0861485991789
-0.0365964672107
0.00807958160009
-0.0318841510097
-0.0687367157109
-0.0929017088138
-0.100176945837
-0.176882192203
-0.116218417127
-0.113430904886
-0.117917099036
-0.136186488618
-0.218421619418
-0.306947544011
-0.356938220268
-0.242097126181
-0.304603437312
-0.190361133135
-0.10110127835
-0.113308944551
-0.270293816547
-0.277457653907
-0.219102302192
-0.210022795562
-0.248409304561
-0.203672866076
-0.199077284434
-0.214723374557
-0.216360509943
-0.185761355343
-0.113199574619
-0.00636903161417
0.0656141463107
-0.0545255534299
-0.113547385228
-0.0655750382897
-0.0957788063806
-0.0894422099464
0.0360586771448
0.102098896771
0.0259316427535
-0.0697398717986
-0.0631839647169
-0.0925220347005
0.0748438063824
-0.00995772083077
0.0484466024687
0.00114224266693
-0.119806352912
-0.102080823416
-0.109789342067
0.0480268120977
0.057554518609
-0.0435548423215
0.00692392438656
-0.107832082555
-0.175726102211
0.0524891741133
0.0528491404185
0.148147197174
0.114438973937
-0.0273746425941
0.0445011721052
-0.13979249042
-0.0635121664909
0.135655163861
0.162505706885
0.101405290619
0.157720283943
-0.105139731684
-0.153921765555
0.135805419581
0.339628985577
0.277042685203
0.367711349941
0.135088243364
0.130606141643
0.260955294937
0.19774553949
0.244037427148
0.115278645869
0.0809467134064
-0.0459529511807
-0.0640228380683
-0.157872448432
0.0242651987318
0.123404588979
0.0771276504857
0.195798618255
0.0308773041416
0.058426889962
-0.00329946904024
-0.0114095595723
-0.00677780727624
0.0898421248587
0.121297744016
0.025997613356
0.0516488386152
-0.0718060740481
-0.0210052422612
0.177541635083
0.203756897242
0.129793110724
0.0305226902961
-0.0223542498585
-0.12231557072
0.0547301172584
0.0527925947079
0.0419834002956
0.131229113928
0.00234575802194
0.0566782726375
-0.0175176737207
0.036710166035
0.0465301584967
0.0956399808649
0.148986926667
0.0758044850515
-0.0418940654455
-0.140375854314
-0.0559045498306
0.0724905284748
0.225214670529
0.215217827097
0.0456519610035
-0.104156976492
-0.181868864102
0.0140685272203
0.147988319133
0.0942164117492
0.122037612647
0.0867291678571
0.00340894871208
-0.11672273145
0.0183140222632
0.129937180039
0.186173791668
0.168974971444
-0.0370531770879
-0.00257136645516
-0.108341541874
0.0897958059259
0.235836115899
0.166582251889
0.16082925559
0.169567007851
0.108063674039
-0.047790126221
0.0139078526019
0.089696415673
0.109523028668
0.107080673681
-0.0468060116776
-0.141832488129
0.0343663112842
0.188531470703
0.281895617605
0.206905919667
0.094493089287
0.164489881083
0.174735890556
-0.0152977204304
0.126482420776
0.181207991556
0.137241093427
0.121211108145
-0.0177371751434
-0.0986540443534
-0.199369486424
-0.10681918233
0.00187714535674
0.126957982071
0.165472439006
0.217908962884
0.00264690491199
-0.0862233466139
0.0715354650216
0.0004440756271
0.288797913087
0.009186106407
0.012531129803
-0.0122892586269
-0.0786915324907
-0.037095565699
0.117920209115
0.156591661152
0.0801701009837
-0.00442401145512
-0.101414629014
-0.0881749814079
-0.0592525323505
0.0785746051559
0.119571309787
0.02264608606
-0.00998168307395
-0.11424230685
-0.0583626514219
0.0391215724728
-0.0394434837197
0.0290914958687
0.18831640687
-0.00585765437826
-0.108152288399
-0.177082873663
-0.148316982131
0.0165832584841
0.00600176219924
-0.0315675509011
-0.10347479143
-0.199672587514
-0.217333641483
-0.124180406194
0.0275638685116
-0.0859836677356
-0.0320120480659
-0.0831972252906
-0.091625188896
-0.159689384512
-0.115908334921
-0.0747140110781
-0.037715759726
-0.119773420049
-0.147602784868
-0.188810188885
-0.21802427989
-0.12636248077
0.0457781767998
-0.0216864484589
0.0219111461451
0.00796339207657
-0.0287003251606
-0.138971916155
-0.0328043070753
0.0356119471938
0.159984654182
0.084948956381
0.0311901245235
-0.0800341802584
-0.235331104055
-0.0165738842098
0.0621171745778
0.049856695859
0.0895642899746
0.00376998438667
-0.142734954652
0.131422625081
-0.0202497151234
0.0671406024266
0.0497235865508
0.153590338065
0.0601255614451
-0.1342382345
-0.182977988349
-0.0991948689179
0.156598934357
0.000227589350663
-0.0102287303598
-0.0280189975678
-0.0636017135329
-0.147822371337
-0.155650168512
0.0684448359747
0.0302767009089
0.0570345639518
0.0848761134255
-0.0170988153439
-0.124934542604
-0.0248058396947
0.0586737303134
0.0366413526568
0.0931674472392
-0.00795870865018
-0.0248131972218
-0.0107781870141
0.07772854462
0.0133351058684
0.146624787132
0.203911296046
0.116542301897
0.0199197647192
-0.116732876555
0.00427756701993
0.537371025611
0.676711582128
0.935347288526
0.829521398318
0.57836994519
0.255639491202
0.491441576855
0.863781603223
1.3856265244
1.77152439577
1.5009147598
1.09139297554
0.755201268744
0.91644710526
1.70649912065
2.12171643566
1.8942575594
1.93333102439
2.66907460039
2.73882260633
4.15932366397
12.2705055863
5.77538316917
3.57439840443
2.08974389974
1.15201248195
0.775816307743
0.815328846782
0.820150693379
0.732665564191
0.560847856414
0.583504070859
0.39755321257
0.384976465608
0.442318482533
0.578254374419
0.524936983614
0.420718887067
0.363299978743
0.261105340142
0.0708799394877
0.167451542984
0.464907946328
0.46866921742
0.432973380594
0.303768473059
0.252688119971
0.104877868011
0.219030778056
0.502962760819
0.46449458279
0.390914217529
0.270900280339
0.170783231183
0.137180716267
0.250114348893
0.377018980791
0.492992722201
0.358170523136
0.381475094217
0.229783816384
0.0589004671083
0.222329627016
0.280347698869
0.287142707746
0.345159449347
0.262677339369
0.129834703745
0.198142162234
0.110195871687
0.264241673208
0.255697512588
0.171936424535
0.178959319107
0.145302407303
0.129898816137
0.16706951548
0.366329214201
0.302616063893
0.33453643796
0.232501223896
0.235245989552
0.101216899898
0.201351458829
0.255537316898
0.311674325154
0.226966268998
0.165188751083
0.124293132706
-0.0279171428183
0.0968591561421
0.256434284181
0.116053403198
0.17147204947
0.236053651607
0.0314296804341
-0.0554011140228
-0.017891879956
0.141501640661
-0.0146049102462
-0.0672821258945
-0.0308665458691
-0.032826498871
-0.00691033240206
-0.0267093434006
-0.0388297489157
0.22063780325
-0.015539571978
0.14387616739
0.0736929145689
-0.0119768264093
-0.00591930664652
0.251260712475
0.553658867787
0.299315069571
0.249373797993
0.185001079798
0.0196507869034
0.0471197791675
0.280582045107
0.257595631997
0.249663142778
0.234077679707
0.126842408219
0.0663145125821
0.509035823881
0.695286994494
0.442461207653
0.431608482577
0.284367480458
0.431191725416
0.304802042255
0.154619541741
0.494967705857
0.357555556767
0.328557464304
0.284020953139
0.19238129396
0.216783156029
0.203914365999
0.255357095972
0.300586681899
0.251014351105
0.282960809108
0.175264622438
0.057489849141
0.250551049453
0.362330225047
0.338078735404
0.331699525014
0.238691177191
0.182038515573
0.0416620886996
0.260465458528
0.294989660672
0.327656186552
0.290071249943
0.298166543741
0.20876183191
0.172158842586
0.194632507113
0.353503645183
0.305644393297
0.333694377412
0.345201501674
0.141804955662
0.0440892296751
0.252213159596
0.411944701691
0.512752002387
0.442027405989
0.318254436704
0.19566497242
0.140638782689
0.300816963763
0.307949955045
0.2209314019
0.431871312809
0.429852459931
0.189371171536
0.0804042824567
0.242127511419
0.362820506972
0.468205921675
0.428770651057
0.527366746136
0.121795411701
0.0271556294369
0.17033347717
0.246753401267
0.180697192118
0.343424897281
0.22269156764
0.131841851592
0.0184454935889
0.144331175935
0.380401630802
0.556760307675
0.45103002797
0.242788872522
0.115895147432
0.119442150254
0.145964000499
0.250537259681
0.386149058876
0.337695775868
0.288056935036
0.107088593828
0.0612023285671
0.15695251182
0.359242317749
0.311918974172
0.310269962421
0.250029143444
0.12836908502
0.0313557909796
0.217870876977
0.272137383158
0.301835756738
0.295361166904
0.251714829571
0.173781225284
0.0933770638786
0.275579766277
0.324626472558
0.467624220853
0.409298781297
0.26143595426
0.243412393231
0.0435227499749
0.197381808066
0.301436948716
0.350139639777
0.325589910054
0.311710202529
0.20807701423
0.0648885448553
0.138807150885
0.29641771068
0.360459744812
0.310799245404
0.178205274904
0.0378870205285
0.130336801972
0.159311582147
0.222802785506
0.273027086468
0.242082597305
0.312726089187
0.186703705191
0.0505840727294
0.133053496339
0.132175341136
0.260624804504
0.192230698587
0.187804538663
0.245984813266
-0.0369346589042
0.073944422773
0.253676476207
0.401099013433
0.331475271418
0.482413985048
0.295291585116
0.122909901049
0.072526914759
0.306566558018
0.322117598869
0.306847351728
0.260897122023
0.174336559641
0.0807657112523
0.0054615306677
0.208004497035
0.163985472381
0.153286225272
0.184817922566
0.0407774241798
-0.0330513384542
0.0702961428071
0.0180563880646
0.0807338488877
0.245212122301
0.0490974159208
-0.0404799896993
-0.0555218977254
0.187054447621
0.187179654026
0.219818272667
0.0747293641553
0.0888743189981
-0.0270350674888
0.00182233205906
-0.0557807206451
0.102634271565
0.0911450608816
0.0590181300605
0.104724746008
0.13747367326
-0.170598793082
0.0100414511607
0.10656187859
0.0812080611294
0.0603369288155
0.139274271907
0.108290268852
-0.0767737594648
0.14421970302
0.00853121816423
0.0167993498036
-0.00224600702511
0.0845718214074
-0.0290232703282
-0.0917122294602
0.0433628529449
0.134324631434
0.225085790777
0.133592901466
0.236619162855
0.0115599717937
-0.115591105151
0.102689617894
0.235978028409
0.205816248041
0.171059611142
0.128232194242
0.400631507115
0.059826681034
0.0147061945761
0.217659435243
0.336036092924
0.281489805439
0.141186920007
0.0845722547731
-0.105709504164
0.044197037463
0.165145856026
0.195407115112
0.18689259305
0.163011633199
0.0854869585707
0.00111264470517
0.0445480308854
0.148413602296
0.156523675508
0.171037633768
0.347891031415
0.176407364674
-0.0341666916363
0.098694976326
0.145312924258
0.120417387629
0.201753908502
0.294701706198
0.270684507004
0.00247129355065
0.072115849132
0.18681989402
0.277991842522
0.386323504647
0.211568398757
0.0961093957342
0.227674149192
0.251549106276
0.278121363429
0.233803355827
0.380108132964
0.350796331826
0.243832680694
0.0473495141785
0.168837449369
0.327284713555
0.424130614291
0.358088653237
0.466892201471
0.233366768274
