-0.361937883624
-0.208720481184
-0.317927351209
-0.228015667712
-0.386570328325
-0.279634489001
-0.36696033041
-0.353973080427
-0.50751097814
-0.433120031714
-0.0707916945924
-0.0457062488402
-0.318433726311
-0.20462737007
-0.326211644997
-0.591838927861
-0.135319633441
-0.326377090325
-0.261785956812
-0.416771543342
-0.0828776498152
-0.552993481845
-0.759048009042
-0.52929329075
-0.36696033041
-0.352269047923
-0.476527611736
-0.236343854895
-0.479930493143
-0.44812681058
-0.326377090325
-0.218708363193
-0.352269047923
-0.409503900832
-0.45775177456
-0.396620311489
-0.536573550946
-0.64872149041
-0.487441361269
-0.386570328325
-0.326211644997
-0.477865664784
-0.488710050665
-0.477865664784
-0.326377090325
-0.44812681058
-0.433714926802
-0.477865664784
-0.662652930646
-0.621672699429
-0.813375971345
-0.744613393081
-0.536573550946
-0.61045977092
-0.564420175466
-0.28579385024
-0.731845318573
-0.539373312662
-0.52929329075
-0.564420175466
-0.391595319907
-0.518402134445
-0.353121064175
-0.438657428968
-0.432162195553
-0.39166744131
-0.354352390619
-0.203028586212
-0.412157556919
-0.226058764194
-0.585446152009
-0.274079932798
-0.289613854399
-0.205010749332
-0.16248622883
-0.17197593117
-0.360466705419
-0.288886298559
-0.51905265922
-0.366877607746
-0.212542635146
0.0629088211429
-0.185242350427
-0.315951768462
-0.271741416616
-0.353121064175
-0.143117118343
-0.236910637085
-0.098961262914
-0.0986975000081
-0.0792731931026
-0.290109841561
-0.33084614134
-0.31818053876
-0.361498700907
-0.201453633177
-0.136998852903
-0.151277353868
-0.330936120742
-0.539168120885
-0.455790295793
-0.454260911734
-0.199021203019
-0.0864249747947
-0.243945237132
-0.321455549457
-0.56143500634
-0.374969344895
-0.353121064175
0.0985723273803
-0.00348573816257
-0.465690252938
-0.233206663441
-0.23702688605
-0.229477752163
-0.344432849547
-0.023446268437
-0.257989171948
-0.363968813571
-0.35918680847
-0.376528022402
-0.312064561738
-0.271741416616
-0.102985557218
-0.235253218998
-0.234260512199
-0.302113788275
-0.0609696810369
-0.339462768478
-0.299591845291
0.00725872557208
0.0987516155977
-0.0705035095198
-0.258497001245
-0.23909493005
-0.0534481085032
-0.344325487164
0.00200174618906
-0.381989651905
-0.32920313415
-0.221494140717
-0.316803784714
-0.242852325352
-0.259008605206
-0.232171414109
-0.191376246589
-0.0784556651144
-0.0190862069208
-0.353121064175
-0.319883465334
-0.16961037455
-0.0986975000081
-0.160108912836
-0.275763376348
-0.320915460822
-0.169973501756
-0.152695933279
-0.216321518891
-0.215625431198
-0.0448610116985
0.0165048938139
-0.253498283484
-0.101362167303
-0.104825404264
-0.314373143611
-0.413537972295
0.02904761669
-0.161786969947
-0.0277824072032
-0.467808719672
-0.259737469902
-0.386603638329
-0.0538728202978
-0.0173269588448
0.135362167684
-0.277388790603
-0.499633537377
-0.279087246171
-0.102985557218
-0.161825131779
-0.293131664708
-0.290109841561
-0.199281471567
-0.355204406872
-0.374254105975
-0.0924679524061
0.031385614079
0.334977720557
0.015951419635
-0.2878081671
-0.290142357818
-0.199839664634
0.0221849071099
0.174156591364
-0.135618092185
-0.0905129411405
-0.0229956649882
-0.22219022841
-0.202145635559
0.0716705758401
-0.102177482842
-0.131688184295
-0.10913329661
-0.149403681152
-0.198552795127
-0.371177325701
-0.266938667217
0.0726340217261
-0.0683723478035
-0.26023993165
-0.263020495686
-0.468166274242
-0.356390986661
-0.291662559759
0.0208003493642
-0.119101279863
-0.0881658073652
-0.178207845772
-0.0509561430525
-0.291083177798
-0.34140641182
-0.0400601484855
0.280438904048
-0.190265121798
-0.276417568661
-0.313408734729
-0.199407077619
-0.265970999931
-0.16917923582
-0.179242779178
-0.0596591121668
-0.433393521997
-0.267548785755
-0.51905265922
-0.528350135181
-0.188890372441
-0.514329784937
-0.0409053856271
-0.318788634469
-0.339133814669
-0.39072854764
-0.3717728124
-0.136860958276
-0.430688612496
-0.406593711635
-0.594229209009
-0.197487843663
-0.341480061215
-0.416099770533
-0.38160214526
-0.23907537296
-0.645053136431
-0.515941387407
-0.609398817171
-0.399182109727
-0.540295760634
-0.597800121245
-0.443684782808
-0.302113788275
-0.177454436735
-0.341480061215
-0.367940495578
-0.322495209485
-0.376765329368
-0.253128990663
-0.59886341686
-0.23591705124
-0.592647520678
-0.116426125274
-0.229477752163
-0.313295888182
-0.290109841561
-0.162778756962
-0.185958946919
-0.478229052439
-0.51995419082
-0.239438262117
-0.22253216804
-0.330594085616
-0.458947440586
-0.400337628606
-0.356390986661
-0.512644445108
-0.330936120742
-0.388095770252
-0.23148367361
-0.339323069124
-0.487670982822
-0.379279097556
-0.649210660852
-0.496401622161
-0.238295498014
-0.28484399138
-0.340185804967
-0.280494764554
-0.462956801119
-0.294081523569
-0.13048507928
-0.333102408663
-0.219041936249
-0.453485811083
-0.478898078963
-0.00369927762195
-0.523462430812
-0.199281471567
0.0876001208052
-0.175577173468
-0.23148367361
-0.217536576151
-0.285577467902
-0.49743403634
-0.234131404423
-0.299034107656
-0.143751498537
-0.163031496428
-0.00434020040748
-0.483287857724
-0.33084614134
-0.228040927314
-0.175357825208
-0.325133291503
-0.247016418944
-0.283312115729
-0.381180820225
-0.187758763054
-0.322405408318
-0.259332078886
-0.0845835693701
-0.178962796267
-0.152647241356
-0.173634432576
-0.169973501756
-0.22219022841
0.0136962094935
-0.146778531837
-0.0309467114318
-0.278062334396
-0.318788634469
-0.20367751121
-0.216338056425
0.126580793579
-0.302113788275
-0.0590871562792
-0.0987358922277
-0.238810335153
-0.281568980682
-0.153629542125
-0.300623840779
-0.224483811159
-0.0611472205209
-0.353121064175
-0.30583103171
-0.233435316729
0.0430800773835
-0.220081499528
-0.0618312097113
-0.0773328326846
-0.318788634469
-0.174309144007
-0.542664770411
-0.0117987324622
-0.0597026926226
-0.0391994660721
0.127959158904
-0.0518848180585
-0.112759572449
-0.367804150209
-0.428815355706
-0.045982618472
-0.00369927762195
0.0912364730348
-0.270710222907
-0.282714169621
-0.0970413656019
-0.0182118407326
0.134478476719
-0.0239908976644
-0.155279853911
-0.322069498103
-0.547105845226
-0.153103920253
-0.00919762600594
-0.0391994660721
-0.125969617954
-0.239438262117
0.160115014783
-0.129390261671
-0.279087875459
-0.206673925627
0.0638503199692
0.115065907222
-0.276079498179
-0.247734601248
0.121196712716
0.144224256822
0.0971336487123
0.145617561262
0.125560412251
-0.0767497455594
-0.112759572449
-0.156904603578
-0.149681881713
-0.0845337842214
0.0574577709273
0.0516805478873
-0.178123670562
-0.507259566831
-0.384520295633
-0.381180820225
-0.0812967626303
-0.122412501799
-0.240247160003
-0.438275402316
-0.409367555462
-0.432217996555
-0.596263019791
-0.357273831349
-0.31855818673
-0.346859331667
-0.523462430812
-0.597800121245
-0.352587896242
-0.467124997889
-0.419345974094
-0.318433726311
-0.326211644997
-0.318433726311
-0.605735338908
-0.564420175466
-0.375791312125
-0.211870387256
-0.226623492325
-0.135319633441
-0.257688982992
-0.356435733316
-0.352269047923
-0.326377090325
-0.326211644997
-0.00171116964519
-0.0528707248302
0.00145060472458
0.121977740341
-0.409231210093
-0.129909924822
-0.245210610155
-0.17193945081
-0.17193945081
-0.253297967023
-0.326377090325
-0.245210610155
-0.253297967023
-0.218708363193
0.0640788950485
-0.0361045224141
-0.0707916945924
-0.409503900832
-0.409503900832
-0.17193945081
-0.240247141133
-0.228015667712
-0.317927351209
-0.0528707248302
-0.261785956812
-0.270156043049
-0.50751097814
-0.27082822193
-0.00370179958427
-0.257688982992
0.00604923409167
-0.170890156039
-0.356435733316
-0.326377090325
-0.176297915685
-0.1234608899
0.0853091457365
0.123931780366
-0.208720481184
-0.382463927589
-0.111205081389
0.0640788950485
0.10997374649
-0.352269047923
0.229895802095
-0.215834713495
-0.36696033041
-0.261785956812
-0.0248142051515
-0.253297967023
0.121977740341
-0.170890156039
-0.510351310678
-0.477865664784
-0.326377090325
-0.15919251627
-0.00568738559871
-0.318433726311
-0.252850618473
-0.386570328325
-0.488710050665
-0.487441361269
-0.409231210093
-0.194186785169
-0.0475568106109
-0.15919251627
-0.216364789108
-0.149765077171
-0.4877657938
-0.245210610155
-0.253297967023
-0.0308706340434
-0.149765077171
-0.510351310678
-0.386570328325
-0.176297915685
-0.324477372604
-0.0475568106109
-0.386570328325
-0.257688982992
-0.477865664784
-0.334811080908
-0.211870387256
0.00145060472458
-0.0422944097302
-0.135319633441
-0.353973080427
-0.382463927589
-0.356435733316
-0.326377090325
-0.176297915685
-0.0838739707767
0.121977740341
0.0638858411554
-0.433714926802
-0.693945372756
-0.396620311489
-0.228015667712
-0.17193945081
-0.240247141133
-0.326211644997
-0.253297967023
-0.317927351209
-0.20462737007
-0.236343854895
-0.0556776443948
-0.211870387256
-0.279634489001
-0.514937579538
-0.518629233043
-0.261785956812
-0.20462737007
-0.0475568106109
-0.352269047923
-0.271721719097
-0.228015667712
-0.621672699429
-0.514937579538
-0.426038915313
-0.209994840611
-0.236343854895
-0.218708363193
-0.228015667712
-0.474806896667
-0.4877657938
-0.135319633441
-0.17193945081
0.0238991577183
-0.111205081389
-0.216364789108
-0.479930493143
-0.539373312662
-0.228015667712
-0.215834713495
-0.1234608899
-0.116251976475
-0.296389794105
-0.352269047923
-0.326377090325
-0.116251976475
-0.000440386445543
-0.0198956653402
-0.36696033041
-0.228015667712
-0.356435733316
-0.510351310678
-0.253297967023
-0.253297967023
-0.228015667712
-0.352269047923
-0.409503900832
-0.488710050665
-0.261785956812
-0.149765077171
-0.20462737007
-0.361937883624
-0.15919251627
-0.386570328325
-0.4877657938
-0.433714926802
0.170373459132
-0.194186785169
-0.226623492325
-0.317927351209
-0.261785956812
-0.361937883624
-0.343438515174
-0.253297967023
-0.500535068977
-0.279634489001
-0.27082822193
-0.343438515174
-0.50751097814
-0.39517547607
-0.164044129985
-0.30258515834
-0.429188047356
-0.317927351209
-0.498732005777
-0.651043011005
-0.352269047923
-0.36696033041
-0.426038915313
-0.164044129985
-0.261785956812
-0.510351310678
-0.487441361269
-0.596619490156
-0.20462737007
-0.164044129985
-0.208720481184
-0.536573550946
-0.334811080908
-0.61045977092
-0.36696033041
-0.261785956812
-0.429188047356
-0.343438515174
-0.343438515174
-0.361937883624
-0.50751097814
-0.44812681058
-0.208720481184
-0.50751097814
-0.409231210093
-0.261785956812
-0.479930493143
-0.596084020378
-0.498732005777
-0.386570328325
-0.047949462387
-0.396620311489
-0.514937579538
-0.605887905858
-0.709366652201
-0.498732005777
-0.541218208606
-0.409503900832
-0.179131401368
-0.216364789108
-0.409503900832
-0.407543570495
-0.605887905858
-0.218708363193
-0.102058254997
-0.353973080427
-0.0828776498152
-0.361937883624
-0.416481672526
-0.541218208606
-0.218708363193
-0.27082822193
-0.16151338394
-0.253297967023
-0.429188047356
-0.580692468212
-0.317927351209
-0.296389794105
-0.149765077171
-0.375791312125
-0.135319633441
-0.334811080908
-0.218708363193
-0.218708363193
-0.296389794105
-0.226623492325
-0.343438515174
-0.228015667712
-0.253297967023
-0.668433573433
-0.253297967023
-0.416771543342
-0.0308706340434
-0.00370179958427
-0.0562060372649
-0.215834713495
-0.253297967023
-0.111205081389
-0.326211644997
-0.15919251627
-0.433714926802
-0.0475568106109
-0.0361045224141
-0.45775177456
-0.209994840611
-0.1234608899
0.324829060238
-0.236343854895
-0.218708363193
-0.00370179958427
-0.378798702159
-0.353973080427
-0.293830849691
-0.228015667712
-0.135319633441
-0.0562060372649
-0.164044129985
-0.407543570495
-0.261785956812
-0.135319633441
-0.0308706340434
-0.00370179958427
-0.194186785169
-0.208720481184
-0.409503900832
-0.228015667712
-0.326377090325
-0.352269047923
-0.352269047923
0.10997374649
-0.510351310678
-0.407543570495
-0.510351310678
-0.129909924822
-0.236343854895
-0.0707916945924
-0.208720481184
-0.326211644997
-0.433120031714
-0.409503900832
-0.15919251627
-0.1234608899
0.228872369935
0.175714600708
-0.102058254997
-0.334811080908
-0.117404522881
-0.30258515834
-0.0528707248302
-0.164044129985
-0.00171116964519
-0.382463927589
-0.228015667712
-0.16151338394
-0.253297967023
-0.149765077171
-0.228015667712
-0.253297967023
-0.20462737007
-0.326377090325
-0.261785956812
-0.194186785169
-0.245210610155
0.0472880843272
-0.215834713495
-0.15919251627
-0.261785956812
-0.0308706340434
-0.216364789108
-0.00370179958427
-0.261785956812
-0.326377090325
-0.378798702159
-0.352269047923
-0.352269047923
-0.209994840611
-0.536573550946
-0.361937883624
-0.257688982992
-0.539373312662
-0.500535068977
-0.591838927861
-0.686436643902
-0.536573550946
-0.541218208606
-0.356435733316
-0.552993481845
-0.564420175466
-0.326211644997
-0.416481672526
-0.552993481845
-0.433120031714
-0.326211644997
-0.429188047356
-0.326377090325
-0.416481672526
-0.102058254997
-0.17193945081
-0.0861899186276
-0.135319633441
-0.409231210093
-0.216364789108
-0.27082822193
-0.36696033041
-0.228015667712
-0.253297967023
-0.216364789108
-0.518629233043
-0.488710050665
-0.111205081389
-0.488710050665
-0.102058254997
-0.0361045224141
0.0638858411554
0.0747813999235
-0.0361045224141
0.0238991577183
-0.226623492325
0.149856570434
-0.116251976475
-0.0562060372649
-0.0528707248302
-0.318433726311
-0.261785956812
-0.164044129985
-0.102058254997
-0.240858279854
0.121977740341
-0.382463927589
-0.343438515174
-0.28579385024
-0.226623492325
-0.208720481184
0.0388720704398
0.228872369935
-0.257688982992
-0.253297967023
-0.208720481184
-0.317927351209
-0.228015667712
-0.0198956653402
0.0986395518213
-0.102058254997
-0.16151338394
-0.15919251627
0.149856570434
0.150685784757
-0.0457062488402
-0.00370179958427
-0.215834713495
-0.352269047923
-0.0475568106109
-0.279634489001
-0.0562060372649
0.0640788950485
-0.164044129985
-0.293830849691
-0.194186785169
-0.17193945081
-0.164044129985
0.0238991577183
0.123931780366
-0.218708363193
-0.102058254997
-0.179131401368
-0.0457062488402
-0.0440157745569
0.121977740341
0.0724991995793
-0.00568738559871
-0.253297967023
-0.0198956653402
-0.0889296936043
0.218735922944
0.0638858411554
-0.261785956812
0.273057252499
-0.208720481184
-0.00568738559871
-0.135319633441
0.0853091457365
-0.378798702159
-0.162060555955
-0.0528707248302
-0.208720481184
-0.27082822193
-0.17193945081
-0.253297967023
0.121977740341
0.218735922944
-0.211870387256
-0.253297967023
-0.00568738559871
0.0747813999235
0.170373459132
0.0238991577183
-0.20462737007
-0.00370179958427
-0.240247141133
-0.194186785169
-0.0422944097302
0.228872369935
-0.0422944097302
0.175714600708
0.304069597996
-0.00370179958427
-0.0828776498152
-0.0707916945924
0.314683626524
0.321199660979
0.0640788950485
-0.000440386445543
-0.135319633441
-0.0440157745569
-0.0707916945924
-0.0861899186276
0.10380148222
0.10380148222
0.0638858411554
-0.194186785169
-0.324477372604
0.0638858411554
-0.0198956653402
-0.00696923116977
0.0794553105248
-0.0707916945924
-0.253297967023
0.00383990194527
-0.356435733316
0.129502991065
0.0388720704398
0.280060003095
0.0638858411554
-0.116251976475
-0.245210610155
-0.257688982992
0.0986395518213
0.183977719576
-0.261785956812
-0.0457062488402
0.0747813999235
-0.0198956653402
-0.208720481184
-0.20462737007
0.0238991577183
0.0853091457365
-0.0828776498152
-0.245210610155
-0.17193945081
-0.0475568106109
0.0794553105248
0.0749912312648
0.146979213097
-0.0308706340434
-0.194186785169
-0.253297967023
-0.0528707248302
-0.261785956812
-0.107192054385
-0.0308706340434
-0.17193945081
-0.0198956653402
-0.257688982992
0.150685784757
0.10997374649
0.12003855061
0.0724991995793
0.175714600708
-0.216364789108
-0.236343854895
-0.396620311489
-0.28579385024
0.307776687203
0.318808045829
-0.409231210093
-0.216364789108
-0.253297967023
-0.240247141133
-0.0198956653402
0.307776687203
-0.149765077171
0.0677761125781
-0.261785956812
-0.317927351209
-0.28579385024
-0.164044129985
-0.0198956653402
-0.0457062488402
0.10380148222
-0.409503900832
-0.296389794105
-0.00568738559871
-0.162060555955
0.10380148222
0.318808045829
-0.135319633441
-0.253297967023
-0.236343854895
-0.102058254997
0.0388720704398
0.280060003095
0.229895802095
0.164414593389
-0.216364789108
-0.194186785169
-0.194186785169
-0.0308706340434
0.160366430308
-0.047949462387
0.0472880843272
-0.164044129985
-0.261785956812
-0.296389794105
-0.236343854895
0.0640788950485
0.146979213097
-0.00171116964519
-0.317927351209
-0.194186785169
-0.0440157745569
-0.270156043049
-0.162060555955
0.0677761125781
-0.0198956653402
0.146979213097
-0.28579385024
-0.208720481184
-0.00171116964519
-0.16151338394
-0.00696923116977
0.386453167104
-0.226623492325
-0.28579385024
-0.0457062488402
-0.0308706340434
0.280060003095
-0.15919251627
0.283820187281
0.160621790695
-0.253297967023
-0.228015667712
0.0747813999235
0.115971462482
0.10997374649
0.361852849786
-0.253297967023
-0.162060555955
0.160366430308
0.401771395864
0.44381331222
0.499581981982
0.530727701226
0.404121231205
0.229895802095
0.361852849786
0.398986012027
0.7777189554
2.54725024682
1.68541182092
1.98535589588
1.40943069759
1.71635070929
1.89901112291
2.57204557902
2.73084309563
1.96723162863
2.05597297978
2.11280472315
2.41708999931
7.07751426977
10.3166132536
2.17704715615
1.42992599566
0.818612583047
0.76937039197
0.318808045829
0.398986012027
0.502678907379
0.748821173046
0.68052875452
0.60703743163
0.273057252499
0.318808045829
0.385245540291
0.604299294047
0.280060003095
0.175714600708
0.12003855061
-0.226623492325
-0.261785956812
0.0853091457365
0.307058955113
0.598985229827
0.307776687203
0.121977740341
-0.164044129985
0.156951693699
0.252956748037
0.412503519863
0.307776687203
0.44470447129
-0.20462737007
0.00604923409167
0.0238991577183
0.307776687203
0.244023658786
0.622257423346
0.229895802095
0.0986395518213
0.10997374649
0.0238991577183
0.121977740341
-0.00696923116977
0.150685784757
0.28237151095
0.10997374649
-0.279634489001
0.175714600708
-0.000440386445543
0.10380148222
0.239843158321
-0.00696923116977
0.10380148222
-0.194186785169
0.307776687203
0.146979213097
0.369712570151
0.280060003095
0.307058955113
-0.15919251627
0.211304764024
-0.17193945081
0.00383990194527
0.191229869551
-0.00696923116977
-0.116251976475
-0.208720481184
-0.253297967023
-0.353973080427
-0.107192054385
0.146979213097
-0.0457062488402
-0.216364789108
-0.20462737007
-0.226623492325
-0.378798702159
-0.253297967023
-0.261785956812
-0.382463927589
-0.386570328325
-0.317927351209
-0.500535068977
-0.500535068977
-0.0308706340434
-0.135319633441
-0.279634489001
-0.36696033041
-0.0707916945924
-0.226623492325
-0.000440386445543
-0.208720481184
0.0749912312648
0.369712570151
0.0794553105248
-0.215834713495
-0.0457062488402
0.0724991995793
0.115971462482
0.138591943211
0.156951693699
0.149856570434
0.183977719576
-0.0562060372649
-0.000440386445543
0.0238991577183
0.0472880843272
0.220354494439
0.0794553105248
-0.216364789108
0.170373459132
0.0472880843272
-0.253297967023
0.239843158321
0.10380148222
0.43814226585
-0.0828776498152
-0.0528707248302
0.0340110000475
0.110093263834
0.345547065767
0.238912156134
0.10997374649
-0.00171116964519
-0.0475568106109
-0.0198956653402
-0.00568738559871
0.228872369935
0.20120503078
0.0472880843272
-0.102058254997
-0.494099633249
-0.1234608899
-0.00370179958427
0.00145060472458
0.183977719576
0.10997374649
0.149856570434
0.0238991577183
-0.0457062488402
0.0853091457365
-0.0457062488402
0.0638858411554
0.324829060238
0.0794553105248
0.0557719342794
0.0677761125781
0.146979213097
0.369712570151
0.121977740341
0.211304764024
-0.1234608899
-0.194186785169
-0.0861899186276
0.307776687203
0.0638858411554
0.307058955113
0.327378582053
0.00383990194527
-0.0707916945924
-0.20462737007
0.0794553105248
0.428307274465
0.12003855061
0.20120503078
0.0238991577183
-0.0707916945924
-0.0861899186276
-0.135319633441
0.115971462482
0.322954751035
0.318808045829
-0.0308706340434
-0.20462737007
0.0724991995793
0.280060003095
0.424161476416
0.279892387351
0.386453167104
-0.0457062488402
-0.240247141133
0.170373459132
-0.00568738559871
0.170373459132
0.287350306367
0.44381331222
-0.0528707248302
-0.16151338394
0.138591943211
-0.0198956653402
-0.0361045224141
0.228872369935
0.183977719576
0.0677761125781
-0.0828776498152
-0.135319633441
0.398986012027
0.318808045829
0.121977740341
0.307776687203
-0.0440157745569
-0.20462737007
0.197931924917
0.164414593389
0.324829060238
0.424161476416
0.138591943211
-0.194186785169
0.320872618568
0.0640788950485
0.307058955113
0.160621790695
0.364115537206
0.149856570434
-0.0198956653402
-0.116251976475
0.222093308794
0.170373459132
0.156951693699
0.324829060238
0.342557742283
-0.0828776498152
-0.353973080427
-0.176297915685
0.138591943211
0.0794553105248
0.321199660979
0.307058955113
0.211304764024
-0.0861899186276
-0.1234608899
0.183977719576
-0.208720481184
0.170373459132
-0.0198956653402
-0.317927351209
0.364115537206
0.0638858411554
0.170373459132
0.421069862132
0.272079258234
0.405003593036
0.177175589354
0.350568396814
0.0846329123338
0.200134630613
-0.0100583084193
0.239075073168
0.320003853404
-0.179879958891
0.0404153170076
-0.504160300193
0.0215073680032
-0.137624605687
-0.192509198435
-0.0809791126576
-0.288012141553
-0.0236589240939
-0.166090685542
0.0108922426592
-0.156904603578
-0.239960729674
-0.00919762600594
-0.0909983879905
-0.319031449082
-0.141846656053
-0.17719622362
0.151965453398
-0.113548096652
0.113866631293
-0.388232115621
-0.394014956126
-0.298780920105
-0.0812967626303
0.16739402626
-0.00341708920018
0.0234238489408
-0.0466315297255
-0.217536576151
-0.373387982208
-0.274641655539
-0.261727005036
0.153952835703
-0.0784556651144
-0.0764491516126
-0.369419688124
-0.450442793886
-0.0632346694936
-0.119856433188
-0.0795772718878
0.0273205526866
0.11288961128
-0.499058552239
-0.298602656127
-0.0658105472334
0.0569316508523
-0.0217144844053
0.17907836224
0.0272192558466
-0.380631314874
-0.173634432576
-0.13332891279
-0.253825078357
-0.208447374229
-0.0280000938771
-0.0591742526017
-0.605098132128
-0.268167702748
-0.15244914091
-0.013432448255
-0.268661735997
0.0312675147036
-0.494108487731
-0.392991987363
-0.244768292561
-0.284469703448
0.162785585571
0.445641625891
0.0924824888776
0.016785306801
-0.364449107017
-0.301860600725
0.151965453398
0.104366407828
0.0497908822697
0.112423900849
-0.275311259242
-0.0986975000081
-0.431154039535
-0.157776592965
-0.223518701821
-0.0659480837339
-0.0767497455594
-0.20857809777
-0.266466228012
0.0870263207694
0.406382247368
0.14035368391
0.208715000398
0.336852138079
0.130109938296
-0.0301213238825
-0.00112559742984
-0.0492884868352
-0.0692074254447
0.00538632947594
0.165164120465
0.209242165281
-0.324329421014
0.17752561718
0.0638503199692
0.00391123594617
0.168261934064
-0.128499883304
0.333256585099
0.0593481389355
