-0.187977578826
-0.17754638358
-0.35315874069
-0.323399994979
-0.420830431626
-0.236623200749
-0.195806213237
-0.295381641279
-0.189063881061
-0.21198441844
-0.434200526906
-0.498010168162
-0.165111904569
-0.219291159745
-0.185037364974
-0.202000364711
-0.186702932106
-0.402131590778
-0.427637580946
-0.423109125389
-0.20150340782
-0.144038531888
-0.202985445412
-0.22647039192
-0.361075506926
-0.411838110442
-0.380941572316
-0.220605432632
-0.222720406478
-0.357444973245
-0.253620672064
-0.398625400581
-0.425688504824
-0.207832775846
-0.262872994954
-0.220933525851
-0.287592887464
-0.427132505488
-0.402162602315
-0.388242538855
-0.304674403869
-0.196984641436
-0.192493168636
-0.451717471021
-0.469295689822
-0.337755186099
-0.409872855604
-0.414390753703
-0.276068692881
-0.177967794145
-0.465239199538
-0.414538719019
-0.470579308448
-0.386041945304
-0.200495126092
-0.223966013012
-0.161894346953
-0.189063881061
-0.403758068251
-0.498382773493
-0.3578143584
-0.2504678659
-0.287028648938
-0.377597274325
-0.494063564684
-0.487515368821
-0.542699168756
-0.574750369094
-0.465652294652
-0.542950561641
-0.495180089781
-0.560384871676
-0.539669088661
-0.580769049429
-0.590548753704
-0.498382773493
-0.590848639823
-0.498933934018
-0.587730263879
-0.577722747903
-0.573807834979
-0.583587539253
-0.518833739323
-0.433478987446
-0.517244888303
-0.466247256512
-0.567605895255
-0.573807834979
-0.587730263879
-0.328038933013
-0.481054511637
-0.328038933013
-0.481054511637
-0.486793085865
-0.538345072143
-0.481054511637
-0.340541584919
-0.245958798446
-0.401351343312
-0.499679144678
-0.395685441268
-0.573807834979
-0.497086402307
-0.290908690685
-0.328038933013
-0.43075768814
-0.413649098903
-0.417047790608
-0.573807834979
-0.481054511637
-0.377459186553
-0.335640912142
-0.466020262871
-0.374161733644
-0.366939692275
-0.502449922642
-0.499679144678
-0.290908690685
-0.422432967672
-0.245958798446
-0.375508196669
-0.497086402307
-0.543359989871
-0.431516094295
-0.366939692275
-0.328461679967
-0.328038933013
-0.324201151187
-0.290908690685
-0.53854518241
-0.436293230308
-0.328038933013
-0.376758448362
-0.374161733644
-0.328038933013
-0.326589818577
-0.498967396383
-0.377459186553
-0.290908690685
-0.328038933013
-0.368044829294
-0.335429538665
-0.429693535046
-0.496404540626
-0.498010168162
-0.309473811849
-0.303409145722
-0.282833694226
-0.33996494884
-0.458494019442
-0.352749059783
-0.306338273074
-0.291737104888
-0.280947882341
-0.230875678572
-0.322506666768
-0.322481398145
-0.489070456972
-0.291565621471
-0.243553437235
-0.2881474888
-0.308416423299
-0.309473811849
-0.489070456972
-0.563905431001
-0.34847937046
-0.285706229259
-0.268433744566
-0.18869193636
-0.215578245967
-0.451571065304
-0.453619330621
-0.46717741253
-0.311294049066
-0.291641548949
-0.268433744566
-0.260358748106
-0.388772757772
-0.462563363113
-0.439484576729
-0.233365997892
-0.358627770414
-0.268433744566
-0.161894346953
-0.324660690402
-0.536743489828
-0.430761844934
-0.176718878378
-0.232873219416
-0.192216597149
-0.309473811849
-0.309473811849
-0.476406674368
-0.309473811849
-0.143044504824
-0.230875678572
-0.243428741194
-0.31802787424
-0.473222991874
-0.404323728484
-0.359751968817
-0.227365193916
-0.257694916714
-0.360226193264
-0.294553227077
-0.351773564841
-0.310206670113
-0.393024829217
-0.253100958958
-0.163226738226
-0.230875678572
-0.273973713624
-0.483923798751
-0.489070456972
-0.379321610878
-0.260358748106
-0.303409145722
-0.280169862833
-0.282833694226
-0.352749059783
-0.532162294535
-0.49985220038
-0.17843207723
-0.292298479735
-0.309473811849
-0.365401572636
-0.407057691273
-0.490366828157
-0.574693079409
-0.245021235418
-0.263584644252
-0.433462572911
-0.318782074911
-0.431968972504
-0.476388086906
-0.390706386035
-0.347489312644
-0.362785082155
-0.273690093192
-0.364686527611
-0.387008999862
-0.344764526605
-0.387008999862
-0.267168706185
-0.227365193916
-0.357801297426
-0.337994593614
-0.490366828157
-0.490366828157
-0.473537387254
-0.268433744566
-0.379675711755
-0.454421656326
-0.400992884277
-0.453588522379
-0.470579308448
-0.456194395893
-0.341625127295
-0.33698546717
-0.368538115125
-0.421862015283
-0.579274751432
-0.551660896061
-0.490366828157
-0.293229544746
-0.354014920343
-0.316009389327
-0.473537387254
-0.506578332352
-0.560592048825
-0.509256442001
-0.291641548949
-0.309473811849
-0.341088764808
-0.489994222827
-0.512433503205
-0.364324203504
-0.496404540626
-0.369723613914
-0.278977176235
-0.30585520179
-0.268433744566
-0.498382773493
-0.529615934965
-0.487525812002
-0.241890975877
-0.23695561398
-0.300216953747
-0.36074498533
-0.373363860006
-0.540782966598
-0.481405736012
-0.348863309629
-0.275243702644
-0.253350624691
-0.446543036384
-0.40980085867
-0.483923798751
-0.446230956394
-0.305122343526
-0.308354691963
-0.31311834824
-0.468158232338
-0.499306539348
-0.531690465412
-0.490263535597
-0.28481247911
-0.362882463775
-0.456285302966
-0.490366828157
-0.412170995281
-0.489421681347
-0.498382773493
-0.353014780635
-0.288909921458
-0.407810097504
-0.339177390783
-0.503916333091
-0.536743489828
-0.403923009178
-0.297444268163
-0.334186549548
-0.278171093606
-0.321071074315
-0.388015701826
-0.489421681347
-0.370881434461
-0.322464700056
-0.380112397707
-0.268238348383
-0.309473811849
-0.288909921458
-0.561594308579
-0.326919813127
-0.361216910938
-0.31311834824
-0.268433744566
-0.309473811849
-0.388788839113
-0.459381996009
-0.490366828157
-0.309473811849
-0.326919813127
-0.215578245967
-0.288909921458
-0.309473811849
-0.401016990501
-0.266173733026
-0.356083957933
-0.349631999841
-0.215578245967
-0.215578245967
-0.382874206697
-0.377895872504
-0.309473811849
-0.274265920133
-0.203599397066
-0.13133022152
-0.182784480152
-0.309473811849
-0.278977176235
-0.280252353365
-0.110032044723
-0.11778969182
-0.0823365980687
-0.12544953904
-0.146834733971
-0.359589854322
-0.252768756525
-0.189623082917
-0.161711907794
-0.184139021203
-0.0852194426825
-0.18869193636
-0.310206670113
-0.25465129606
-0.105169858731
-0.292728927902
-0.155225383856
-0.189251138217
-0.145042588539
-0.352749059783
-0.282833694226
-0.222388204045
-0.231137664939
-0.231236181914
-0.289022878801
-0.214640682939
-0.363805001341
-0.230806673612
-0.112797916552
-0.118039392656
-0.148405445228
-0.181447748886
-0.140615493696
-0.434146661698
-0.29869128504
-0.121941598434
-0.0515241271913
-0.189698876675
-0.278977176235
-0.355493079481
-0.460100835169
-0.308354691963
-0.163226738226
-0.198878427658
-0.284394141614
-0.315621428384
-0.370433441998
-0.294434331729
-0.349591024186
-0.182784480152
-0.16076442983
-0.223348613736
-0.182784480152
-0.227872323476
-0.348674811433
-0.298069036812
-0.230170144805
-0.182784480152
-0.160766717505
-0.176799460515
-0.287388818993
-0.285694600919
-0.24852724456
-0.245660238191
-0.193021546801
-0.289022878801
-0.27357713585
-0.381374027227
-0.398297350658
-0.373717465608
-0.248937304195
-0.318897429446
-0.307724946387
-0.49983503387
-0.437252774641
-0.463205910117
-0.421896170484
-0.369206531307
-0.440890847485
-0.391691044679
-0.532897823848
-0.523665537006
-0.509256442001
-0.433994440058
-0.245275628232
-0.412429756057
-0.355493079481
-0.411815230161
-0.459381996009
-0.558908856491
-0.499679144678
-0.320238474562
-0.390396664035
-0.359709110657
-0.308875600875
-0.45442636675
-0.541984662446
-0.494390158557
-0.326195255909
-0.381374027227
-0.332654484705
-0.356031296561
-0.494320628942
-0.474347179004
-0.414886279921
-0.34435462171
-0.214640682939
-0.301493545269
-0.359709110657
-0.371852953899
-0.310591539222
-0.305122343526
-0.24067452914
-0.184139021203
-0.200495126092
-0.321915368375
-0.33698546717
-0.448398654992
-0.304232951165
-0.212457352059
-0.311294049066
-0.267795043943
-0.292049530347
-0.484186073173
-0.509256442001
-0.373384938203
-0.305122343526
-0.328280339719
-0.393408858983
-0.34435462171
-0.362156847169
-0.401407421951
-0.407469505808
-0.323687464689
-0.309473811849
-0.15907748429
-0.253700774443
-0.369310689854
-0.47132865911
-0.355211321578
-0.185197693487
-0.262508511662
-0.274758697766
-0.195073870666
-0.290908690685
-0.449362299723
-0.328038933013
-0.185197693487
-0.188985265931
-0.259578714604
-0.290908690685
-0.326589818577
-0.363548561343
-0.429942132004
-0.155689975955
-0.185197693487
-0.273380458239
-0.274758697766
-0.378332558455
-0.358630472035
-0.249853274026
-0.15047448164
-0.234322900366
-0.180371266816
-0.185197693487
-0.381892236958
-0.412827950984
-0.38723881176
-0.185197693487
-0.318955636529
-0.208771589385
-0.212162073129
-0.328038933013
-0.437709480381
-0.328038933013
-0.185197693487
-0.215792558698
-0.155689975955
-0.185197693487
-0.328038933013
-0.437709480381
-0.328038933013
-0.208771589385
-0.185197693487
-0.138591000419
-0.328038933013
-0.358630472035
-0.454752432408
-0.316974400524
-0.185197693487
-0.229078612435
-0.290908690685
-0.184917239428
-0.340541584919
-0.445357308597
-0.369310689854
-0.185197693487
-0.185197693487
-0.208771589385
-0.355559239506
-0.328038933013
-0.437709480381
-0.267045661786
-0.290908690685
-0.214854649182
-0.328038933013
-0.214755327205
-0.350315848553
-0.376943730039
-0.326856336227
-0.185197693487
-0.185197693487
-0.262508511662
-0.347950254216
-0.440184485896
-0.437709480381
-0.381892236958
-0.295550398807
-0.260243119469
-0.240898683941
-0.290908690685
-0.396123904169
-0.391808886008
-0.437709480381
-0.26175617929
-0.290908690685
-0.374161733644
-0.351495573985
-0.401351343312
-0.466020262871
-0.389764054163
-0.260243119469
-0.312438016112
-0.290908690685
-0.331511171983
-0.393451037646
-0.499679144678
-0.417047790608
-0.245204763323
-0.274758697766
-0.186316097199
-0.328038933013
-0.481054511637
-0.305229382939
-0.331926615048
-0.290908690685
-0.360670310408
-0.260243119469
-0.298197763468
-0.35889525839
-0.354138596603
-0.431516094295
-0.214755327205
-0.328038933013
-0.328038933013
-0.467639846372
-0.449362299723
-0.499990923061
-0.463834776098
-0.242256930334
-0.317557211645
-0.290908690685
-0.294549165119
-0.542038347642
-0.528497334689
-0.426184149606
-0.360670310408
-0.369310689854
-0.328038933013
-0.328521746426
-0.374395217944
-0.481054511637
-0.481054511637
-0.417047790608
-0.377459186553
-0.392581652911
-0.401351343312
-0.499679144678
-0.420212044863
-0.548524888957
-0.456553529208
-0.385288867901
-0.351495573985
-0.413649098903
-0.465420549904
-0.516070262397
-0.331926615048
-0.290908690685
-0.275498693237
-0.319335996366
-0.290908690685
-0.381412765117
-0.415124810348
-0.376943730039
-0.290908690685
-0.194200059864
-0.272044344089
-0.295550398807
-0.424452634012
-0.412031561131
-0.354138596603
-0.298197763468
-0.350315848553
-0.188208170725
-0.286911152231
-0.350315848553
-0.518589627363
-0.360670310408
-0.328038933013
-0.302284638847
-0.287137066916
-0.328038933013
-0.371143115358
-0.499679144678
-0.328038933013
-0.308657709398
-0.189757114694
-0.298197763468
-0.351495573985
-0.451440001387
-0.451691156968
-0.320258652654
-0.328038933013
-0.290908690685
-0.273380458239
-0.370136537975
-0.369310689854
-0.393451037646
-0.328038933013
-0.350315848553
-0.185197693487
-0.155689975955
-0.296494256244
-0.366939692275
-0.41196193326
-0.328038933013
-0.192186179234
-0.292374407214
-0.222954984314
-0.272044344089
-0.286911152231
-0.360670310408
-0.3036258668
-0.217809122152
-0.212924196035
-0.146731238478
-0.195265342493
-0.337270036396
-0.253700774443
-0.264029761643
-0.195073870666
-0.243423420192
-0.164261727773
-0.185197693487
-0.2838689473
-0.264029761643
-0.290908690685
-0.155689975955
-0.151309393714
-0.185197693487
-0.155689975955
-0.229078612435
-0.287137066916
-0.185197693487
-0.0397617025132
-0.0388846259654
0.0314410113031
-0.0630233251923
-0.155689975955
-0.185197693487
-0.105976224507
0.105368959382
-0.0388846259654
-0.0192977469683
-0.143727790575
-0.192186179234
-0.29361813524
-0.177963593837
-0.110174658044
-0.174053007005
-0.174053007005
-0.192686971635
-0.215792558698
-0.401203406168
-0.192186179234
-0.134345897831
-0.0897136894875
-0.155689975955
-0.104280911578
-0.155689975955
-0.333859661457
-0.355559239506
-0.0765344755074
-0.130375264065
-0.0735953893586
-0.290908690685
-0.232453270223
-0.290908690685
-0.186316097199
-0.136397760707
-0.110174658044
-0.0952450906508
-0.185197693487
-0.162464992624
-0.267045661786
-0.110074207328
-0.035899676127
-0.0184935977961
-0.0329982332232
-0.185197693487
-0.185197693487
-0.230846380325
-0.192930068635
-0.163046380484
-0.139255116026
-0.144833226685
-0.235131661688
-0.215792558698
-0.273380458239
-0.144833226685
-0.188985265931
-0.163059457478
-0.118928558566
-0.185378506306
-0.269431034981
-0.235131661688
-0.192930068635
-0.15616010776
-0.155689975955
-0.162464992624
-0.185197693487
-0.316974400524
-0.290908690685
-0.290908690685
-0.149939243936
-0.146731238478
-0.155689975955
-0.213664745409
-0.402460769615
-0.320457301776
-0.392581652911
-0.281569514106
-0.328038933013
-0.328038933013
-0.338379486066
-0.481054511637
-0.457312489664
-0.395685441268
-0.290908690685
-0.410903322846
-0.322655374031
-0.393119286563
-0.430269741397
-0.355493079481
-0.428656549294
-0.297208162007
-0.370452056578
-0.290908690685
-0.328038933013
-0.311512916306
-0.35334395872
-0.259578714604
-0.26175617929
-0.180371266816
-0.136397760707
-0.198427204747
-0.299487043514
-0.355559239506
-0.299487043514
-0.185197693487
-0.230846380325
-0.238499612278
-0.177978661224
-0.272044344089
-0.302284638847
-0.275582547455
-0.217809122152
-0.138591000419
-0.233139507812
-0.25286743998
-0.253700774443
-0.328038933013
-0.233343953493
-0.138226122102
-0.185197693487
-0.112970855203
-0.177978661224
-0.26175617929
-0.381892236958
-0.243423420192
-0.226782555368
-0.171666460973
-0.155689975955
-0.185197693487
-0.30058418553
-0.313365855191
-0.262736556406
-0.185197693487
-0.155689975955
-0.177978661224
-0.155689975955
-0.24408367239
-0.329572702949
-0.18628941971
-0.185197693487
-0.152913160434
-0.238499612278
-0.242310893864
-0.233139507812
-0.324853446285
-0.290908690685
-0.0493073576776
-0.137958577223
-0.14180164341
-0.15616010776
-0.207663576947
-0.243423420192
-0.198550313739
-0.0958273434048
-0.15616010776
-0.123243824939
-0.185197693487
-0.292374407214
-0.361378170526
-0.25286743998
-0.104280911578
-0.112970855203
-0.0865477234179
-0.185197693487
-0.243423420192
-0.25286743998
-0.242660451448
-0.0865477234179
-0.155689975955
-0.185197693487
-0.185061605313
-0.309749691471
-0.328038933013
-0.290908690685
-0.214605039441
-0.226726304631
-0.185197693487
-0.189735955636
-0.203634828183
-0.302079017583
-0.328038933013
-0.184663596892
-0.106748903416
-0.132240228849
-0.190847373557
-0.217809122152
-0.242310893864
-0.185197693487
-0.177208558358
-0.10862588339
-0.139255116026
-0.15752863399
-0.252768848529
-0.245916190118
-0.300364541186
-0.194017168936
-0.156480841595
-0.106918327619
-0.190831320754
-0.21944418888
-0.32872502884
-0.240263593104
-0.114940995361
-0.110514109254
-0.120933286986
-0.187091479709
-0.300329191078
-0.317376528228
-0.223236028855
-0.178378964931
-0.146043868331
-0.192243017939
-0.232612958455
-0.263419081011
-0.333336859994
-0.156480841595
-0.157418625688
-0.134239975307
-0.188626981062
-0.20372114942
-0.23327131008
-0.305368363491
-0.220160134897
-0.0716788244608
-0.14883782541
-0.232250857723
-0.197910503709
-0.281476517387
-0.320702394102
-0.245747835576
-0.223761389563
-0.182784480152
-0.206216362357
-0.201191976689
-0.332477724982
-0.3634101721
-0.267106920756
-0.199976510346
-0.0885407153975
-0.180231696631
-0.227339367072
-0.301041292115
-0.348443935768
-0.285470398906
-0.191874003613
-0.18493064519
-0.154301568194
-0.182784480152
-0.284946545132
-0.309752808675
-0.308459888888
-0.127597083605
-0.162037135735
-0.212074031129
-0.286208611992
-0.250489966538
-0.372154039272
-0.32872502884
-0.301157605281
-0.153082228798
-0.292263412963
-0.265634255327
-0.249720624058
-0.362389936573
-0.354570901407
-0.217748947008
-0.199739941923
-0.205961999059
-0.320888654781
-0.381452755866
-0.351304532899
-0.316351253013
-0.243842194783
-0.262455892034
-0.248349506278
-0.287760811941
-0.408106688214
-0.427342090793
-0.330255730418
-0.222610573684
-0.306140505188
-0.330255730418
-0.387216161646
-0.300329191078
-0.381363303031
-0.332472527824
-0.290908690685
-0.222314485792
-0.253700774443
-0.295550398807
-0.328038933013
-0.417047790608
-0.332472527824
-0.30058418553
-0.237823153307
-0.185197693487
-0.275582547455
-0.332472527824
-0.374223854647
-0.328038933013
-0.281537083575
-0.28127531624
-0.231660927824
-0.226726304631
-0.328038933013
-0.385288867901
-0.320457301776
-0.309749691471
-0.26485674404
-0.293190370008
-0.309749691471
-0.309749691471
-0.377860079456
-0.332472527824
-0.299730181796
-0.299730181796
-0.303766491465
-0.329411124667
-0.35279003425
-0.3765629817
-0.4061451532
-0.309749691471
-0.157271707236
-0.268808153391
-0.323334116423
-0.345456394143
-0.351890964666
-0.284612933196
-0.309749691471
-0.269264287783
-0.216760720103
-0.302535117486
-0.31224520425
-0.364109562739
-0.328038933013
-0.25286743998
-0.230846380325
-0.143727790575
-0.268446617776
-0.192990190673
-0.334893747383
-0.320457301776
-0.0970228273192
-0.198316300354
-0.115005145211
-0.208278872328
-0.280480511153
-0.309749691471
-0.243423420192
-0.17527433722
-0.126925440035
-0.0518552893013
-0.155689975955
-0.208176278182
-0.309749691471
-0.249575449903
-0.155689975955
-0.208771589385
-0.143243837091
-0.0541668882697
-0.189757114694
-0.156818530529
-0.215792558698
-0.0728283596205
-0.00123477642341
0.0419998061143
-0.0618553180529
-0.192186179234
-0.155689975955
-0.123313274584
0.226425318866
0.111878987703
0.0244278312556
0.0149211411814
-0.155689975955
-0.201048968861
-0.158524578104
0.0357724340819
-0.0321552191937
0.0210910799519
-0.0980773941454
-0.226726304631
-0.281537083575
-0.10550976864
-0.0946707465255
0.0364150731186
0.0373058950258
-0.0780686344068
-0.185061605313
-0.237775410814
-0.167953119073
0.0484337587772
-0.00604934659142
-0.0801137838337
-0.104777352006
-0.227952429513
-0.229078612435
-0.183183089596
-0.0801137838337
0.0210910799519
-0.00691317191489
-0.110466332254
-0.190847373557
-0.177697804286
-0.0618553180529
-0.0185986851449
0.0365375872763
-0.00691317191489
-0.139255116026
-0.218005056557
-0.2229380791
-0.0911693213725
-0.0865112993403
-0.0525556152036
-0.0698401502703
-0.118928558566
-0.13300924982
-0.171243481504
-0.0865477234179
-0.143243837091
-0.0741500588567
-0.0556519033766
-0.211985522073
-0.183470962331
-0.188985265931
-0.177963593837
-0.0569305391992
0.00985153145207
-0.0516245374236
-0.122737277645
-0.184877036461
-0.215792558698
-0.123313274584
-0.00849520361115
-0.0675279245284
-0.185197693487
-0.185197693487
-0.243423420192
-0.281569514106
-0.157271707236
-0.151834174591
-0.176019769952
-0.275498693237
-0.328038933013
-0.328038933013
-0.396155925636
-0.328038933013
-0.329411124667
-0.317557211645
-0.345456394143
-0.328038933013
-0.328038933013
-0.332472527824
-0.307727342899
-0.302531318904
-0.268210512425
-0.259465410603
-0.302639127282
-0.301952524952
-0.328805817981
-0.313653451558
-0.158545444709
-0.149697058794
-0.132279905568
-0.175744284351
-0.260047799111
-0.274713134738
-0.2006345315
-0.12362798327
-0.109511012198
-0.0735545962657
-0.0738208541811
-0.182655897256
-0.254768399097
-0.217451291407
-0.084219594914
-0.102417418489
-0.127913092735
-0.0696677687211
-0.187091479709
-0.270947472671
-0.171685351335
-0.11538446112
-0.0571543784115
-0.0392023474774
-0.153499684835
-0.175079226516
-0.208473933784
-0.170049430902
-0.124542547716
-0.0656311057236
0.0251106873622
-0.131444087476
-0.15772310164
-0.250022039017
-0.208502904202
-0.00483937627769
-0.0110797704014
-0.0671425100708
-0.123201478828
-0.184070977116
-0.241052605139
-0.156642305891
0.016574179007
0.0532815517277
-0.00607931796136
-0.115498639763
-0.137794067953
-0.160333891649
-0.120485665122
-0.0136648044508
-0.0753954746074
-0.060667386519
-0.101464585596
-0.180509732218
-0.217981443323
-0.0624393216226
0.117063933455
0.0149413895513
0.0331008400775
-0.0515366427034
-0.139415119668
-0.167624652563
-0.0966878432337
-0.0192766494952
-0.0556057435133
-0.0319520404666
-0.137865205647
-0.183131719257
-0.156480841595
-0.126413431498
0.00569254779338
0.0478563213634
-0.0118689707898
-0.00101434411288
-0.13795791744
-0.278977176235
-0.243346824049
-0.0339998480653
-0.0134563920346
-0.0691947348073
-0.0829176776934
-0.199739941923
-0.176015834115
-0.12361620346
-0.0010953593941
-0.0428246373211
-0.052641707613
-0.119176391541
-0.0870083147109
-0.196738282907
-0.123103275412
0.0590301661938
0.00311084547681
0.0219665828562
-0.0900989139413
-0.18915428747
-0.185197693487
-0.140824870752
-0.107343994541
0.0772790429033
-0.0484716251308
-0.0534974592054
-0.166290875216
-0.185378506306
-0.11273108111
0.00588673303115
0.00588673303115
-0.0495758262014
-0.0865477234179
-0.132512910887
-0.214282190358
-0.118928558566
0.0500269714803
0.045275468182
0.00406336229206
-0.0374175421677
-0.138405576831
-0.226726304631
-0.155689975955
-0.0388846259654
-0.0367918129678
-0.0619884940258
-0.056594999266
-0.185197693487
-0.285280157068
-0.155689975955
-0.035899676127
-0.0534974592054
-0.0698707188517
-0.159779199042
-0.171905436157
-0.23490878811
-0.128929622017
-0.166290875216
-0.0356344508232
-0.0738313814011
-0.210179918364
-0.143704141632
-0.275099628469
-0.185197693487
-0.0623942063715
-0.0768287722646
-0.0970228273192
-0.116429102289
-0.189735955636
-0.260542943429
-0.185197693487
-0.0516245374236
0.0636346391093
-0.116559621249
-0.0738313814011
-0.272265835037
-0.226726304631
-0.195873532062
-0.10495552173
-0.145210820677
-0.0809448087351
-0.152913160434
-0.239935331587
-0.294155358433
-0.166290875216
-0.058765076334
-0.108114632478
-0.166290875216
-0.155689975955
-0.209236582015
-0.246938572525
-0.165705293384
-0.077188553832
-0.122096514029
-0.185197693487
-0.166290875216
-0.302531318904
-0.313365855191
-0.238499612278
-0.0994437466833
-0.194200059864
-0.0728930079782
-0.208278872328
-0.321876345272
-0.262701341823
-0.259920105923
-0.148980875585
-0.192930068635
-0.218005056557
-0.218005056557
-0.320457301776
-0.311939679011
-0.316466761433
-0.17604117646
-0.211040849012
-0.142249810028
-0.193529140191
-0.292003927485
-0.280456225698
-0.171749716787
-0.10331158572
-0.105210451538
-0.186128816408
-0.17183695978
-0.243842194783
-0.217074156671
-0.181203125923
-0.138124822559
-0.102592329716
-0.16272425919
-0.205961999059
-0.284240333169
-0.331541743763
-0.251026108634
-0.154688696163
-0.218336144401
-0.174685612067
-0.236701097512
-0.308415091284
-0.312477300487
-0.250022039017
-0.122032175903
-0.124201638725
-0.156078028604
-0.189511527493
-0.295319436241
-0.307754619924
-0.2090040857
-0.156078028604
-0.118274021558
-0.174685612067
-0.228786342478
-0.260885515896
-0.343287147244
-0.188006480719
-0.0669189310874
-0.123759028049
-0.12105503878
-0.0896705750204
-0.255692509385
-0.277882717363
-0.17213476822
-0.0598332842392
0.0350071995199
0.0185140266558
-0.0895677458498
-0.256917093585
-0.156729443724
-0.15789814267
0.000921497739617
0.00505889056835
0.055795646624
0.0192481350402
-0.071205066867
-0.203893447877
-0.122366475322
0.0219088930917
-0.00598833296971
-0.0364851486449
0.00590435595852
-0.0926952303795
-0.0769725826174
-0.0464819904589
0.048214029187
-0.00879595790974
0.0161951854875
-0.0640128742093
-0.071279004907
-0.0739447066657
-0.0987605704144
0.145220329744
0.14357003077
0.241153869833
0.130807556375
0.00409098864449
0.0285730679264
0.203480420187
0.690263551671
0.375518189392
0.353814385513
0.148512462116
0.0241346153078
-0.0476509328154
0.0224358627657
0.210396670743
0.178623806776
0.141515358187
0.0832584437796
0.00295458995174
-0.108343237219
-0.0371046775677
0.137839392239
0.205104557477
0.139203728511
0.086280322885
-0.0961515336735
-0.0438774827141
-0.0682816706642
0.135518718632
0.123035343877
0.141734890581
0.0433408267803
-0.0597824343946
-0.0869347171714
-0.0104856166418
0.0276343061077
0.151194561857
0.0854639270114
0.126060988633
-0.0578325484047
-0.156651837798
-0.000546156693909
0.185014372964
0.0980187021782
0.145181294322
0.0590507661776
-0.0246577231374
-0.0188956723822
0.0543415606216
0.164259163405
0.146450576825
0.19102273775
0.0630195641237
-0.0156776334239
-0.0821590430996
-0.0988588252387
0.0690864145722
-0.0137136500699
-0.0301053474528
0.0037845203502
-0.131444087476
-0.145569641268
0.0572120152669
0.144496315331
0.12520140655
0.0239503385262
0.0658508668108
-0.0791806947375
-0.141159395497
0.00348825475799
0.0974802014028
0.0377609065323
0.048776090549
-0.117864472781
-0.132305031463
-0.163179593326
-0.0763443914997
-0.134923999727
-0.0628312728889
-0.0797749766119
-0.180144453638
-0.191964410022
-0.263376376353
-0.231805348269
-0.16437793392
-0.190338527781
-0.202005093784
-0.196790681568
-0.241004655239
-0.259030653443
-0.238873160279
-0.135102013912
-0.136345373108
nan
nan
nan
nan
nan
nan
nan
nan
nan
nan
nan
nan
nan
nan
nan
nan
nan
nan
nan
nan
nan
nan
nan
nan
nan
nan
nan
nan
nan
nan
nan
nan
nan
nan
nan
nan
nan
nan
nan
nan
nan
nan
nan
nan
nan
nan
nan
nan
nan
nan
nan
nan
nan
nan
nan
nan
nan
nan
nan
nan
nan
nan
nan
nan
nan
nan
nan
nan
nan
nan
nan
nan
nan
nan
nan
nan
nan
nan
nan
nan
nan
nan
nan
nan
nan
nan
nan
nan
nan
nan
nan
nan
nan
nan
nan
nan
nan
nan
nan
nan
nan
nan
nan
nan
nan
nan
nan
nan
nan
nan
nan
nan
nan
nan
nan
nan
nan
nan
nan
nan
nan
nan
nan
nan
nan
nan
nan
nan
nan
nan
nan
nan
nan
nan
nan
nan
nan
nan
nan
nan
nan
nan
nan
nan
nan
nan
nan
nan
nan
nan
nan
nan
nan
nan
nan
nan
nan
nan
nan
nan
nan
nan
nan
nan
nan
nan
nan
nan
nan
nan
nan
nan
nan
nan
nan
nan
nan
nan
nan
nan
nan
nan
nan
nan
nan
nan
nan
nan
nan
nan
nan
nan
nan
nan
nan
nan
nan
nan
nan
nan
nan
nan
nan
nan
nan
nan
nan
nan
nan
nan
nan
nan
nan
nan
nan
nan
nan
nan
nan
nan
nan
nan
nan
nan
nan
nan
nan
nan
nan
nan
nan
nan
nan
nan
nan
nan
nan
nan
nan
nan
nan
nan
nan
nan
nan
nan
nan
nan
nan
nan
nan
nan
nan
nan
nan
nan
nan
nan
nan
nan
nan
nan
nan
nan
nan
nan
nan
nan
nan
nan
nan
nan
nan
nan
nan
nan
nan
