-0.438520940141
-0.423948563531
-0.226986614044
-0.345828960593
-0.202046216693
-0.391606839439
-0.226986614044
-0.391606839439
-0.361706748877
-0.409655399538
-0.226986614044
-0.226986614044
-0.205585412311
-0.301294191973
-0.226986614044
-0.439592857079
-0.408839623325
-0.355536907028
-0.291059471227
-0.423948563531
-0.423766452089
-0.480582348962
-0.423948563531
-0.433120031714
-0.385936213876
-0.36575766361
-0.361706748877
-0.423948563531
-0.419110204846
-0.480582348962
-0.423948563531
-0.34048325568
-0.262360960294
-0.226986614044
-0.226986614044
-0.423948563531
-0.572551070241
-0.518417160192
-0.423948563531
-0.386570328325
-0.346223508509
-0.157765331143
-0.471429761488
-0.626696061669
-0.480582348962
-0.486072508876
-0.457882740253
-0.469154366926
-0.439592857079
-0.546256800484
-0.521306925885
-0.596084020378
-0.480582348962
-0.480582348962
-0.480582348962
-0.439592857079
-0.437819000115
-0.518417160192
-0.437819000115
-0.477301864727
-0.420857835644
-0.423948563531
-0.480582348962
-0.42385750781
-0.563626369168
-0.543819931836
-0.390125607022
-0.40985971738
-0.420360053437
-0.4391586291
-0.455341374999
-0.509333925716
-0.441179262044
-0.374080009261
-0.365591804869
-0.310658509168
-0.452265456246
-0.468114802364
-0.527081187716
-0.452265456246
-0.435820485927
-0.422500484764
-0.420857835644
-0.400947050114
-0.450065416031
-0.580882328467
-0.463453070743
-0.430883781823
-0.317913118684
-0.359819136686
-0.396927850538
-0.431764921776
-0.478851083856
-0.448836942882
-0.42385750781
-0.452265456246
-0.330680360772
-0.417207661434
-0.459956327878
-0.483484749887
-0.455007975217
-0.48840689493
-0.336299662668
-0.371186163923
-0.429111071676
-0.323070209137
-0.478354380907
-0.439797909648
-0.1879504259
-0.29808589238
-0.278505568254
-0.351751350602
-0.363810846711
-0.457196582087
-0.315589160739
-0.388155444686
-0.292539640603
-0.219669291305
-0.357034537359
-0.31827499559
-0.404327665816
-0.380155134714
-0.372892219821
-0.30047408232
-0.230725824963
-0.275707087258
-0.354310106582
-0.379524729637
-0.374034362804
-0.226272798812
-0.262943618968
-0.296615761987
-0.248088509314
-0.453342653773
-0.472642093078
-0.452265456246
-0.268686978893
-0.394119309873
-0.244937619073
-0.274392074382
-0.420611233678
-0.413414208498
-0.435491881517
-0.403378449792
-0.431945703663
-0.317279331997
-0.399772805579
-0.469297635167
-0.449178487549
-0.498549429792
-0.420588277136
-0.304470312375
-0.345411246431
-0.335029342182
-0.431770710305
-0.380863763001
-0.507070323947
-0.412868308541
-0.398856955975
-0.180392312506
-0.330031985095
-0.30774694768
-0.42385750781
-0.459259537423
-0.226272798812
-0.376656794158
-0.309228945406
-0.325924447756
-0.428370402818
-0.46465625087
-0.451909695805
-0.452265456246
-0.315209368681
-0.342144482965
-0.414116933547
-0.428370402818
-0.431770710305
-0.482603296327
-0.258001346659
-0.387019370902
-0.318415136612
-0.306003436644
-0.329644226756
-0.384418715431
-0.516144165019
-0.335628402928
-0.367255400806
-0.313206106286
-0.283545202561
-0.348220526157
-0.499499754577
-0.509349031729
-0.323220548099
-0.294801070699
-0.305350407675
-0.337722642396
-0.408062498038
-0.4508596612
-0.552426068834
-0.243701179535
-0.398282904958
-0.346032341656
-0.377362527181
-0.420766779923
-0.468838059912
-0.463538508627
-0.448751084349
-0.314888284018
-0.349799234093
-0.417342003004
-0.426278849455
-0.521666085846
-0.540485874359
-0.393826746765
-0.401373632845
-0.343156108137
-0.431234751836
-0.380863763001
-0.530196364294
-0.499499754577
-0.372714748879
-0.31369895435
-0.317007973145
-0.234383384661
-0.428370402818
-0.540001721291
-0.526263766114
-0.407915677969
-0.440455598288
-0.420857835644
-0.416774494893
-0.527081187716
-0.430883781823
-0.484083082258
-0.507105957661
-0.433532910963
-0.389463192506
-0.461580806178
-0.42385750781
-0.530785375796
-0.497481723338
-0.485032844899
-0.490967342979
-0.409247511431
-0.441741743177
-0.505025729744
-0.483327428919
-0.593553605132
-0.448343313971
-0.428370402818
-0.431234751836
-0.563626369168
-0.492557245574
-0.557786715206
-0.529354182889
-0.462168768885
-0.497226759404
-0.408185236477
-0.494347585377
-0.413711253648
-0.503449995116
-0.569851200146
-0.399389625204
-0.434114405977
-0.494947599562
-0.424723592079
-0.46201435895
-0.52029545438
-0.540485874359
-0.467279677737
-0.42385750781
-0.392827656204
-0.281099803782
-0.448984972012
-0.540485874359
-0.573660451711
-0.427179187685
-0.417207661434
-0.329644226756
-0.53214441502
-0.510436777274
-0.545170311525
-0.540001721291
-0.502244834534
-0.420702289399
-0.515410723761
-0.438553987743
-0.529682524238
-0.559584010209
-0.619241835842
-0.534271266718
-0.420857835644
-0.392991740151
-0.397645302366
-0.461905811586
-0.471092873949
-0.547804745971
-0.417207661434
-0.467475521815
-0.346247278665
-0.405242584885
-0.557786715206
-0.469167061761
-0.500717533773
-0.491222452012
-0.387742913801
-0.26983536766
-0.392736600483
-0.469232544607
-0.47637207941
-0.540485874359
-0.452265456246
-0.34167071068
-0.420262417325
-0.361967465889
-0.464834318129
-0.435491881517
-0.471278570091
-0.491500471951
-0.341983418515
-0.321654696293
-0.429318681342
-0.420497221415
-0.360317445467
-0.469297635167
-0.474373358184
-0.374121912347
-0.324840188777
-0.379361954594
-0.344656270972
-0.328810110592
-0.420611233678
-0.236602417147
-0.230158304908
-0.201218063044
-0.213687011023
-0.224870717076
-0.338449383536
-0.420360053437
-0.364001005954
-0.121629142144
-0.140193850243
-0.1621818749
-0.226069149627
-0.410087358085
-0.426278849455
-0.226272798812
-0.380600974583
-0.264140403008
-0.229550146081
-0.342693689016
-0.392072701451
-0.433535821593
-0.343065998145
-0.22160651063
-0.270853318845
-0.303514527502
-0.381076644428
-0.378084016139
-0.329717414851
-0.333746003131
-0.209494404165
-0.229541264063
-0.335122073815
-0.401899159533
-0.517248010462
-0.420766779923
-0.435491881517
-0.229541264063
-0.1879504259
-0.302483561979
-0.430883781823
-0.339549838606
-0.409419267266
-0.201871368908
-0.320346160065
-0.180633103161
-0.30482306373
-0.2989230406
-0.412526240255
-0.247492269092
-0.239918616258
-0.248683551786
-0.275179982405
-0.263059790135
-0.226272798812
-0.281364965805
-0.140036430107
-0.227543515689
-0.148829297505
-0.145024323444
-0.263320293355
-0.406536207201
-0.342114942557
-0.402064542244
-0.234383384661
-0.229541264063
-0.229541264063
-0.177249825033
-0.25566742333
-0.326477570754
-0.425245532719
-0.44768916251
-0.213687011023
-0.226272798812
-0.360998292304
-0.402336254349
-0.420268997716
-0.38417780976
-0.282157736354
-0.274939911805
-0.39359910606
-0.398856955975
-0.488910326279
-0.550767861694
-0.481338002301
-0.432531721024
-0.446551465228
-0.430409811838
-0.417767107758
-0.538085502469
-0.480582348962
-0.51223632664
-0.391606839439
-0.401788053552
-0.357141271667
-0.480582348962
-0.499993295869
-0.389123850871
-0.488337311722
-0.381785291195
-0.324477372604
-0.232095914082
-0.378798702159
-0.275703532702
-0.437819000115
-0.417456015268
-0.240858279854
-0.191872350559
-0.24298899397
-0.188841185997
-0.226986614044
-0.229766649536
-0.382463927589
-0.314778656889
-0.226986614044
-0.148914237756
-0.24621822025
-0.257622850663
-0.318423764315
-0.329115743986
-0.216226407216
-0.226986614044
-0.260415745026
-0.220042385172
-0.148914237756
-0.348581101961
-0.386570328325
-0.226986614044
-0.226986614044
-0.225558983581
-0.131158622458
-0.223083771107
-0.355536907028
-0.386570328325
-0.227895392522
-0.226986614044
-0.115399255798
-0.105684286534
-0.226986614044
-0.398603365196
-0.33840092452
-0.255963537221
-0.226986614044
-0.114023913223
-0.112920532748
-0.225558983581
-0.234465035883
-0.255586948293
-0.11412162854
-0.111433298919
-0.15919251627
-0.148914237756
-0.229766649536
-0.200387408002
-0.305734863031
-0.168681250142
-0.0959235053639
-0.200878136555
-0.146626405483
-0.226986614044
-0.299575105875
-0.226986614044
-0.275703532702
-0.105119240585
-0.148914237756
-0.148914237756
-0.165136546243
-0.225558983581
-0.168681250142
-0.205585412311
-0.139814327781
-0.139814327781
-0.15818396595
-0.113416277358
-0.225558983581
-0.337516735849
-0.226986614044
-0.114023913223
-0.10746734204
-0.160615269645
-0.211870387256
-0.216226407216
-0.240858279854
-0.224182450572
-0.13147346273
-0.105119240585
-0.114023913223
-0.163144686194
-0.271404283984
-0.352362325841
-0.156541433835
-0.139632354232
-0.15919251627
-0.114023913223
-0.148914237756
-0.272675292046
-0.226986614044
-0.321663045669
-0.208720481184
-0.15919251627
-0.101524511631
-0.191872350559
-0.334957457099
-0.334957457099
-0.156196075105
-0.148914237756
-0.114023913223
-0.129454921493
-0.148914237756
-0.226986614044
-0.226986614044
-0.17772354858
-0.0782849083544
-0.15919251627
-0.275703532702
-0.226986614044
-0.330764764694
-0.361706748877
-0.215834713495
-0.125128831258
-0.226986614044
-0.165136546243
-0.168740399912
-0.389123850871
-0.398603365196
-0.232095914082
-0.209994840611
-0.139081877055
-0.211870387256
-0.226986614044
-0.34348358135
-0.34048325568
-0.160615269645
-0.228100417335
-0.111975374387
-0.156196075105
-0.270156043049
-0.267340285565
-0.275634889548
-0.299653972667
-0.215834713495
-0.196215576121
-0.148914237756
-0.226986614044
-0.226986614044
-0.255963537221
-0.270156043049
-0.0984314331516
-0.111433298919
-0.200387408002
-0.305734863031
-0.363601662978
-0.270156043049
-0.225558983581
-0.0967594812931
-0.148914237756
-0.152666413899
-0.188841185997
-0.110037432803
-0.293830849691
-0.160615269645
-0.13147346273
-0.148914237756
-0.232095914082
-0.226986614044
-0.20847858943
-0.193655905782
-0.131158622458
-0.225558983581
-0.223083771107
-0.110937554309
-0.148914237756
-0.334957457099
-0.321663045669
-0.234645397665
-0.168681250142
-0.179131401368
-0.200387408002
-0.272675292046
-0.423948563531
-0.386570328325
-0.272675292046
-0.148914237756
-0.226986614044
-0.225558983581
-0.398603365196
-0.378798702159
-0.39506737335
-0.271404283984
-0.275634889548
-0.209994840611
-0.232095914082
-0.191872350559
-0.406336959576
-0.338497842551
-0.208720481184
-0.10945032048
-0.16904321955
-0.275634889548
-0.321663045669
-0.275703532702
-0.262888624102
-0.381785291195
-0.208720481184
-0.209994840611
-0.129909924822
-0.252850618473
-0.305734863031
-0.225558983581
-0.269190404585
-0.148914237756
-0.329115743986
-0.27082822193
-0.26845264018
-0.391427340891
-0.381785291195
-0.329115743986
-0.0969842870053
-0.248446222559
-0.193655905782
-0.254244156637
-0.352362325841
-0.35497782148
-0.241104970954
-0.206249565655
-0.228100417335
-0.114023913223
-0.148914237756
-0.226986614044
-0.260415745026
-0.148914237756
-0.105684286534
-0.179131401368
-0.126709809875
-0.188841185997
-0.314778656889
-0.352362325841
-0.160615269645
-0.148914237756
-0.16151338394
-0.0862784565842
-0.114023913223
-0.255586948293
-0.26747708494
-0.284083787028
-0.152666413899
-0.148914237756
-0.0836990919944
-0.153408863768
-0.148914237756
-0.226986614044
-0.126121850455
-0.0840021289687
-0.105684286534
-0.110937554309
-0.108902376647
-0.228100417335
-0.224182450572
-0.139814327781
-0.0902071167121
-0.0992543993179
-0.106632264334
-0.101202940523
-0.10994606509
-0.114023913223
-0.134349907312
-0.0864061838143
-0.0864061838143
-0.0808193568257
-0.0879062374808
-0.148914237756
-0.146626405483
-0.0835489067049
0.182502363643
-0.045163619678
-0.0544127811185
-0.0850558182839
-0.10776732049
-0.111975374387
-0.111975374387
-0.0739930409537
-0.110441809699
-0.0780283993275
-0.0880981565037
-0.13147346273
-0.200387408002
-0.092579601647
-0.0835489067049
-0.0811456723699
-0.0789722333252
-0.0889296936043
-0.10845883126
-0.208720481184
-0.0950875294347
-0.045163619678
-0.0744504071074
-0.0739930409537
-0.0797151460866
-0.0992543993179
-0.148914237756
-0.148914237756
-0.108334848569
-0.0780283993275
-0.0942515535054
-0.0917436257177
-0.101524511631
-0.168740399912
-0.129234371065
-0.0840021289687
-0.037905693949
-0.045163619678
-0.0823224848835
-0.0957234911169
-0.0840021289687
-0.0789996569062
-0.0844587566647
-0.0850526379043
-0.0856727364419
-0.129454921493
-0.248446222559
-0.171606611694
-0.0950875294347
-0.0909076497885
-0.146626405483
-0.0924440623799
-0.148914237756
-0.196215576121
-0.232095914082
-0.0745052312474
0.0522810455146
-0.0514137695348
-0.0733884807279
-0.0334768444989
-0.106064736256
-0.0975518150834
-0.083439235403
-0.0911077699161
-0.0809920001744
-0.0995354282832
-0.152666413899
-0.203554719586
-0.226986614044
-0.148914237756
-0.148914237756
-0.108379383268
-0.10845883126
-0.226986614044
-0.170890156039
-0.287496660942
-0.200387408002
-0.293791323854
-0.205585412311
-0.177196146242
-0.134349907312
-0.224182450572
-0.232095914082
-0.272675292046
-0.177201178461
-0.19781676885
-0.152909460876
-0.20573609102
-0.27528962396
-0.158797743949
-0.14859109994
-0.0846853677966
-0.0355736312167
-0.0838458473248
-0.118355033969
-0.158827318834
-0.0986838560021
-0.0965222607952
-0.0935126642442
-0.0836239993496
-0.079058691586
-0.0888260174336
-0.099587138306
-0.109587583399
-0.0980564732956
-0.0768927279823
-0.0824923014148
0.0376416966306
-0.0547065421688
-0.114806122841
-0.122558334164
-0.125183372809
-0.082068561775
-0.0697198196183
-0.0898445766026
-0.0804540119031
-0.152195868313
-0.129300889935
-0.112314437052
-0.0775695009373
-0.106841192451
0.000301795746343
-0.0931720092369
-0.100233444049
-0.113560279947
-0.0860851253987
-0.083320592857
-0.0787709738293
-0.0547361622811
-0.0592477472783
-0.0837755178368
-0.152405185716
-0.0945727082673
-0.0684985106903
-0.0170154248593
0.111537571878
-0.0876103536748
-0.0730729824242
-0.104597122315
-0.0804395244905
0.0474156167109
-0.0774798808859
-0.0626118941934
-0.0509844107976
-0.0882901931152
-0.113387302645
-0.0940323145032
0.0201679864673
-0.0767750762559
-0.0168526721651
-0.0829456193691
-0.0828022145173
-0.0851258917826
0.0075721030754
-0.00506698714396
0.0542508429796
0.00589696588399
-0.0676750577927
-0.0823454018089
-0.0831738375266
-0.0602503672967
0.136248340088
0.154916038105
-0.0627926049692
-0.0767087012892
-0.132309728017
-0.0952169763512
-0.0621605177844
-0.0381309767227
-0.041182530448
0.0669191751223
-0.0945923613912
-0.0901696656856
-0.132462636712
-0.0707987820113
-0.0966181742922
-0.0731720139424
-0.0494807812654
-0.0811404647719
-0.0855994825636
-0.0961143159565
-0.0720783369241
-0.072554668978
-0.0357682238634
-0.0759239617807
-0.108514776888
-0.110611852818
-0.0871508916544
-0.078257713998
0.0214833301353
0.113840395647
0.0237624563141
-0.0321107467238
-0.16212467691
-0.0905867484919
-0.0793053437948
0.0796348033827
0.170644182952
-0.02835343658
-0.0548430201134
-0.0778334001895
-0.0871004718433
-0.0493530600635
0.042065664755
0.00344417138596
-0.00931469109632
-0.075223837185
-0.0942801868081
-0.0913788889743
-0.0746241888788
-0.0724171224394
-0.0657128128093
-0.0614654741696
-0.0964979203802
-0.222448301582
-0.0772773634151
-0.0762975190969
-0.0600180990105
0.138168946395
-0.0607773255859
-0.075521112362
-0.0943264226655
-0.0824107428972
-0.00997902301684
0.121836936456
0.0920150357959
-0.0332279713497
-0.086575397204
-0.216197176869
-0.202091380143
-0.092458769541
-0.0631693425201
-0.0740316754158
-0.0743368477146
-0.0836918929967
-0.0961377519379
-0.122591267841
-0.0734318828341
-0.0583100555923
-0.0468463027056
0.000987879735519
-0.108604754995
-0.126552895139
-0.158150249038
-0.082630410636
-0.0391776838517
-0.0674999771651
-0.0495679126196
-0.0819520306554
-0.151161550762
-0.0883125478318
-0.0748430128111
-0.0756590264685
-0.0824156017445
-0.0826076276991
-0.0979830608752
-0.114429980157
-0.0829968013354
-0.0483455835309
-0.0625297412944
-0.0811433743861
-0.0851993932348
-0.135486475119
-0.164679434026
-0.196828776077
-0.131414979901
-0.0814669960471
-0.0855952177563
-0.0687513335973
-0.113166417301
-0.227543515689
-0.230660949856
-0.131316042594
-0.0821527027193
-0.109721358213
-0.0878406218756
-0.16107463184
-0.252499960102
-0.181815353325
-0.101360673623
-0.0945195896782
-0.0858809293465
-0.0923562100576
-0.105306983317
-0.170601971414
-0.142010221668
-0.117742081849
-0.101661656279
-0.081549506256
-0.0789422023281
-0.102133107136
-0.11285041762
-0.154975148802
-0.0760002720774
-0.0413653920078
-0.0743886185401
-0.082759695786
-0.0815920734591
-0.111757614639
-0.209429482301
-0.100601274044
-0.0803535731305
-0.0939410615799
-0.082027893118
-0.0806588897048
-0.146245370412
-0.197863506978
-0.117861728567
-0.0798637190545
-0.0878576228519
-0.0817071190405
-0.106639156271
-0.106266924704
-0.129922975317
-0.09075686704
-0.0482592241719
-0.0605452556858
-0.0797451770837
-0.09806257366
-0.22160651063
-0.135243438098
-0.125183372809
-0.0761805259019
-0.0598479679971
0.0371327008064
-0.089987673611
-0.139422392858
-0.136356869811
-0.0864650612487
-0.0686877038725
-0.0691062943711
-0.0335515642844
-0.0767772574224
-0.118756476683
-0.119576372241
-0.0705210071704
-0.0659164027599
-0.0508842410477
0.126445487174
-0.108266904583
-0.0740905860788
-0.0820869513757
-0.0931139951086
-0.0248775110602
0.0507840136882
0.0882429530621
0.0502316851884
-0.0745629118643
-0.0550432993272
-0.0128591871654
0.194943483785
0.603707389398
0.416684159874
0.764977044005
0.640832506688
0.829937857466
0.994364039687
1.08205299014
0.921943405954
1.05829228284
1.30572103272
1.51309020668
1.84164841934
4.34001703047
8.50464963188
1.88353344867
1.52167782467
1.20132762041
0.544427298798
0.463652544957
0.606133138363
0.722373378186
0.717090857909
0.628701868493
0.605349458388
0.375989238068
0.298923218372
0.367318433454
0.53520315359
0.475665203426
0.464148798786
0.311053103009
0.163454295136
0.205639310447
0.147654132883
0.336878611301
0.358472165105
0.379072596688
0.262380019389
0.176181438241
0.14791204287
0.326508969022
0.30661393853
0.530213924571
0.401343904829
0.183488522554
0.0787126963805
0.130443231639
0.210143260843
0.347621980292
0.208212897612
0.247924608325
0.223993708847
0.10731991885
0.0704856520303
0.216142728036
0.201016589443
0.308583470861
0.344453956364
0.0909362601019
0.0852601755709
0.15633009878
0.102263208811
0.133944576412
0.243940792415
0.0687382224006
0.0779503063607
0.0467910484299
0.110415281946
0.130418771887
0.135869352019
0.140910769428
0.157046907648
0.260384026588
0.0669191751223
0.11490491786
0.284594772958
0.139230485206
0.248288724359
0.146816356947
0.0930745233499
0.113010903199
-0.0233534819007
0.0865845550731
0.148977012267
0.122389539178
0.0652960007829
0.0194673923104
-0.0625933710192
-0.115668814461
-0.0353892854095
-0.00545776166533
0.0215403179142
-0.150837572138
0.0105064723145
-0.157752845407
-0.229251968411
-0.0523009914682
0.0361723815655
0.0217453809622
-0.102567251761
0.0463327036581
-0.0113713542894
-0.0128805212256
0.0278419866504
0.127697660656
0.228614685449
0.135819594758
0.103907599845
0.0760634187238
0.0964766665967
0.120674069812
0.27174904237
0.149497567543
0.105822439745
0.117782353241
0.0658492238117
0.0439365211792
0.0921295586263
0.108051751318
0.152914062729
0.168652669509
0.152289603118
0.0549910897455
0.0730156670559
0.115829465586
0.177202581216
0.246886224659
0.281847349276
0.309786295985
0.065524622972
0.0439785072275
0.0640204581537
0.148333830299
0.268339552711
0.104510152667
0.179108482176
0.0501786410336
0.0425645760975
0.0636709733237
0.25629908103
0.23405399452
0.338169158582
0.162710129063
0.0853827596866
0.0646304495629
0.058860455469
0.204342534311
0.379744062057
0.254714240959
0.192060354191
0.0579350513057
0.0841582444832
0.155953370147
0.192234602412
0.335295341123
0.245413820512
0.267905030223
0.0794181599087
0.0435901474412
0.203700550231
0.224740769694
0.423980290148
0.266252284589
0.0624518147166
0.0778581673137
0.245806350891
0.356336594565
0.265875497973
0.20304541469
0.323005279878
0.221297040773
0.0305735128435
0.0800413905493
0.303397598136
0.183606912241
0.199043090464
0.251203698798
0.11877339239
0.077866871464
0.073339378914
0.076620478431
0.187635064207
0.308577360937
0.392063457335
0.144690242444
0.0655713947358
0.0631797393833
0.10383888061
0.166952884109
0.151709030215
0.221934219438
0.218647206777
0.0820040795795
0.171487032175
0.241951969792
0.259067285586
0.391000319725
0.273686225998
0.2406106611
0.114238824683
0.0612427026238
0.206904055864
0.237352703882
0.353227084885
0.311576215221
0.114383718628
0.0253006192984
0.0442991406108
0.124316159309
0.226108987739
0.344371355998
0.284843889872
0.152954290577
0.195429916623
0.0656192428925
0.114321091962
0.288825772584
0.451190895404
0.445849452365
0.144809248506
0.120614349743
0.0260550055875
0.0592475403193
0.230101019355
0.190658549583
0.332886309281
0.0621673862974
0.0242571708194
0.154916038105
0.198217383892
0.291970577801
0.21846018131
0.120925491558
0.0931908412046
0.0547278908324
0.0348449546827
0.0650560029814
0.243386044036
0.180936550196
0.240431358986
0.116634764432
0.0294388703625
0.0402432814934
0.0898395850906
0.0656805773646
0.114663152821
0.120237724726
0.0651937325417
0.00841139588635
0.0981192999264
0.0988647342338
0.189895694784
0.32425514721
0.353402088021
0.130625699778
0.0481320880069
0.0408419618015
0.110928915898
0.345335701785
0.276025039602
0.455377908767
0.215097567105
0.0665488923904
0.0507070002267
0.116827770484
0.146772013998
0.325706520873
0.0756170590931
0.0645003535535
0.142854179666
0.0409278631009
0.0531023193865
0.0412683686221
0.0192301639661
0.248859291536
0.00193099404372
-0.0386856660632
-0.0698398866817
0.161635929081
0.141929681529
0.0143760466448
0.00318529782788
-0.0342586915729
-0.0720853955136
-0.0194060001552
0.0386035891264
0.0223820998199
0.0307957736303
-0.0106433874854
-0.0060973200417
0.104272772254
-0.0455216956681
0.0708900614552
0.069620958826
0.0804624252353
0.039306225877
0.0503172779076
0.0332897721959
0.00107243318344
0.0876212255878
0.0266242148564
0.046019873841
0.00636030261822
0.0355991655936
0.000937119656925
-0.0185902160172
0.0506585111483
0.191119928145
0.132082708084
0.26373360659
0.137333553036
0.00577061370523
0.00929427466918
0.0341523400331
0.104229870804
0.147285992724
0.169727028671
0.171608127573
0.0355736962673
0.0382476314086
0.0564401863632
0.131309456465
0.313674683052
0.197578263868
0.094703356406
0.0352055882241
0.0251736274353
0.0533553576766
0.218731845252
0.107872094112
0.271782491591
0.16111436713
0.094537455828
0.0529369557413
0.0324744728437
0.109852036494
0.201612692209
0.0898165295541
0.268180713312
0.181331420844
0.0542099062769
0.209356373311
0.150995338122
0.276996376724
0.317955453364
0.0536899760674
0.0288727011876
0.0296650648677
0.00786938745758
0.229787461463
0.18401500231
0.476928273759
0.331581370561
0.153195568924
0.0514960381766
0.312496182346
0.222298695415
0.411822501032
0.495306897207
0.230410925627
0.0999344881204
0.12454901779
0.227779808071
0.337466093197
0.329774332913
0.19238520384
0.11343768726
0.121245731211
