-1.37723003356
-1.23115562673
-1.172725864
-1.0850812199
-1.43565979629
-0.860500887899
-0.325477373102
-0.555260109769
-0.486772828684
-0.685423963816
-0.6221673097
-0.750890542656
-0.388363447578
-0.44820858988
-0.327775630005
-0.451249522054
-0.685423963816
-0.51413559653
-0.488352909838
-0.381301389949
-0.388363447578
-0.220724110116
-0.58609839625
-0.434827149894
-0.555260109769
-0.474971469852
-0.750890542656
-0.136819149673
-0.381301389949
-0.685423963816
-0.528497229797
-0.685423963816
-0.541878669783
-0.434827149894
-0.408064269922
-0.639907745482
-0.367919949963
-0.541878669783
-0.58609839625
-0.750890542656
-0.488352909838
-0.51413559653
-0.528497229797
-0.461590029866
-0.488352909838
-0.702793819958
-0.58609839625
-0.301012750033
-0.27424987006
-0.434827149894
-0.354538509977
-0.750890542656
-0.44820858988
-0.388363447578
-0.486772828684
-0.750890542656
-0.51413559653
-0.387447261119
-0.58609839625
-0.486772828684
-0.51413559653
-0.388363447578
-0.388363447578
-0.153816910185
-0.388363447578
-0.58609839625
-0.486772828684
-0.301012750033
-0.234105550102
-0.260868430074
-0.0471156329522
-0.20734267013
-0.262591298626
-0.367919949963
-0.341157069991
-0.454944030309
-0.382923388033
-0.338540349475
-0.454944030309
-0.558464521384
-0.478175881467
-0.549273142023
-0.424650121523
-0.407574173281
-0.458103721488
-0.444722281502
-0.351052201599
-0.469011175369
-0.517830104785
-0.20089714189
-0.120565712684
-0.45448593708
-0.252682422585
-0.321330101765
-0.491557321453
-0.504148720863
-0.458103721488
-0.439653559593
-0.424650121523
-0.504148720863
-0.401829764997
-0.518320201426
-0.478175881467
-0.48486660146
-0.471485161474
-0.384505801564
-0.402995548013
-0.636207577849
-0.636207577849
-0.431340841516
-0.498248041446
-0.504148720863
-0.486387067547
-0.41795940153
-0.366770821512
-0.57184596137
-0.579522330374
-0.404823153297
-0.471485161474
-0.581595418474
-0.48486660146
-0.444722281502
-0.464794441481
-0.45448593708
-0.41795940153
-0.45448593708
-0.41795940153
-0.603474288428
-0.511629481433
-0.404446485513
-0.197422693062
-0.257049707084
-0.36073913333
-0.190424090646
-0.478175881467
-0.486387067547
-0.257639173
-0.476491935939
-0.549273142023
-0.45448593708
-0.404577961544
-0.431340841516
-0.556513085055
-0.471485161474
-0.424650121523
-0.45448593708
-0.456049870723
-0.375402142932
-0.444722281502
-0.504148720863
-0.323124390241
-0.486387067547
-0.545083081398
-0.256543725803
-0.242076694179
-0.404823153297
-0.478175881467
-0.424650121523
-0.553811504645
-0.588589590068
-0.443458471314
-0.427346389324
-0.281459604195
-0.464794441481
-0.552759450401
-0.491557321453
-0.386842981491
-0.230568410605
-0.430077031328
-0.351052201599
-0.188550934234
-0.467790653219
-0.48486660146
-0.29889719782
-0.473425762901
-0.377815081571
-0.349263266586
-0.462945776831
-0.486387067547
-0.389614108026
-0.438031561509
-0.416695591342
-0.538392361405
-0.34870922426
-0.335327784274
-0.454944030309
-0.549273142023
-0.451413001495
-0.518320201426
-0.504148720863
-0.41795940153
-0.682552724808
-0.551773801391
-0.597583927626
-0.491557321453
-0.553811504645
-0.431340841516
-0.531007676485
-0.467490709282
-0.57184596137
-0.603474288428
-0.531007676485
-0.444722281502
-0.325660077793
-0.375402142932
-0.454944030309
-0.572831610381
-0.616338119051
-0.48486660146
-0.531701641412
-0.366770821512
-0.580716179261
-0.531007676485
-0.694108891887
-0.531007676485
-0.572831610381
-0.458103721488
-0.531007676485
-0.431340841516
-0.645690641293
-0.511629481433
-0.580716179261
-0.33188379792
-0.218915949853
-0.257049707084
-0.531007676485
-0.531007676485
-0.579522330374
-0.590751412989
-0.551773801391
-0.424650121523
-0.531007676485
-0.517830104785
-0.581595418474
-0.373461541505
-0.538392361405
-0.491557321453
-0.517830104785
-0.285823149784
-0.486387067547
-0.538392361405
-0.563988533016
-0.486387067547
-0.454944030309
-0.525010921419
-0.467790653219
-0.404577961544
-0.553811504645
-0.531007676485
-0.517830104785
-0.549273142023
-0.437900085479
-0.504148720863
-0.378684669434
-0.517830104785
-0.636207577849
-0.4568399113
-0.44771849324
-0.498248041446
-0.392057955833
-0.238213718017
-0.355057524119
-0.268078164209
-0.471485161474
-0.312278637807
-0.464794441481
-0.531007676485
-0.491557321453
-0.257639173
-0.454944030309
-0.337997378812
-0.504148720863
-0.234966984378
-0.239507614448
-0.228795278526
-0.511629481433
-0.431340841516
-0.603474288428
-0.329171881357
-0.371124361578
-0.549273142023
-0.504148720863
-0.404823153297
-0.438031561509
-0.337338347001
-0.454944030309
-0.197352241288
-0.283200176892
-0.290704245631
-0.588589590068
-0.471485161474
-0.486387067547
-0.360614918595
-0.28637719211
-0.517830104785
-0.254934154872
-0.491557321453
-0.424650121523
-0.603474288428
-0.636207577849
-0.454944030309
-0.317820229348
-0.504148720863
-0.517830104785
-0.611844606824
-0.581560033628
-0.451413001495
-0.339041517779
-0.517830104785
-0.384832418764
-0.40684518017
-0.580716179261
-0.531007676485
-0.553811504645
-0.353708506668
-0.588589590068
-0.349263266586
-0.486387067547
-0.636207577849
-0.517830104785
-0.486387067547
-0.438358178708
-0.471485161474
-0.384832418764
-0.423500993071
-0.444722281502
-0.463110495953
-0.41795940153
-0.612159216499
-0.391196521558
-0.194480244285
-0.553811504645
-0.636207577849
-0.486387067547
-0.376131136043
-0.44072782931
-0.491557321453
-0.538392361405
-0.549273142023
-0.531007676485
-0.464794441481
-0.396623431362
-0.35646231711
-0.423500993071
-0.469011175369
-0.410004871349
-0.429656895988
-0.310575467029
-0.41795940153
-0.478175881467
-0.444722281502
-0.210214667133
-0.581560033628
-0.525010921419
-0.636207577849
-0.431340841516
-0.473425762901
-0.511629481433
-0.588589590068
-0.694108891887
-0.518320201426
-0.588589590068
-0.565155241377
-0.48486660146
-0.620876481673
-0.699910366164
-0.693219646171
-0.76085446846
-0.738270403179
-0.649931319801
-0.534495917717
-0.534495917717
-0.521524613041
-0.54740127775
-0.541878669783
-0.534495917717
-0.534495917717
-0.521524613041
-0.486170262235
-0.521524613041
-0.504819460452
-0.54740127775
-0.534495917717
-0.504819460452
-0.49140768602
-0.416212268876
-0.486170262235
-0.54740127775
-0.534495917717
-0.54740127775
-0.534495917717
-0.49140768602
-0.531843703076
-0.521524613041
-0.534495917717
-0.521524613041
-0.528497229797
-0.521524613041
-0.54740127775
-0.504819460452
-0.521524613041
-0.534495917717
-0.504819460452
-0.540490739929
-0.531843703076
-0.504819460452
-0.474642031607
-0.486772828684
-0.534495917717
-0.521524613041
-0.54740127775
-0.534495917717
-0.521524613041
-0.504819460452
-0.504819460452
-0.504819460452
-0.521524613041
-0.521524613041
-0.504819460452
-0.442995078826
-0.504819460452
-0.4672415162
-0.534495917717
-0.521524613041
-0.54740127775
-0.528010265379
-0.333676309421
-0.251756728329
-0.338540349475
-0.513172036747
-0.469879941608
-0.498113573236
-0.495796144568
-0.45149254878
-0.43073208623
-0.513172036747
-0.513172036747
-0.513172036747
-0.498113573236
-0.528010265379
-0.290206939642
-0.31450243975
-0.453809977448
-0.513172036747
-0.43757884817
-0.513172036747
-0.513172036747
-0.145318029929
-0.332615313975
-0.344230005576
-0.506288657196
-0.537493328823
-0.513172036747
-0.534462945395
-0.249479605791
-0.495796144568
-0.415643371808
-0.446591454015
-0.528010265379
-0.518320201426
-0.513172036747
-0.325019279872
-0.48973074603
-0.206092574387
-0.495796144568
-0.456441865187
-0.528010265379
-0.469879941608
-0.342699625305
-0.421428301451
-0.480707430146
-0.351378818798
-0.469823305173
-0.537493328823
-0.48973074603
-0.16280763783
-0.304194606867
-0.274495061814
-0.409606825236
-0.338242570565
-0.513172036747
-0.540948597733
-0.389534665256
-0.318034935168
-0.513172036747
-0.517830104785
-0.356724303157
-0.513172036747
-0.528010265379
-0.342779068075
-0.28097202102
-0.341810743767
-0.446591454015
-0.513172036747
-0.498113573236
-0.473907269639
-0.266653600041
-0.350398549841
-0.37615322527
-0.513172036747
-0.449729055967
-0.513172036747
-0.471328604037
-0.429678985215
-0.396470577003
-0.478034491253
-0.513172036747
-0.509477528491
-0.540948597733
-0.382843945263
-0.509477528491
-0.299456164338
-0.513172036747
-0.489090257352
-0.498113573236
-0.540948597733
-0.498113573236
-0.513172036747
-0.469879941608
-0.495796144568
-0.513172036747
-0.528010265379
-0.540948597733
-0.540948597733
-0.513172036747
-0.467201382423
-0.43073208623
-0.322952099849
-0.513172036747
-0.528010265379
-0.513172036747
-0.369685607803
-0.513172036747
-0.387372878063
-0.423367199942
-0.526684158058
-0.456441865187
-0.513172036747
-0.377179202697
-0.298819293876
-0.436823183542
-0.498113573236
-0.53818729375
-0.496586185145
-0.513172036747
-0.513172036747
-0.528010265379
-0.528010265379
-0.531496573757
-0.534462945395
-0.528010265379
-0.534462945395
-0.152094583954
-0.396361464454
-0.449751145194
-0.489895465152
-0.528010265379
-0.513172036747
-0.460515864664
-0.513172036747
-0.474525165289
-0.460542498142
-0.509967625131
-0.509477528491
-0.526983259099
-0.46313258518
-0.509477528491
-0.350720264389
-0.316755839508
-0.513172036747
-0.513172036747
-0.518320201426
-0.513172036747
-0.513172036747
-0.286071346276
-0.513172036747
-0.526983259099
-0.537493328823
-0.503276905138
-0.533468911437
-0.465073186607
-0.446133360786
-0.43757884817
-0.513172036747
-0.517830104785
-0.476569457388
-0.526983259099
-0.513172036747
-0.528010265379
-0.416297545229
-0.513172036747
-0.533169810396
-0.528010265379
-0.533468911437
-0.409406364056
-0.423386311335
-0.327575168825
-0.502181035045
-0.476569457388
-0.498113573236
-0.513172036747
-0.328009235482
-0.455748587498
-0.434160995794
-0.528010265379
-0.52729820369
-0.526983259099
-0.513172036747
-0.348326270992
-0.257466017253
-0.254934154872
-0.199884103669
-0.446591454015
-0.513172036747
-0.172602209555
-0.387791648763
-0.102937488832
-0.304757914504
-0.255039144357
-0.513172036747
-0.513172036747
-0.528010265379
-0.321330101765
-0.285515757834
-0.236094808141
-0.107607017782
-0.376131136043
-0.528010265379
-0.452319677935
-0.143202415519
-0.222406204223
-0.256849245905
-0.353389381526
-0.407491273023
-0.357549761652
-0.141075722193
-0.376131136043
-0.391523138757
-0.254496263044
-0.150670822792
-0.297962775189
-0.394317649634
-0.375819812918
-0.513172036747
-0.164615798093
-0.143669462784
-0.12619899471
-0.333317221546
-0.194480244285
-0.0894469174187
-0.0826295434325
-0.085174627871
-0.0826752499716
-0.0738277520224
-0.0910290956231
-0.299142389574
-0.22560518894
-0.185983649541
-0.0881750298932
-0.181098804299
-0.10598444862
-0.319735320381
-0.526983259099
-0.290861392184
-0.0759243037992
-0.081781181953
-0.0873185178793
-0.085174627871
-0.157735507064
-0.289440122762
-0.195075983674
-0.108487634796
-0.0927369643231
-0.138793972318
-0.08687135083
-0.299863621581
-0.387905354348
-0.279327977691
-0.1343850022
-0.078387736035
-0.102601390617
-0.0994195993203
-0.215944055346
-0.460515864664
-0.288840453009
-0.130087372846
-0.113184316727
-0.106335594253
-0.269424222265
-0.216905387126
-0.495796144568
-0.389764689786
-0.228795278526
-0.0772184277064
-0.238909405021
-0.242921583519
-0.384072012174
-0.503276905138
-0.465073186607
-0.287119927568
-0.20605580952
-0.217113270407
-0.265504471589
-0.418286018729
-0.404904578743
-0.358052665994
-0.431300983299
-0.188409420654
-0.232818689492
-0.364760258784
-0.316016188103
-0.461646666301
-0.195905806705
-0.133793088921
-0.280218018117
-0.312078176627
-0.20223708653
-0.509477528491
-0.498113573236
-0.36169698104
-0.429823273938
-0.509477528491
-0.323655071057
-0.446591454015
-0.509477528491
-0.528010265379
-0.526983259099
-0.322041623909
-0.320259831421
-0.483667881977
-0.521524613041
-0.521524613041
-0.49140768602
-0.521524613041
-0.503276905138
-0.424272249585
-0.428937335688
-0.528010265379
-0.509967625131
-0.526983259099
-0.47062421096
-0.196782537449
-0.373112629093
-0.410790178272
-0.370992885548
-0.490159931598
-0.424518645492
-0.36002329732
-0.369494844684
-0.392681925048
-0.320868220653
-0.369494844684
-0.49395230603
-0.454995207547
-0.273323921949
-0.381301389949
-0.416212268876
-0.136819149673
-0.335057120304
-0.164729781163
-0.310163085594
-0.300579371315
-0.262591298626
-0.118376657836
-0.183823200565
-0.325477373102
-0.341157069991
-0.462516303502
-0.199705224149
-0.300579371315
-0.204768948911
-0.158203300377
-0.310163085594
-0.268717159929
-0.474642031607
-0.262591298626
-0.106963500002
-0.151839150587
-0.346142409344
-0.422025938013
-0.394682829935
-0.345720941849
-0.408064269922
-0.209443100752
-0.188796125988
-0.120036303896
-0.287631310047
-0.204117445405
-0.182493217951
-0.141888769033
-0.105929312379
-0.199705224149
-0.287631310047
-0.183823200565
-0.44002220244
-0.436428961468
-0.209443100752
-0.111738073592
-0.23506300094
-0.157998705427
-0.199705224149
-0.286302801315
-0.49140768602
-0.316300673368
-0.089470558422
-0.110908250562
-0.113397719653
-0.120036303896
-0.263784261661
-0.357782506145
-0.310163085594
-0.268717159929
-0.263784261661
-0.262591298626
-0.183823200565
-0.238517276462
-0.416212268876
-0.335057120304
-0.0955446301615
-0.115887188744
-0.158203300377
-0.0851664773367
-0.27029434519
-0.363162501877
-0.421445709908
-0.10758895844
-0.14009189896
-0.31399326766
-0.27424987006
-0.286302801315
-0.387447261119
-0.232654576239
-0.286302801315
-0.0851664773367
-0.183823200565
-0.169655136774
-0.333316874453
-0.363162501877
-0.23506300094
-0.140435470199
-0.257898773059
-0.100291150241
-0.14009189896
-0.33754260169
-0.370338235887
-0.257898773059
-0.341157069991
-0.247486990088
-0.089470558422
-0.310163085594
-0.387447261119
-0.346142409344
-0.33754260169
-0.106963500002
-0.0790569117795
-0.0876732057098
-0.13258340019
-0.316300673368
-0.348470718094
-0.260682901127
-0.105099489349
-0.209443100752
-0.0955446301615
-0.221441033444
-0.209443100752
-0.474642031607
-0.357782506145
-0.209443100752
-0.300579371315
-0.199705224149
-0.475500402743
-0.408064269922
-0.394682829935
-0.130800975554
-0.303850932051
-0.104850144078
-0.262591298626
-0.436428961468
-0.504819460452
-0.534495917717
-0.335057120304
-0.283969275652
-0.339795176622
-0.314394190019
-0.434386045629
-0.31399326766
-0.504819460452
-0.31399326766
-0.325477373102
-0.238517276462
-0.300579371315
-0.327775630005
-0.504819460452
-0.504819460452
-0.43377318964
-0.27424987006
-0.314394190019
-0.262591298626
-0.158203300377
-0.504819460452
-0.462516303502
-0.325477373102
-0.247486990088
-0.421445709908
-0.262591298626
-0.461590029866
-0.388782402065
-0.492509447776
-0.387447261119
-0.227119161781
-0.283969275652
-0.388363447578
-0.532441905158
-0.524570909021
-0.534495917717
-0.260868430074
-0.474642031607
-0.301012750033
-0.504819460452
-0.51413559653
-0.555260109769
-0.521524613041
-0.504819460452
-0.469014944522
-0.504819460452
-0.49140768602
-0.423217586409
-0.504819460452
-0.504819460452
-0.534495917717
-0.303850932051
-0.387447261119
-0.394682829935
-0.356644712008
-0.488352909838
-0.521524613041
-0.49140768602
-0.486170262235
-0.119206480866
-0.434386045629
-0.288121693553
-0.504353756544
-0.436428961468
-0.44820858988
-0.423217586409
-0.348470718094
-0.209443100752
-0.504353756544
-0.534495917717
-0.504819460452
-0.504819460452
-0.208832768699
-0.423217586409
-0.27424987006
-0.286302801315
-0.381301389949
-0.504819460452
-0.504819460452
-0.31399326766
-0.436428961468
-0.319035847496
-0.33803714245
-0.462516303502
-0.504819460452
-0.457267692894
-0.209443100752
-0.157998705427
-0.378232303713
-0.164729781163
-0.423217586409
-0.425326912762
-0.388782402065
-0.204768948911
-0.129415001369
-0.341157069991
-0.434940422763
-0.388363447578
-0.504256699403
-0.504353756544
-0.209443100752
-0.319035847496
-0.0797146593543
-0.162356386668
-0.398531434758
-0.386784183131
-0.425326912762
-0.209443100752
-0.164729781163
-0.22232266035
-0.262591298626
-0.325477373102
-0.480072989566
-0.240922980683
-0.13951773088
-0.153816910185
-0.23506300094
-0.319035847496
-0.325477373102
-0.209443100752
-0.13951773088
-0.368504166391
-0.27424987006
-0.0934819669228
-0.136819149673
-0.27424987006
-0.341157069991
-0.257898773059
-0.0797146593543
-0.0778973866935
-0.0797146593543
-0.117546834805
-0.164729781163
-0.300579371315
-0.375036931504
-0.0615419327463
-0.0697939601329
-0.05149742174
-0.0778973866935
-0.105929312379
-0.310163085594
-0.232654576239
-0.111738073592
-0.0790569117795
-0.0772043214501
-0.0772043214501
-0.122525772988
-0.263784261661
-0.0843539135881
-0.0580701049216
-0.127054030213
-0.0893328517707
-0.100120551166
-0.0850638274497
-0.179097805228
-0.220724110116
-0.094411348795
-0.0790569117795
-0.0682155488153
-0.064760101229
-0.0943117899532
-0.0719065681318
-0.204768948911
-0.260682901127
-0.183823200565
-0.158203300377
-0.158203300377
-0.182493217951
-0.288121693553
-0.205531570077
-0.0813435998146
-0.0951416129836
-0.0951416129836
-0.130824003292
-0.286302801315
-0.273434955574
-0.195509382846
-0.0734991407915
-0.094411348795
-0.0790569117795
-0.140768794963
-0.158203300377
-0.129415001369
-0.303850932051
-0.125845065109
-0.0790569117795
-0.195509382846
-0.209443100752
-0.387265778625
-0.155748510883
-0.204768948911
-0.0813435998146
-0.094411348795
-0.0512483192252
-0.0716089947333
-0.208832768699
-0.13951773088
-0.116941233704
-0.0835240905577
-0.089470558422
-0.183823200565
-0.100120551166
-0.234105550102
-0.268717159929
-0.199705224149
-0.0827620924381
-0.370338235887
-0.169608252733
-0.416212268876
-0.434914734049
-0.474642031607
-0.504819460452
-0.504819460452
-0.295741121049
-0.176754044136
-0.495796144568
-0.498910121913
-0.495796144568
-0.526983259099
-0.313469528599
-0.315547732508
-0.257513884962
-0.306467725768
-0.310163085594
-0.232654576239
-0.314394190019
-0.0808639275829
-0.10836916734
-0.0813435998146
-0.089470558422
-0.171657717934
-0.414402302252
-0.209443100752
-0.089470558422
-0.0648221028973
-0.0808639275829
-0.13951773088
-0.0851827784054
-0.143274743218
-0.105853440224
-0.0710910445382
-0.0814115004893
-0.193961230144
-0.111738073592
-0.260868430074
-0.204117445405
-0.118376657836
-0.0833492046759
-0.0823950078596
-0.0833492046759
-0.0809095021088
-0.121937656744
-0.180665729037
-0.0888344568346
-0.0784651671552
-0.0769767682819
-0.0672427773202
-0.0795955634874
-0.0895335746594
-0.199039337774
-0.121622329239
-0.0925075942917
-0.079933873223
-0.0840684556957
-0.0717298944988
-0.103441706809
-0.223288333925
-0.0984975103597
-0.0767550082801
-0.0784771492365
-0.0619746539662
-0.0939137137925
-0.0888325933137
-0.109432057194
-0.095711013673
-0.0689039036684
-0.0682282283056
-0.0790341245165
-0.0719339956663
-0.0961748081239
-0.100170330587
-0.104471174907
-0.0958860890723
-0.0759774860606
-0.0761116752518
-0.0839729145283
-0.0955656298889
-0.150993128074
-0.094666746884
-0.0827393051752
-0.0637170232418
-0.0771815341872
-0.10798437976
-0.0850983896768
-0.218488000807
-0.0753380506981
-0.0649338149477
-0.0602881762147
-0.0640796609954
-0.0799604196812
-0.110272340262
-0.196854393468
-0.10590682204
-0.0803496794215
-0.0760611689032
-0.055013402118
-0.0840684556957
-0.233670936906
-0.0990773252095
-0.113831771883
-0.0771815341872
-0.0674544151541
-0.0576700689373
-0.0835205893224
-0.135800510015
-0.131278894856
-0.292263823924
-0.0632121608808
-0.0778909719696
-0.0876376381889
-0.0808639275829
-0.0808639275829
-0.183943978372
-0.0968049860862
-0.0808639275829
-0.0651764780679
-0.0710910445382
-0.064760101229
-0.100950374197
-0.12406345522
-0.0808639275829
-0.0498558178284
-0.0752180217905
-0.0783958865694
-0.169655136774
-0.240922980683
-0.0812646115274
-0.136819149673
-0.0808639275829
-0.0699606482061
-0.089470558422
-0.0808639275829
-0.0808639275829
-0.204117445405
-0.0978348235183
-0.0752180217905
-0.0669937507287
-0.0749180163562
-0.0766991636103
-0.111929488386
-0.288121693553
-0.10758895844
-0.0823950078596
-0.0835240905577
-0.102610020257
-0.0968049860862
-0.111929488386
-0.23506300094
-0.184853968767
-0.0556967462814
-0.135185077802
-0.0833492046759
-0.172535332086
-0.328380061072
-0.287631310047
-0.199705224149
-0.0790569117795
-0.0697939601329
-0.129465350871
-0.157998705427
-0.164729781163
-0.387447261119
-0.162678381808
-0.172535332086
-0.182493217951
-0.13258340019
-0.135185077802
-0.240922980683
-0.188796125988
-0.274795992386
-0.0633592054071
-0.175333653841
-0.194999258427
-0.120866126927
-0.299352743414
-0.183467994582
-0.287631310047
-0.119181203259
-0.110011362779
-0.199705224149
-0.31399326766
-0.262591298626
-0.288121693553
-0.31399326766
-0.107239414409
-0.136754577011
-0.12406345522
-0.199705224149
-0.387265778625
-0.286302801315
-0.394682829935
-0.0968049860862
-0.274795992386
-0.164729781163
-0.26703444303
-0.325477373102
-0.314394190019
-0.31399326766
-0.136754577011
-0.204768948911
-0.140435470199
-0.232654576239
-0.299352743414
-0.262591298626
-0.387265778625
-0.12406345522
-0.300579371315
-0.0892217500046
-0.128855538802
-0.31399326766
-0.238517276462
-0.199705224149
-0.089470558422
-0.0808639275829
-0.0812646115274
-0.183823200565
-0.204808863483
-0.288121693553
-0.234146734381
-0.141520312889
-0.144660717403
-0.100309543484
-0.140502794848
-0.16261649642
-0.335057120304
-0.188796125988
-0.114396648349
-0.0808639275829
-0.0808639275829
-0.0955446301615
-0.232654576239
-0.183712679952
-0.208832768699
-0.0869165931881
-0.0834860554464
-0.10836916734
-0.120424129358
-0.192753901465
-0.387265778625
-0.361767723801
-0.102341686331
-0.0808639275829
-0.183823200565
-0.0963142053218
-0.262591298626
-0.361767723801
-0.12406345522
-0.085786196856
-0.141520312889
-0.0992907281358
-0.0808639275829
-0.183823200565
-0.394682829935
-0.171657717934
-0.0968049860862
-0.144230581824
-0.07983543126
-0.176531675261
-0.135185077802
-0.423217586409
-0.176531675261
-0.0955446301615
-0.0968049860862
-0.0790569117795
-0.10841878147
-0.17230116226
-0.273434955574
-0.258493120546
-0.0660887794742
-0.194999258427
-0.0710910445382
-0.0872729838084
-0.158203300377
-0.310163085594
-0.0808639275829
-0.0808639275829
-0.0716465504622
-0.0766991636103
-0.0800926095284
-0.144534053393
-0.234146734381
-0.102610020257
-0.0808639275829
-0.0702469220709
-0.0615419327463
-0.0665188258563
-0.147547793898
-0.150561534402
-0.0963142053218
-0.0383445212608
-0.0573655829822
-0.0597319340202
-0.0657097664865
-0.0744822335346
-0.120424129358
-0.0813435998146
-0.0682155488153
-0.0542728421031
-0.0642361891449
-0.0660887794742
-0.0808639275829
-0.119181203259
-0.0808639275829
-0.0536883161338
-0.0808639275829
-0.0801342151953
-0.0808639275829
-0.147547793898
-0.106963500002
-0.0801342151953
-0.0541218382592
-0.0812455027995
-0.0808639275829
-0.0902729472824
-0.141520312889
-0.106963500002
-0.0679413698035
-0.0739330751973
-0.0706282960503
-0.0734991407915
-0.0697939601329
-0.0710910445382
-0.155295828435
-0.0853911020315
-0.053004703224
-0.0498558178284
-0.0676998555418
-0.0624890267081
-0.0955446301615
-0.165630236925
-0.0644381608579
-0.0697939601329
-0.0632065114352
-0.0750024406513
-0.0919936983746
-0.158203300377
-0.0823950078596
-0.147547793898
-0.0808639275829
-0.0556758031454
-0.05149742174
-0.13258340019
-0.100950374197
-0.105355426835
-0.0808639275829
-0.0808639275829
-0.0691905407816
-0.0691905407816
-0.0654390628775
-0.0823950078596
-0.159602755916
-0.0790038188632
-0.0679413698035
-0.0682155488153
-0.077480134392
-0.0919936983746
-0.157998705427
-0.164729781163
-0.106963500002
-0.0903077821845
-0.0795199307099
-0.10836916734
-0.295105281242
-0.284586094939
-0.316300673368
-0.23506300094
-0.105355426835
-0.157998705427
-0.0880469895203
-0.303850932051
-0.159602755916
-0.456501004571
-0.299352743414
-0.0850638274497
-0.253617218195
-0.201665993417
-0.176158371404
-0.41723457629
-0.343372219381
-0.138265254133
-0.0968049860862
-0.13951773088
-0.234105550102
-0.104269666318
-0.258493120546
-0.451249522054
-0.359286603507
-0.10841878147
-0.204768948911
-0.0901626748011
-0.105099489349
-0.238517276462
-0.263784261661
-0.234105550102
-0.169655136774
-0.0762809667855
-0.157998705427
-0.262591298626
-0.164729781163
-0.199705224149
-0.078231762295
-0.164729781163
-0.0955446301615
-0.0823950078596
-0.135185077802
-0.204117445405
-0.388363447578
-0.0987142770625
-0.0733057176923
-0.0926521438924
-0.0801342151953
-0.0785724471842
-0.206694783104
-0.488352909838
-0.176531675261
-0.140435470199
-0.0697939601329
-0.140283356644
-0.100291150241
-0.188796125988
-0.179097805228
-0.194999258427
-0.0918223208619
-0.0733518372025
-0.0790038188632
-0.238517276462
-0.110078427531
-0.140435470199
-0.183823200565
-0.0733518372025
-0.094411348795
-0.0808639275829
-0.0785724471842
-0.199705224149
-0.204768948911
-0.140283356644
-0.0814115004893
-0.0585180650399
-0.0808639275829
-0.19091561497
-0.188796125988
-0.106963500002
-0.204117445405
-0.0992907281358
-0.0703671251971
-0.179097805228
-0.0955446301615
-0.114227542683
-0.151590588328
-0.086013559649
-0.0739330751973
-0.0968012590445
-0.0730002496764
-0.106963500002
-0.085786196856
-0.188796125988
-0.194999258427
-0.195509382846
-0.089470558422
-0.0624677517589
-0.0795830608749
-0.257898773059
-0.368504166391
-0.156570256823
-0.0756333741558
-0.0808639275829
-0.0682155488153
-0.0662741509096
-0.147547793898
-0.188796125988
-0.172535332086
-0.0749180163562
-0.0785724471842
-0.0750024406513
-0.113397719653
-0.0993279458263
-0.368504166391
-0.234105550102
-0.0783958865694
-0.12406345522
-0.0772043214501
-0.0715733247916
-0.205531570077
-0.199705224149
-0.238517276462
-0.0716465504622
-0.0775678814896
-0.0742628413719
-0.115057365714
-0.288121693553
-0.17230116226
-0.164729781163
-0.0706282960503
-0.0679413698035
-0.0834860554464
-0.0914381785167
-0.0963142053218
-0.12406345522
-0.111929488386
-0.0665694592097
-0.0785724471842
-0.0962406061642
-0.163586402214
-0.195342335118
-0.208832768699
-0.0809095021088
-0.07983543126
-0.0795199307099
-0.0800926095284
-0.0809095021088
-0.153816910185
-0.204768948911
-0.258493120546
-0.0772043214501
-0.07983543126
-0.0753517311208
-0.140283356644
-0.17467453247
-0.394247454597
-0.234146734381
-0.0796283949482
-0.26703444303
-0.204768948911
-0.135185077802
-0.144534053393
-0.221441033444
-0.234146734381
-0.188796125988
-0.0962406061642
-0.0992907281358
-0.0992907281358
-0.370338235887
-0.306127489877
-0.359286603507
-0.0869097102547
-0.0808639275829
-0.0790569117795
-0.10841878147
-0.137730846478
-0.17230116226
-0.136819149673
-0.0775678814896
-0.113672590227
-0.0785724471842
-0.204117445405
-0.140283356644
-0.387265778625
-0.267265405621
-0.157998705427
-0.105355426835
-0.140502794848
-0.17230116226
-0.288121693553
-0.459161473252
-0.236135013611
-0.105099489349
-0.0885030287402
-0.105355426835
-0.208832768699
-0.304188969804
-0.388363447578
-0.397916588978
-0.298681348361
-0.209443100752
-0.274795992386
-0.304227151542
-0.361767723801
-0.461590029866
-0.441821718285
-0.304188969804
-0.20988558637
-0.284151564786
-0.166556221324
-0.183712679952
-0.511247463511
-0.357782506145
-0.341157069991
-0.268717159929
-0.114865812854
-0.0880469895203
-0.153575274907
-0.346142409344
-0.155295828435
-0.158203300377
-0.113672590227
-0.166556221324
-0.118376657836
-0.174671458438
-0.363162501877
-0.170994226918
-0.225200554838
-0.136819149673
-0.102341686331
-0.0925685748488
-0.111929488386
-0.411823968849
-0.262591298626
-0.24532755829
-0.10758895844
-0.0790038188632
-0.222217609456
-0.247235840655
-0.361767723801
-0.21090128851
-0.195509382846
-0.0918223208619
-0.0955446301615
-0.136819149673
-0.26703444303
-0.387265778625
-0.319718360937
-0.12406345522
-0.0795199307099
-0.0834860554464
-0.102610020257
-0.188796125988
-0.306127489877
-0.144230581824
-0.13951773088
-0.0624677517589
-0.0730002496764
-0.0869165931881
-0.195509382846
-0.204117445405
-0.189790064143
-0.10841878147
-0.14009189896
-0.16174891535
-0.0851827784054
-0.0968049860862
-0.108625388594
-0.12406345522
-0.0744822335346
-0.0602179521872
-0.0706282960503
-0.0735282702686
-0.125015242079
-0.0872729838084
-0.176531675261
-0.0801342151953
-0.10841878147
-0.100291150241
-0.0934819669228
-0.0851827784054
-0.14009189896
-0.0968049860862
-0.0620478738811
-0.0651008762383
-0.0808639275829
-0.0775678814896
-0.103613600749
-0.17230116226
-0.135185077802
0.0162941360043
-0.0361001154951
-0.0423460526746
-0.0699606482061
-0.0735282702686
-0.0800926095284
-0.0753517311208
0.021702552535
0.054041102351
-0.0710910445382
-0.0795830608749
-0.111382907844
-0.195509382846
-0.0646822698958
-0.0356707058711
-0.0604845692342
-0.0405429497706
-0.0762809667855
-0.141520312889
-0.232654576239
-0.0777153293447
-0.0506382967815
-0.0587039025066
-0.0690505629574
-0.0536883161338
-0.0753517311208
-0.125845065109
-0.0872729838084
-0.0526477037843
-0.0654390628775
-0.0536883161338
-0.0617320018678
-0.136819149673
-0.0853911020315
-0.0906077241896
-0.0465816301595
-0.0665188258563
-0.0515246545293
-0.0772043214501
-0.159357278701
-0.153816910185
-0.07983543126
-0.0597246600855
-0.0488210241207
-0.0575262885526
-0.0646822698958
-0.0785724471842
-0.0785724471842
-0.077480134392
-0.0590344196831
-0.0762809667855
-0.0926521438924
-0.0785724471842
-0.16261649642
-0.156570256823
-0.0564328279857
-0.0772043214501
-0.0744822335346
-0.0541617534649
-0.0632460515484
-0.0762809667855
-0.085786196856
-0.0880469895203
-0.0586784181569
-0.077873422531
-0.0762809667855
-0.0707162765891
-0.13258340019
-0.0978348235183
-0.0968049860862
-0.0756126298668
-0.0808639275829
-0.0766991636103
-0.189790064143
-0.222473951238
-0.166556221324
-0.182082020397
-0.204117445405
-0.176531675261
-0.166556221324
-0.257898773059
-0.258493120546
-0.474940641386
-0.441821718285
-0.204768948911
-0.333316874453
-0.193961230144
-0.234146734381
-0.416212268876
-0.333316874453
-0.306127489877
-0.254525631345
-0.232878295839
-0.210575408723
-0.204768948911
-0.31399326766
-0.416620772945
-0.222473951238
-0.166556221324
-0.115922954008
-0.143522090598
-0.0902867243129
-0.284586094939
-0.266919455674
-0.19091561497
-0.188796125988
-0.17230116226
-0.0869097102547
-0.199705224149
-0.275966527536
-0.269339976018
-0.242714252234
-0.223792534943
-0.0682155488153
-0.0716089947333
-0.102341686331
-0.117410388853
-0.206694783104
-0.087693292418
-0.0655171260693
-0.0655171260693
-0.13951773088
-0.13951773088
-0.141520312889
-0.254032287507
-0.135185077802
-0.0679413698035
-0.0716465504622
-0.0795830608749
-0.0707162765891
-0.164729781163
-0.25239633361
-0.159357278701
-0.077480134392
-0.0631782702132
-0.0733057176923
-0.0790038188632
-0.160465943259
-0.19091561497
-0.103613600749
-0.0716465504622
-0.0578611375692
-0.0624677517589
-0.0918223208619
-0.0902867243129
-0.19091561497
-0.140283356644
-0.0624890267081
-0.0656336924889
-0.054862327931
-0.0703671251971
-0.204768948911
-0.156570256823
-0.0853911020315
-0.0538539064996
-0.0489211366363
-0.0383445212608
-0.0631782702132
-0.106963500002
-0.25239633361
-0.199705224149
-0.0640409297857
-0.0656336924889
-0.0699606482061
-0.13951773088
-0.156570256823
-0.267265405621
-0.0934819669228
-0.0623720930848
-0.0853911020315
-0.0869165931881
-0.10675913541
-0.17230116226
-0.157998705427
-0.228191130169
-0.144230581824
-0.0733057176923
-0.0783958865694
-0.0955446301615
-0.169857744476
-0.195509382846
-0.232654576239
-0.0835254041917
-0.0636083378275
-0.0868795013644
-0.07983543126
-0.0861772510619
-0.111382907844
-0.0742628413719
-0.0808639275829
-0.0677340007177
-0.0565311646318
-0.0756333741558
-0.0785724471842
-0.166556221324
-0.0920033218751
-0.0785724471842
-0.0777153293447
-0.0579468776663
-0.0790569117795
-0.0753517311208
-0.126643052999
-0.0697939601329
-0.0631630597726
-0.0710910445382
-0.0619881635402
-0.0810346214664
-0.0943117899532
-0.132479091376
-0.135185077802
-0.0955446301615
-0.0750024406513
-0.136754577011
-0.113397719653
-0.163586402214
-0.317148960044
-0.0926521438924
-0.0800926095284
-0.077873422531
-0.0646822698958
-0.0846558005239
-0.107239414409
-0.19091561497
-0.140283356644
-0.0605253690522
-0.0677340007177
-0.143522090598
-0.0987142770625
-0.183823200565
-0.258493120546
-0.157307139095
-0.116941233704
-0.0801342151953
-0.0697939601329
-0.117410388853
-0.283863098082
-0.24029373189
-0.230611650513
-0.087693292418
-0.077480134392
-0.140768794963
-0.121211253156
-0.158203300377
-0.288121693553
-0.267265405621
-0.143578110567
-0.0869165931881
-0.143578110567
-0.14286878472
-0.136819149673
-0.303850932051
-0.204117445405
-0.0716089947333
-0.10812726814
-0.169655136774
-0.222473951238
-0.254816853954
-0.232654576239
-0.158520459253
-0.136754577011
-0.0955446301615
-0.101695517669
-0.27029434519
-0.183823200565
-0.247749449206
-0.257237374298
-0.0926521438924
-0.234146734381
-0.112671124524
-0.205531570077
-0.423217586409
-0.33754260169
-0.247555292922
-0.124273746402
-0.222217609456
-0.266919455674
-0.245134772578
-0.390395304354
-0.411823968849
-0.267265405621
-0.167333399644
-0.238253119372
-0.325477373102
-0.194999258427
-0.281442577738
-0.387265778625
-0.262763781788
-0.19784228194
-0.171079453368
-0.0786998527163
-0.188220903847
-0.260542209586
-0.268365455657
-0.279659882128
-0.18972174069
-0.163682673639
-0.0792632656045
-0.220756469511
-0.346107365842
-0.286595454035
-0.368402327652
-0.263665430082
-0.262753435936
-0.141652127459
-0.219457841646
-0.464300267383
-0.353955066572
-0.300479631649
-0.256845091074
-0.0894017050963
-0.204854727871
-0.28073226292
-0.437797453963
-0.363314727688
-0.300559117848
-0.201102082975
-0.178062181412
-0.207509366957
-0.239041999866
-0.265882170475
-0.352973692647
-0.356555791254
-0.154204703705
-0.121859038507
-0.111117605681
-0.186918475719
-0.274145113263
-0.332961331381
-0.195170796773
-0.18507570395
-0.0946293714581
-0.174524719637
-0.200446010243
-0.28073226292
-0.39628807324
-0.226414629985
-0.200055642014
-0.0861642399059
-0.120216375211
-0.131861466828
-0.160454337275
-0.301789947478
-0.22905948693
-0.116824235328
-0.100204897366
-0.0877550514163
-0.0848769875363
-0.199311416421
-0.313656022819
-0.257616649219
-0.149141031036
-0.152452566411
-0.0762527611908
-0.0804990713891
-0.106229712204
-0.153464373407
-0.0953431215726
-0.0789964224982
-0.0778279710955
-0.10310483916
-0.0803682868003
-0.126419667762
-0.0856804938402
-0.0829266245941
-0.0597606360793
-0.0679834462752
-0.0430797640224
-0.0596192079674
-0.0859244037901
-0.115518731021
-0.0718635176651
0.0095062943174
0.0191367332677
-0.0623603791896
-0.0751210834952
-0.0809856331325
-0.158800730671
-0.0765426842266
-0.0717471227469
-0.0594345234813
-0.0547866283472
-0.0789032511462
-0.136002113738
-0.10824821774
-0.0718635176651
-0.0550760263154
-0.0549102789364
-0.0611618269938
-0.0598173554334
-0.111261958244
-0.219674679671
-0.114795835108
-0.0606530415367
-0.0514860682381
-0.0575521058996
-0.0886803861365
-0.139036959122
-0.128125202479
-0.12401837103
-0.0796299070761
0.085667400406
-0.0606972082341
-0.0768835778612
-0.0822791083503
-0.0812648493936
-0.0776767784615
-0.0564769946832
-0.0505074630224
-0.0541616247838
-0.0835313897286
-0.0876995005333
-0.0877595512831
-0.0801194514942
-0.0640013150161
-0.0670997374577
-0.0975371973667
-0.127191771867
-0.101440215567
-0.080732351702
-0.0892287695685
-0.0773705076043
-0.0533115605437
-0.0600589894013
-0.0857023308403
-0.163214000649
-0.0861572379203
-0.068711451034
-0.0823092782619
-0.0555796017529
-0.0698196878958
-0.0742165080757
-0.12832787735
-0.081614123854
-0.0826132666458
-0.0605077888602
-0.0726187936858
-0.0767426441178
-0.0804572392653
-0.139861706852
-0.196782537449
-0.13585673756
-0.194747644146
-0.200119232717
-0.248075946216
-0.150165094722
-0.226704077953
-0.395043295222
-0.228969634662
-0.203846886395
-0.281376750221
-0.177397190106
-0.213922122924
-0.224854406461
-0.239640753479
-0.28609322765
-0.203700991465
-0.274795992386
-0.188796125988
-0.268442813618
-0.238517276462
-0.232654576239
-0.143235915775
-0.204366726464
-0.101540412195
-0.0962406061642
-0.143522090598
-0.178087067683
-0.240009086222
-0.204117445405
-0.080881797508
-0.0777121660561
-0.0665188258563
-0.0785724471842
-0.104850144078
-0.164729781163
-0.111009880119
-0.0710910445382
-0.0808639275829
-0.07983543126
-0.0677340007177
-0.199705224149
-0.226539531148
-0.195509382846
-0.07983543126
-0.0699606482061
-0.0848114166752
-0.0952852992259
-0.0947531629942
-0.209443100752
-0.186873241116
-0.0761273503301
-0.0900437722616
-0.0637843139986
-0.0813435998146
-0.0922195726617
-0.239964552661
-0.245134772578
-0.0716089947333
-0.0586784181569
-0.0745425346041
-0.0651764780679
-0.114396648349
-0.16469280374
-0.0968012590445
-0.0814115004893
-0.0623835988156
-0.0605310084862
-0.0808639275829
-0.115613886248
-0.111397336964
-0.07983543126
-0.0623835988156
-0.0669937507287
-0.0697939601329
-0.0800926095284
-0.085636244686
-0.128855538802
-0.144230581824
-0.0576481780583
-0.0679413698035
-0.074396037223
-0.0813556408236
-0.22232266035
-0.149741122791
-0.13951773088
-0.0823950078596
-0.0697939601329
-0.0722214408703
-0.0808639275829
-0.0968049860862
-0.164729781163
-0.0808639275829
-0.0785724471842
-0.0656336924889
-0.0637843139986
-0.0716465504622
-0.199705224149
-0.245134772578
-0.16174891535
-0.0677574529796
-0.0638216413804
-0.0745425346041
-0.0843539135881
-0.17230116226
-0.234146734381
-0.106963500002
-0.0656601888602
-0.079296981782
-0.0833341173961
-0.105355426835
-0.14741020455
-0.159906433438
-0.0987796505355
-0.0785724471842
-0.0563958922204
-0.0643086665454
-0.0808639275829
-0.114865812854
-0.082466613234
-0.100309543484
-0.05176943434
-0.0699122717743
-0.0526477037843
-0.0716465504622
-0.146701832446
-0.126451610367
-0.102341686331
-0.0597870812168
-0.0623835988156
-0.0650563340448
-0.0842592433039
-0.160465943259
-0.237873211546
-0.105853440224
-0.0642361891449
-0.0722042812861
-0.0623835988156
-0.0725720157139
-0.112458626029
-0.204366726464
-0.0860461093396
-0.0830550696425
-0.0767430261989
-0.0699606482061
-0.0760556832839
-0.112019774298
-0.232520556369
-0.0978348235183
-0.0670311757499
-0.0716465504622
-0.0861772510619
-0.1040211775
-0.126051508832
-0.232520556369
-0.183149995548
-0.0978348235183
-0.0618640087962
-0.0981464411319
-0.102341686331
-0.13549283188
-0.234676010404
-0.208832768699
-0.0985935954774
-0.0777121660561
-0.0808639275829
-0.0851827784054
-0.138506572384
-0.283969275652
-0.247749449206
-0.0823950078596
-0.0724644900312
-0.10812726814
-0.158203300377
-0.251434178243
-0.167333399644
-0.109262704464
-0.0761273503301
-0.13951773088
-0.0861772510619
-0.0817893324874
-0.183823200565
-0.260682901127
-0.143235915775
-0.0756126298668
-0.088805876138
-0.115613886248
-0.160465943259
-0.262901773609
-0.254032287507
-0.14999872079
-0.0808639275829
-0.0801342151953
-0.168768900268
-0.191170053857
-0.195509382846
-0.261323248379
-0.258493120546
-0.117654257722
-0.20988558637
-0.121211253156
-0.191170053857
-0.2470841179
-0.267265405621
-0.2470841179
-0.119181203259
-0.247235840655
-0.2064502472
-0.269339976018
-0.326858874549
-0.268717159929
-0.322975571282
-0.127798942433
-0.276529730163
-0.143578110567
-0.234676010404
-0.260682901127
-0.232654576239
-0.174625895979
-0.102274001845
-0.0900437722616
-0.158203300377
-0.204117445405
-0.257334525378
-0.2470841179
-0.274795992386
-0.129415001369
-0.0896202083134
-0.20988558637
-0.195509382846
-0.247235840655
-0.230611650513
-0.247555292922
-0.157998705427
-0.0919936983746
-0.112671124524
-0.167456966728
-0.262901773609
-0.31399326766
-0.257345743064
-0.136754577011
-0.0902867243129
-0.206694783104
-0.20988558637
-0.298681348361
-0.365010007645
-0.151590588328
-0.112671124524
-0.111382907844
-0.100309543484
-0.0935381235712
-0.166556221324
-0.258493120546
-0.14999872079
-0.080881797508
-0.111382907844
-0.0822918790798
-0.103439843288
-0.112458626029
-0.2064502472
-0.257345743064
-0.0970324748807
-0.0572015028002
-0.066417438478
-0.0985935954774
-0.201186796337
-0.222473951238
-0.218605856943
-0.0900437722616
-0.0656601888602
-0.0665188258563
-0.0861772510619
-0.102274001845
-0.240009086222
-0.144230581824
-0.0684321372302
-0.0823950078596
-0.0761273503301
-0.0613522560515
-0.126451610367
-0.209443100752
-0.0872729838084
-0.0710910445382
-0.0952852992259
-0.0688110233895
-0.0679323345912
-0.150087961907
-0.0920033218751
-0.105768353155
-0.0572015028002
-0.0601175633871
-0.0428318660855
-0.0618640087962
-0.0699951047024
-0.0898189094498
-0.0697880874261
0.21008358023
0.0207837090674
-0.0348199447256
-0.0651764780679
-0.0679413698035
-0.08405142896
-0.079296981782
-0.0418003040885
-0.0619881635402
-0.0226949891263
-0.0484352743272
-0.075362008155
-0.156570256823
-0.0785724471842
-0.0493065273461
-0.0518743068919
-0.0567255913642
-0.0632065114352
-0.13258340019
-0.119713182074
-0.166556221324
-0.0555247458923
-0.0660887794742
-0.0614286569793
-0.0660978069188
-0.0817893324874
-0.0744822335346
-0.0826942675273
-0.0545683783208
-0.0601175633871
-0.0611188687363
-0.0706282960503
-0.0713355192264
-0.14286878472
-0.0817893324874
-0.0564328279857
-0.0619881635402
-0.0571095616183
-0.0588828707227
-0.0703671251971
-0.086013559649
-0.082466613234
-0.0428318660855
-0.0654390628775
-0.0576481780583
-0.0745425346041
-0.163531456563
-0.0777153293447
-0.143578110567
-0.0624890267081
-0.0490946315223
-0.0552654958883
-0.0761273503301
-0.0813435998146
-0.146701832446
-0.0733057176923
-0.02888019101
-0.0524555694423
-0.0605310084862
-0.0688302518739
-0.0756126298668
-0.111009880119
-0.0671150451906
-0.0722214408703
-0.0688302518739
-0.0703671251971
-0.0903077821845
-0.133572923924
-0.156589015411
-0.0970324748807
-0.0722042812861
-0.103781219713
-0.14999872079
-0.17230116226
-0.283969275652
-0.319035847496
-0.254816853954
-0.251434178243
-0.2064502472
-0.216010137767
-0.240009086222
-0.267265405621
-0.330263875822
-0.249811223651
-0.2064502472
-0.137250387439
-0.117656497854
-0.106429359576
-0.0958422823516
-0.2061795566
-0.137345224408
-0.10950530216
-0.0772988361852
-0.0729789842773
-0.0993206065411
-0.136277137071
-0.189944113186
-0.11841773049
-0.0663478130667
-0.0653450132668
-0.0624783892335
-0.0835767240108
-0.121318470069
-0.154362536698
-0.0919936983746
-0.0716089947333
-0.0766991636103
-0.0493065273461
-0.0624890267081
-0.0927624420406
-0.194374282157
-0.108625388594
-0.0607032563839
-0.0538301613422
-0.0699122717743
-0.0769499363955
-0.0968049860862
-0.243715509337
-0.127103755176
-0.0539512751802
-0.0590344196831
-0.0710910445382
-0.0733057176923
-0.0760060198496
-0.155394669581
-0.0777153293447
-0.0694065255893
-0.0524004813187
-0.0477362911996
-0.0580701049216
-0.087693292418
-0.127103755176
-0.0968049860862
-0.0753517311208
-0.0557236996271
-0.0557236996271
-0.0646822698958
-0.0790038188632
-0.136819149673
-0.0793749754056
-0.0542728421031
-0.0724455687111
-0.0743168119161
-0.0679323345912
-0.0861772510619
-0.115613886248
-0.0753517311208
-0.0722214408703
-0.0698818582386
-0.0360393952324
-0.0716465504622
-0.0762809667855
-0.0935471943813
-0.0760801140327
-0.066417438478
-0.0536883161338
-0.0594609273469
-0.0650336402482
-0.087280802004
-0.135258223129
-0.125175326807
-0.0489211366363
-0.05149742174
-0.0542728421031
-0.0730002496764
-0.0987796505355
-0.143522090598
-0.0962406061642
-0.0762145521568
-0.0694065255893
-0.0739894863868
-0.0739330751973
-0.0833341173961
-0.104913400377
-0.087221060412
-0.0697939601329
-0.0590344196831
-0.0531934912301
-0.0733518372025
-0.0900437722616
-0.14741020455
-0.182493217951
-0.0651764780679
-0.0691905407816
-0.0611188687363
-0.0733057176923
-0.123437869862
-0.111009880119
-0.071698005988
-0.0541350995561
-0.05176943434
-0.0539441000651
-0.0531934912301
-0.0786379533532
-0.102274001845
-0.0777121660561
-0.0406772159737
-0.0506677165778
-0.0358714050245
-0.0601175633871
-0.0727363911622
-0.120541794392
-0.0752258602535
-0.0573655829822
-0.053184836256
-0.05149742174
-0.0491854829883
-0.0910265908497
-0.118327207889
-0.0826942675273
-0.064760101229
-0.0682032717001
-0.0648221028973
-0.0694065255893
-0.103613600749
-0.117654257722
-0.0882965966068
-0.0669937507287
-0.0534047286246
-0.0682032717001
-0.0745425346041
-0.0900437722616
-0.127103755176
-0.0962341444225
-0.0952852992259
-0.0594609273469
-0.0699606482061
-0.0762809667855
-0.138506572384
-0.140290639311
-0.127798942433
-0.0634488245222
-0.0694065255893
-0.0633592054071
-0.0688302518739
-0.107515528809
-0.132889040283
-0.0694065255893
-0.0640409297857
-0.0598688380335
-0.071698005988
-0.0934542653261
-0.116597395705
-0.0968049860862
-0.0961516209295
-0.0669937507287
-0.0662910267092
-0.0713729031521
-0.0970324748807
-0.190127595986
-0.182082020397
-0.130960611914
-0.0785724471842
-0.108385102759
-0.0739894863868
-0.0896202083134
-0.132889040283
-0.116597395705
-0.089470558422
-0.112019774298
-0.0775678814896
-0.0752180217905
-0.111929488386
-0.165450330178
-0.26703444303
-0.223661245946
-0.117461613331
-0.121318470069
-0.121318470069
-0.110011362779
-0.23506300094
-0.211486291704
-0.189790064143
-0.0859311842885
-0.123246898438
-0.0927624420406
-0.135185077802
-0.155748510883
-0.258493120546
-0.204117445405
-0.204768948911
-0.0978348235183
-0.0917909479164
-0.14964378933
-0.161307204997
-0.262901773609
-0.115613886248
-0.112671124524
-0.0750024406513
-0.121099156259
-0.0756126298668
-0.136819149673
-0.259717042385
-0.189314154445
-0.105768353155
-0.0730002496764
-0.085786196856
-0.0981464411319
-0.216088528449
-0.20988558637
-0.206694783104
-0.07493387536
-0.0752258602535
-0.0753517311208
-0.13179288399
-0.199705224149
-0.17467453247
-0.115613886248
-0.0823420313464
-0.111382907844
-0.119181203259
-0.108385102759
-0.129465350871
-0.262901773609
-0.145272846856
-0.078231762295
-0.0865494209521
-0.0730873744722
-0.101695517669
-0.194999258427
-0.213356394372
-0.127103755176
-0.0896202083134
-0.0813078939877
-0.0769499363955
-0.07493387536
-0.176531675261
-0.178224483995
-0.108385102759
-0.089470558422
-0.0904636161653
-0.0790569117795
-0.0743168119161
-0.129415001369
-0.190127595986
-0.106963500002
-0.089470558422
-0.0752180217905
-0.0536883161338
-0.079560718333
-0.104913400377
-0.212653889051
-0.0870076668189
-0.0531934912301
-0.0669937507287
-0.0226193826875
-0.0114666267783
-0.0625320843932
-0.0688110233895
-0.0580701049216
0.0181835562553
-0.0058555754525
0.143953609726
0.481052258608
0.39529905251
0.397230478227
0.456030278534
0.96096365883
1.12396785927
1.05506980028
1.61282032714
1.55839031442
1.25511471695
3.28192146874
7.19615809949
1.38992175152
1.19808939191
0.873271787867
0.395496732246
0.0906479910425
0.306315652387
0.528030757584
0.615496721102
0.564755034417
0.244594149747
0.0857752857647
-0.0198721438017
0.0798812143016
0.349170110917
0.298054827421
0.150492223074
0.113680741309
-0.0093380843502
-0.0289234728428
0.046755901123
0.223320005869
0.264132529986
0.224767902229
0.228440659251
0.0931094114466
-0.0634488245222
0.107934269278
0.114178165678
0.16361695647
0.125971108251
0.0299927389097
-0.0119107705332
-0.080881797508
0.0162941360043
0.193035324363
0.19512645696
0.194113720263
0.142187773718
0.0906479910425
-0.0985935954774
0.0170029257124
0.198106949864
0.219342756521
0.118347636839
0.100430449551
-0.0519352538415
-0.0506902361788
-0.0198721438017
0.171973806434
0.107934269278
0.0428760139478
-0.00930895488305
-0.0962341444225
-0.0611511895193
-0.0558849405605
0.198004021128
0.0898219097634
0.108709275638
0.097995701498
0.0589163767389
-0.078231762295
-0.00885267827579
0.143684258568
-0.0299999139292
0.0351406027929
0.0136796885876
-0.0289234728428
-0.0782664986352
-0.0539512751802
-0.0093380843502
-0.0511080977548
-0.0615376747344
-0.13258340019
-0.13549283188
-0.13179288399
-0.079296981782
-0.136819149673
-0.0987796505355
-0.204768948911
-0.135185077802
-0.268442813618
-0.283969275652
-0.246252486261
-0.123437869862
-0.0987142770625
-0.10052682619
-0.14741020455
-0.0927624420406
-0.195509382846
-0.135185077802
-0.0193727054618
0.0749615640709
-0.0328308364406
0.00878703257387
-0.0861772510619
-0.035718326029
-0.066417438478
0.0632354103415
0.0319319386729
-0.00332170082454
0.00621232756835
-0.0743168119161
-0.114865812854
-0.02097069271
0.0360015727517
-0.00776342497892
0.0245441707581
-0.0362967401599
-0.0665441848369
-0.0935381235712
-0.0484352743272
0.0542814126923
0.049750455144
0.0160546730932
0.0135726046866
-0.0406167259603
-0.0598346272796
-0.0615376747344
0.0231722906029
0.0821184468715
-0.0110470007212
-0.0468301843747
-0.017344765493
-0.0955446301615
-0.023576917615
0.068739326038
0.0353333654141
0.00878703257387
0.021702552535
-0.00501889976369
-0.07983543126
-0.00524507442523
0.0152227565996
0.0799562418919
0.114733515351
0.00676036964816
-0.0235051463014
-0.00579108615334
0.0087813137262
0.0731671934036
0.11096193749
0.123615601686
0.0781212713039
0.0432140499558
-0.0579027089989
0.0390446040663
0.0110757349106
0.116443487623
0.105250783275
0.0733835587103
0.0821471362858
-0.0598346272796
0.0932339888474
0.119170253458
0.111759892141
0.156010309909
0.0641844088578
0.0390446040663
-0.0618640087962
0.0457655254541
0.084631632531
0.167628942487
0.0995142891151
0.0458814173953
-0.0235051463014
-0.0682032717001
-0.00930895488305
0.0929262434218
-0.00579108615334
0.0469192306144
0.0186111988637
-0.00455639348894
-0.0736680789406
-0.0519352538415
0.100729197947
0.0900061053012
0.0839710372008
0.068739326038
-0.0602791930702
-0.0468301843747
0.0127293038127
0.0952925026489
0.101774578826
0.122904007337
0.0720854385397
0.0514746147717
-0.0661768002771
0.0216014546971
0.109180576709
0.105647152047
0.0162941360043
0.0784132662129
-0.0289234728428
-0.0830550696425
-0.00891573069215
0.0920993234207
0.122616950945
0.0760465190659
0.0843737923092
0.063849880849
-0.039617280406
0.0509917593326
0.113811889537
0.117868316929
0.179889203108
0.124667747715
0.0162941360043
-0.105768353155
-0.0154863756281
0.0774049051754
0.0747080855542
0.0427374260929
-0.0206073981262
-0.0719322277497
-0.0712040856001
-0.0970324748807
0.062656004091
0.0743232038212
0.0409493640059
-0.0110470007212
-0.0406167259603
-0.11275516332
-0.0598688380335
-0.0185370665714
0.0321083739534
0.062656004091
0.00161706983308
-0.0754039301316
-0.125553757599
-0.0740539499908
-0.0808639275829
-0.0598346272796
0.0142135707754
-0.00885267827579
-0.0962341444225
-0.085819037277
-0.0743168119161
0.00162936677092
0.111726839788
0.0740288757586
0.0126185451105
-0.0691569977344
-0.0824079597936
-0.0508100552916
0.0203924038715
0.0485381527806
0.008354413678
-0.0392729983437
-0.0861502557229
-0.0793466001625
-0.067602569755
-0.00427784222235
-0.00122329012882
-0.0571208823335
-0.00623308473288
-0.0877756963009
-0.151546908078
-0.064181170403
-0.0594723330778
-0.0561474016961
-0.0492389317647
-0.0877174371466
-0.134892169711
-0.143157744843
-0.103190133207
-0.048689470472
-0.0761475855705
-0.0818514878594
-0.115386474772
-0.092889876922
-0.164396101501
-0.147793233873
-0.0265671144397
-0.0643947657814
-0.0547932319232
-0.0816723448248
-0.0881363599562
-0.214659000122
-0.185031571758
-0.082633527262
-0.069037814055
-0.0807109552847
-0.0818794176923
-0.105716536118
-0.185712282133
-0.0903906711664
-0.0930265269361
-0.0260001281489
-0.0377200946165
-0.0675184196454
-0.0885875483907
-0.0906566575813
-0.069466210598
-0.0464859202003
0.0213792659566
-0.0565407508642
-0.0112436539383
-0.103420772601
-0.156264237608
-0.115623457027
0.0030364572713
0.012369698373
-0.0245022531405
-0.0561574249164
-0.107924336855
-0.142194833759
-0.10447295117
-0.037940705161
-0.0179569522056
-0.00375298706658
-0.0390531357369
-0.0898189094498
-0.116941233704
-0.124273746402
-0.0506902361788
-0.0524004813187
-0.00826047148215
-0.0154863756281
-0.0944982932316
-0.0808104268651
-0.106649251568
0.000123924386444
0.0226932573366
-0.00455639348894
0.00303843664282
-0.0682032717001
-0.121099156259
-0.123437869862
-0.0362967401599
-0.0143791440166
0.0457655254541
-0.0555247458923
-0.017344765493
-0.0985935954774
-0.10812726814
0.0256510943413
-0.00288824968321
0.0142135707754
-0.0119107705332
-0.0634488245222
-0.104913400377
-0.0637843139986
0.0590774877866
0.0654481713018
0.0946698552497
0.0142159393339
-0.0198721438017
-0.0653214311767
-0.0301037994396
0.091108970761
0.0597887642059
0.0598873629197
0.0983780614042
0.0773302433124
-0.0565311646318
0.0571208980585
0.257571713674
0.253190331695
0.255734675625
0.177712489501
0.21008358023
0.212445563453
0.292092365922
1.01805761755
0.666259811061
0.411535034415
0.256480782894
0.120185333334
0.0467581252189
0.0565807902058
0.275667719322
0.218748832943
0.193035324363
0.120120699635
-0.031498614119
-0.0317196321058
-0.0258751912527
0.0799756857113
0.0691633470403
0.0947435160826
0.144677242809
0.0167656898421
-0.0729577188781
-0.0598688380335
0.0950757720806
0.162570021072
0.240662790286
0.0471616123974
0.0169985815229
-0.0745425346041
-0.0415971734211
0.125198676193
0.152993476236
0.0673933328964
0.0142159393339
0.0556452271925
-0.0292663802491
0.0329562456154
0.165643596448
0.0858236275302
0.0757091780061
0.117868316929
0.0109423828005
-0.0466690048827
0.01255828404
0.0946550135867
0.0432140499558
0.0635925435783
-0.00495513884567
-0.0224840022563
0.000875120566894
0.0087813137262
0.00918241712784
0.0731671934036
0.0162941360043
0.00436439112755
-0.0111800389349
-0.0258751912527
-0.00407178519262
0.104845737349
0.122832300295
0.0798812143016
0.0457719070439
-0.0415116343241
-0.0261518343739
-0.00933211128052
0.117868316929
0.107934269278
0.0339510983092
-0.0390083792729
-0.0586943773442
-0.0677340007177
-0.0489211366363
-0.0604845692342
-0.0391277880923
-0.0558849405605
-0.0484352743272
-0.1193900417
-0.104850144078
-0.0813556408236
-0.0524004813187
-0.10052682619
-0.130800975554
-0.156570256823
-0.212653889051
-0.175136446835
-0.247749449206
-0.125175326807
-0.123437869862
-0.0823473348952
-0.0788756325134
-0.0943204729032
-0.135258223129
-0.115613886248
-0.0393266793459
0.00430965304001
0.00489391407284
-0.0289234728428
-0.0808996231145
-0.0981464411319
-0.00930895488305
-0.00933211128052
0.0101853579602
-0.00190537635187
-0.0105269682089
-0.0524004813187
-0.0930880499148
-0.0598346272796
-0.0132824120889
0.0469192306144
0.0417791870363
-0.020223209592
-0.0465181444267
-0.0484352743272
-0.0337220827769
0.0320034940168
0.0335878287253
0.044744763702
-0.0100496426028
-0.0697880874261
-0.111812378353
-0.035718326029
-0.0123104352671
0.0731671934036
0.0920993234207
0.0124564324811
-0.00374007637289
-0.0981464411319
-0.0565311646318
0.0362903768749
0.0238698823114
0.0793993486186
0.00277750460639
-0.00883024524992
-0.0985935954774
-0.0619881635402
-0.0015655973588
0.0522517812745
0.0542814126923
0.00474353842217
-0.00885267827579
-0.028378789525
-0.0637843139986
0.0544183507754
0.084631632531
0.0182079338481
0.0361168754485
-0.00805337307244
-0.0713729031521
-0.0538301613422
0.0339510983092
0.084631632531
0.0098337072992
0.0279012916304
-0.0602791930702
-0.0808104268651
-0.0306939834157
0.0087813137262
0.0597887642059
0.0458814173953
-0.00570441814882
-0.0506677165778
-0.0598688380335
-0.00885267827579
0.0311389729546
0.018418064329
-0.00374007637289
-0.0240809633113
-0.0713729031521
-0.0342828428343
-0.0756333741558
0.0272000815324
0.0234593611936
0.0792149535232
-0.0015655973588
-0.0691905407816
-0.0551787927295
-0.0556967462814
-0.0093380843502
0.0320985079798
0.0279012916304
-0.00933211128052
-0.0615171206043
-0.0582000013327
-0.0619881635402
0.0694911263715
0.0390446040663
0.0142159393339
-0.00776342497892
-0.0403624807567
-0.0989235692994
-0.0576481780583
-0.00407178519262
0.06229757108
0.0353333654141
0.0147835190074
-0.025436478428
-0.102274001845
-0.00455639348894
0.00387988304256
0.0299927389097
0.0234593611936
-0.0198721438017
-0.0246377846933
-0.0269088592142
0.0162941360043
0.044744763702
0.195399930037
0.0111489736858
0.0435966204228
-0.0557236996271
-0.0524004813187
-0.0102543127277
0.0087813137262
0.0341410858486
0.0339510983092
-0.00448389925208
-0.0556967462814
-0.0701963765588
-0.0697880874261
0.0654451339076
-0.017344765493
-0.023076783455
-0.05176943434
-0.0682032717001
-0.0761273503301
-0.0133013076677
0.0162941360043
0.00024533772096
-0.00501889976369
-0.0417007399026
-0.0653214311767
-0.111812378353
-0.0701432935189
-0.00375298706658
-0.00805337307244
0.034118707856
-0.0277394258599
-0.0850163622786
-0.105492338751
-0.0826140830353
0.0113356913681
0.0550563555231
-0.00863601999309
-0.00667690200984
-0.084218342988
-0.0728365623346
-0.0480747291531
-0.0219023056928
-0.0104955716394
0.0332847170818
-0.0677323623478
-0.0880432539806
-0.121502274644
-0.10354883879
0.0234365312186
-0.0275864520085
-0.000812887832772
-0.0541999764374
-0.0813388116921
-0.113427637189
-0.0837732774353
-0.0224189809672
0.0166485308583
-0.0424493711634
-0.0741614197738
-0.0858751107827
-0.17497977491
-0.0948804717649
-0.0616834246996
-0.0582147644657
-0.038544302528
-0.114710869719
-0.128831671181
-0.192651104477
-0.103479384449
-0.0465449816171
0.000117676132418
-0.0818514878594
-0.0706017606883
-0.116898878223
-0.161191962274
-0.0850952137962
-0.0603152096343
-0.0216395837713
-0.0539510278133
-0.0777988328626
-0.130139016904
-0.0905510414246
-0.0939792715881
-0.0170170379087
-0.0488220209167
-0.0739188277209
-0.0742563422373
-0.0928710013481
-0.116537749789
-0.0992427486699
-0.0761273503301
-0.0239844332145
-0.0842592433039
-0.10836916734
-0.0985935954774
-0.166556221324
-0.143235915775
-0.106174841
-0.0490053294075
-0.079296981782
-0.0808214743204
-0.198713710617
-0.208415529912
-0.113604756593
-0.0865494209521
-0.0736680789406
-0.066724674177
-0.0904536826354
-0.125257078814
-0.14964378933
-0.0872729838084
-0.0235051463014
-0.0289234728428
-0.0646822698958
-0.0777121660561
-0.161307204997
-0.140290639311
-0.0690505629574
-0.0428462200844
-0.0383445212608
-0.114865812854
-0.0848493098336
-0.0708248400591
-0.0910265908497
-0.123437869862
-0.0368689289596
-0.0524004813187
0.0113356913681
-0.0515246545293
-0.147547793898
-0.0944982932316
-0.0761273503301
-0.0267808614482
-0.0133013076677
-0.00930895488305
-0.0456837260763
-0.0743168119161
-0.154926957819
-0.0761273503301
-0.0140159635478
0.0475816216415
0.0207837090674
-0.00776342497892
-0.0531864211956
-0.079296981782
-0.0947531629942
0.00430965304001
0.0211360009354
0.0858766533023
0.0167656898421
-0.0345811269005
-0.0701432935189
-0.00665845360638
0.117304792287
0.140849964699
0.0656869116504
0.106600385212
0.0457719070439
0.0162941360043
0.106600385212
0.473997321802
0.342020533746
0.281312023895
0.257571713674
0.139727962124
0.088916447902
0.223320005869
0.345576101594
0.331367817826
0.247109520883
0.11096193749
0.0119543654978
-0.0168320205956
0.00245706271068
0.271795720117
0.088916447902
0.0673933328964
0.0414940257949
-0.0489211366363
-0.0490946315223
-0.0360393952324
0.0567376947747
0.0211360009354
0.0170029257124
0.0857752857647
-0.00308273817401
-0.0369732712545
0.0211360009354
0.0339510983092
0.164089300689
0.0911734821298
-0.0394399472384
-0.0484352743272
0.0621813658467
0.0458524904307
0.06229757108
-0.0116071956466
0.0475816216415
-0.0123636599239
-0.00778884993852
-0.05176943434
0.00986742402797
0.097995701498
0.0865407215273
0.0162941360043
0.0121804528392
-0.0489211366363
-0.0812455027995
-0.0140159635478
0.00922023071493
0.0171653992808
0.0170029257124
-0.0222185792468
-0.0327421535464
-0.0892907396588
-0.037339542572
0.0216014546971
0.0376984916722
0.0898219097634
-0.0465816301595
-0.0696083891964
-0.053184836256
-0.0093380843502
0.0303914677908
0.0567376947747
0.0162941360043
-0.00665845360638
-0.0524004813187
-0.0623720930848
-0.05176943434
-0.0292663802491
0.00417500353013
-0.0405703435705
-0.0650563340448
-0.0775678814896
-0.132479091376
-0.101441697995
-0.0584846884906
-0.0706770128402
-0.172535332086
-0.213356394372
-0.14964378933
-0.247235840655
-0.125553757599
-0.187878236072
-0.113604756593
-0.177521323353
-0.168768900268
-0.0872729838084
-0.143235915775
-0.0985935954774
-0.0670461630452
-0.0239844332145
-0.0382999245344
-0.0809059048949
-0.0896202083134
-0.191170053857
-0.0698818582386
-0.0489211366363
0.0231722906029
-0.0345811269005
-0.0226193826875
-0.087693292418
-0.0602791930702
-0.0391277880923
0.00702848393463
0.019355858437
-0.0179214309119
-0.0215809122483
-0.0222185792468
-0.0604845692342
-0.0775678814896
0.0087813137262
0.148292387724
0.0639222232508
0.0799756857113
-0.0457102858517
-0.0777841230469
-0.0415971734211
0.0247890553307
0.106877588899
0.108709275638
-0.0282388858662
-0.0365051242216
-0.0823473348952
-0.0468301843747
-0.00891573069215
0.107934269278
0.10099963662
-0.0114666267783
-0.0565311646318
-0.105768353155
-0.017344765493
0.0475816216415
0.00683213579565
0.0777188711289
-0.0270055875849
-0.00407178519262
-0.0775678814896
-0.0334971607209
0.028888550617
0.108709275638
0.113680741309
-0.0093380843502
-0.0538539064996
-0.0788756325134
-0.0548558564389
0.0720854385397
0.104033148051
-0.00501889976369
-0.00407178519262
-0.0524004813187
-0.0328395050163
-0.0349183619098
0.154547645817
-0.00124811794796
0.0231722906029
0.00683213579565
-0.0088699047676
-0.08405142896
-0.0538301613422
0.0783635171542
0.0326183358545
0.0414422830318
-0.00590199018768
-0.0618640087962
-0.113604756593
-0.0337879655777
0.0321083739534
-0.00501889976369
0.0777188711289
-0.0438576955224
-0.0657097664865
-0.08046143803
-0.0930880499148
-0.0234792018998
0.0590571873901
0.0784044078873
-0.0632065114352
-0.0701432935189
-0.079296981782
-0.0661768002771
-0.0235051463014
0.0171653992808
0.0731671934036
-0.02097069271
-0.0713729031521
-0.114865812854
-0.012138465003
-0.00930895488305
0.0863037813254
0.0332250669865
0.0244253560603
-0.0607032563839
-0.0808104268651
-0.0133013076677
-0.00552805727424
0.0946550135867
0.0678719099699
0.0453276687067
-0.0490194812764
-0.107801410925
-0.0415971734211
0.113680741309
0.0483453388928
0.114674704611
0.0353333654141
-0.0665441848369
-0.0993279458263
-0.0415971734211
0.0211360009354
0.0457719070439
0.0126223721941
-0.0344209811927
-0.0344209811927
-0.103177549186
-0.0198721438017
-0.00407178519262
-0.0181380127974
-0.00891924627065
-0.0573655829822
-0.047562876181
-0.107515528809
-0.0362967401599
0.081496484442
0.000604472381363
0.0376984916722
0.0353333654141
0.00878703257387
-0.082466613234
-0.00407178519262
0.0723758013105
0.0142159393339
0.0340358143506
0.0162941360043
-0.0850799416365
-0.213356394372
-0.0696083891964
0.0694911263715
-0.0181651424997
0.0316089029481
0.0352475143775
-0.032974077053
-0.0738826235482
-0.0434864009168
0.0469649250273
0.0490901233231
0.073810957286
-0.0424064787757
-0.0693476894448
-0.0946216333504
-0.07251583093
0.0185050632714
-0.0479266897282
-0.0252553669431
0.00344149763417
-0.0913950135582
-0.100978599861
-0.0546478614463
0.0263162474037
0.0187982572792
-0.0567255913642
-0.0512075258095
-0.0496135142276
-0.20988558637
-0.0865494209521
-0.0679323345912
-0.0370956679722
-0.010729856811
-0.0701432935189
-0.0981464411319
-0.127103755176
-0.0840831860861
-0.0697880874261
-0.0323662789843
-0.00439766094211
-0.0613522560515
-0.0682032717001
-0.0930880499148
-0.0985935954774
0.0320034940168
-0.0569691329896
0.00191060283297
-0.11275516332
-0.0935471943813
-0.109262704464
-0.14964378933
-0.0465359440787
-0.0243114761194
-0.0598688380335
-0.0673786031874
-0.161649335029
-0.079296981782
-0.0987796505355
-0.053184836256
-0.0362967401599
-0.0527094074007
-0.0935381235712
-0.0848022452973
-0.141801408533
-0.123246898438
-0.0840831860861
-0.0682032717001
-0.0729577188781
-0.0917909479164
-0.2064502472
-0.146355233026
-0.156570256823
-0.0952852992259
-0.0383095509062
-0.085819037277
-0.107819471486
-0.214043699862
-0.277068999414
-0.234146734381
-0.0682130215378
-0.0701432935189
0.00489391407284
-0.0477706367431
-0.178964670659
-0.159357278701
-0.112671124524
-0.00407178519262
-0.0362967401599
-0.079296981782
-0.0743191913686
-0.0892907396588
-0.0920033218751
-0.0970324748807
-0.0900437722616
-0.0465359440787
-0.0604845692342
-0.0859311842885
-0.0490946315223
-0.121772957586
-0.0679323345912
0.0652387854905
0.0615510751782
-0.00933211128052
0.028888550617
-0.0390531357369
-0.0729577188781
0.019355858437
0.0341410858486
-0.0133013076677
0.0329040502979
0.019355858437
0.0475816216415
-0.0431739206118
-0.0698818582386
0.0965651869644
0.0341410858486
0.140446915849
0.0353333654141
-0.0329543247702
-0.0648753481361
-0.0198721438017
0.0784827439375
0.125198676193
0.0758073848461
0.00436439112755
0.00659934320214
-0.0299999139292
0.0087813137262
0.245161964073
0.167997967619
0.240662790286
0.273387727278
0.154547645817
0.0170029257124
0.220495387001
0.759067085804
0.526398888683
0.362415833776
0.223093262148
0.0840559942113
-0.0349183619098
0.00489391407284
0.203563588386
0.187509863003
0.0737065309184
0.0414940257949
0.0414940257949
-0.079560718333
0.0754690034331
0.13867912561
0.062656004091
0.165643596448
0.0475816216415
-0.0337879655777
-0.0484352743272
-0.0490946315223
0.162570021072
0.18018663599
0.249815084223
0.0404866280186
-0.0222185792468
-0.0979699956134
0.087523965451
0.130045880748
0.177712489501
0.209520110213
0.115250845048
0.0516124781062
-0.0344209811927
0.138711793869
0.193035324363
0.188710437664
0.044744763702
-0.00776342497892
0.0142159393339
-0.047630311077
-0.00736226638032
0.113680741309
0.0269706711174
0.0279012916304
0.00878703257387
-0.053184836256
-0.0428311362348
0.00489391407284
0.0694911263715
-0.00407178519262
0.123500503423
-0.0213536059242
-0.0124383866509
-0.00332170082454
0.062656004091
0.0308045466425
0.105206630837
0.0898219097634
0.218013717855
-0.0496135142276
-0.0428318660855
0.0458524904307
0.16048467446
0.0481234763746
0.0163397959542
-0.0334971607209
-0.0771397813225
-0.107801410925
-0.0701432935189
-0.0383445212608
-0.0701432935189
-0.0752180217905
-0.0666184559742
-0.0659096349219
-0.226539531148
-0.240009086222
-0.284151564786
-0.212653889051
-0.0952852992259
-0.0788756325134
-0.143235915775
-0.16469280374
-0.206694783104
-0.0788756325134
-0.0179624169278
-0.0514747147363
-0.0701432935189
-0.0781188688391
-0.0317196321058
-0.0383095509062
0.214228066134
0.106180413701
0.137053892667
0.0207837090674
-0.0103442992061
-0.188972611401
-0.0248674212703
0.0481234763746
0.116193433906
0.130378545864
0.00313923132574
-0.0368689289596
-0.0979699956134
-0.0239844332145
0.12679184739
0.0475816216415
0.0906479910425
0.0783635171542
-0.0088699047676
-0.0484352743272
0.0217922315809
-0.0263775954816
0.0774049051754
0.0212216743526
0.152993476236
-0.0490946315223
-0.0539512751802
-0.0713729031521
0.0303914677908
0.109518087103
0.0985223639948
0.116013709305
-0.0394399472384
-0.0518743068919
-0.00885267827579
0.132258911255
0.115250845048
0.0898219097634
-0.0111218244112
-0.0638216413804
-0.0859311842885
0.00878703257387
-0.00776342497892
0.112855760505
0.156375215064
-0.00190588873344
0.0163397959542
-0.0736680789406
-0.0552654958883
0.187509863003
0.1331765137
0.139853699053
0.044961459215
0.0102849948676
0.0207837090674
0.0231087938206
0.188710437664
0.176035767285
0.228440659251
0.235121924655
0.0773302433124
-0.0653214311767
-0.0178889035494
0.175659498754
0.150055140587
0.159016123353
0.0804158831081
0.00878703257387
0.00878703257387
0.0731671934036
0.12679184739
0.106180413701
0.16361695647
0.144569002812
-0.012138465003
0.00191060283297
-0.00717213769218
0.093664138445
0.156010309909
0.106877588899
0.028888550617
0.0906479910425
-0.0579027089989
0.0321083739534
0.168919235878
0.236548775886
0.339308935397
0.0577741373255
0.0087813137262
-0.0812455027995
0.00731004694435
0.128697257875
0.173731070385
0.165643596448
0.0702107163965
0.0694660062826
0.019355858437
0.030262895866
0.167997967619
0.189059407064
0.238265115075
0.177712489501
0.0652644936787
-0.0101037907062
0.0217922315809
0.1331765137
0.0836706568461
0.13534250726
0.0448180569115
0.0454903518952
-0.0403624807567
0.019355858437
0.121663504423
0.0784827439375
0.123500503423
0.0754690034331
-0.00717213769218
-0.0179569522056
-0.0292663802491
0.0621813658467
0.177146575864
0.168774206253
0.142148482468
0.0380661076746
0.0310081672587
0.0569497310262
0.152993476236
0.290162555584
0.16048467446
0.223093262148
0.0168394290264
-0.00407178519262
0.0937380755875
0.077309651936
0.104033148051
0.116197323744
0.100836172433
0.0826271597382
-0.0739277297875
-0.0646422953214
0.0979926514509
0.122701436397
0.130108749213
0.163792367016
-0.00855075466456
0.0346639082482
0.0731504742447
0.194228180755
0.227862551534
0.172719691243
0.0226141732856
0.0283949211237
-0.0067186327603
-0.0511397338892
0.267422178382
0.219074351532
0.0576523895955
0.0235588105367
0.0187311306103
-0.0400684578637
0.0369507480563
-0.000260961154586
0.0536260338856
0.0733040323899
0.0250055079417
-0.0677323623478
-0.0753773886116
-0.0157783317985
0.122530164945
0.0736058228555
0.12809931658
-0.0374573668018
-0.0352070215052
-0.0634578356523
-0.035718326029
-0.0235051463014
-0.0177046356097
0.00210066547562
0.06229757108
-0.0335033824859
-0.0896202083134
-0.0713729031521
0.209520110213
0.14184781155
0.0525892297388
0.135162503005
0.0087813137262
-0.1040211775
-0.0584846884906
0.105206630837
0.000727235745929
-0.0538301613422
0.0114403838902
-0.0334971607209
-0.0808104268651
-0.0548558564389
-0.0299999139292
-0.0646822698958
0.0519376221508
0.00878703257387
-0.081571986995
-0.107515528809
-0.0477706367431
0.0457719070439
0.00922023071493
-0.0713729031521
-0.0555752193264
-0.0917909479164
-0.146355233026
-0.05176943434
-0.0335033824859
0.081166508674
0.11096193749
-0.0235051463014
-0.16469280374
-0.118931943593
-0.0387696314446
0.0341410858486
-0.0524004813187
-0.0245719725399
-0.020337760089
-0.0701963765588
-0.0859311842885
-0.0131881572686
0.0187982572792
-0.0119107705332
-0.017344765493
-0.0368689289596
-0.0374530692049
-0.0944982932316
-0.0713729031521
0.0259635059544
0.028888550617
0.0414422830318
0.0457020535095
-0.0489211366363
-0.085819037277
-0.0514747147363
0.173615246941
0.14184781155
0.21008358023
-0.00885267827579
-0.00707376202446
-0.0616622603881
-0.0148693865427
0.107864395961
0.146916885478
0.2271800093
0.178562312526
-0.0531758782494
-0.00932351961662
0.0460355300944
0.165538813926
0.154441946933
0.135133722537
0.028397156281
0.0702724415004
-0.0715810125583
0.0759102114009
0.137266088015
0.118315763577
0.172915116219
0.141962431858
-0.0221569136952
-0.00362227546508
0.106570450057
0.350556600453
0.283838782718
0.402025024613
0.086448138415
0.159502099438
0.202981311781
0.270617226767
1.27944905236
0.595757026813
0.387423997771
0.229247300828
0.128438458632
0.0735904660967
0.0947740545924
0.464861567383
0.252307256281
0.207315857077
0.143657978088
0.0540931243587
0.0291316995669
0.0457081286237
0.203441028148
0.226563613961
0.357352938199
0.181147825334
0.0519425342296
0.0364118538075
0.108801606317
0.313045721208
0.323865683381
0.206090800641
0.115188427259
0.00534595827959
0.000411064440108
-0.0144056961357
0.255413835627
0.191226822723
0.17396605676
0.153283884043
-0.0199694662003
0.0669309694077
0.116831686944
0.203136091648
0.179339460406
0.0587937159902
0.0523034105587
-0.0408416835527
-0.00671314912827
0.0403280674312
0.260219841377
0.190628252536
0.159502099438
0.160466835274
-0.0232380154349
-0.0463860007437
0.0693782686129
0.0884772431215
0.081670895888
0.146768620943
-0.0177473818938
-0.0407989957871
-0.0353588606763
0.0768411083149
0.220067186339
0.16038227406
0.17308686802
0.0760878283731
0.0209530871669
0.0450362162044
0.0322091300408
0.0871243043482
0.120027051299
0.163182318072
-0.0449190151256
-0.000921412163465
-0.117274340724
-0.107611359776
-0.00835017536526
0.0107282619563
-0.0543692836648
-0.0595269492591
-0.206377141872
-0.274889428879
-0.25412756316
-0.123116432606
-0.123663357593
-0.277588211189
-0.169374628884
-0.0930945926423
-0.142646698431
-0.14245100623
-0.113630772502
-0.0551515951588
-0.052857807378
-0.0856558070799
-0.0079912778629
-0.0289755312443
-0.0335834990832
0.116181839873
0.112280823323
0.00257422276116
0.0335226158962
-0.0582817416312
-0.062438036261
-0.0472832377871
0.0549395963608
0.142603403152
0.119785448974
-0.0212164442552
-0.0549074262812
-0.0447946947893
-0.0194458649591
-0.0191620612708
0.0661121903969
0.132428920043
-0.0401834024328
-0.0172369569077
-0.0998610176908
-0.0317485522378
0.0315148182328
0.0125605548402
0.00507089279141
0.0505193278182
-0.0414590298849
-0.0896025395908
0.0090036316444
0.0427061606584
0.122777399041
0.0353271455608
0.0420343766316
0.0277072296564
-0.00367175269197
-0.0326416950808
0.113865639049
-0.000735999716549
0.114870159313
0.0184605775883
0.0630581244904
-0.0595625777478
0.0188349321716
0.0635816746454
0.0692316944686
0.0486739801731
-0.00910100802406
-0.0503474872616
-0.0223853309017
0.114789512648
0.146417122288
0.15775319413
0.0820783168142
-0.0464694910824
0.00795200081167
-0.00495561746902
0.0347372256314
0.1690359
0.150187560345
0.166520920477
0.105159884032
0.0152474976769
-0.072254398612
-0.0119707079489
0.267647364126
0.253552544013
0.121609911265
0.0733702789934
0.0418582959077
0.0446472388936
0.03374372363
0.118686306307
0.115205735448
0.0138995262513
0.0193516048193
-0.0260134207155
-0.0975438032883
0.0726148639268
0.114847225307
0.238382085996
0.0875849998638
0.0877086736165
0.018820178561
-0.0423660072436
-0.0151891396161
0.34819359458
0.190665609552
0.325367605705
0.0656565655175
0.053303710873
-0.0159021934337
0.100971260479
0.141755665003
0.209801845221
0.231115872322
0.174879096829
-0.0528233640003
0.0261558289432
0.103666534464
0.124595111502
0.181626609579
0.178756901758
0.0555651752419
0.12693895661
-0.0784130179305
0.0533059657443
0.228068294278
0.21281210722
0.276403166485
0.0960792123087
0.0609850650263
-0.014186409399
0.085261183397
0.164511449552
0.177708065186
0.155209834396
0.126305910772
0.0319799462531
-0.0609563639294
0.1036760903
0.321376775249
0.0318863892177
0.169752976517
0.201604604489
0.0489051093533
-0.0591205851504
0.0231959793525
0.139582825913
0.199289758638
0.153569511942
0.0992791163377
-0.0157144625817
0.0503811011687
0.0883690266655
0.111071225502
0.124405933107
0.20237909627
0.0813313504197
0.0184421154673
-0.0497849749433
-0.0380849272135
0.0245024405869
0.086037504566
0.229705922037
0.10137201098
0.044744763702
0.0087813137262
0.0152227565996
0.167348512791
0.13772126155
0.168141277226
0.0837939764172
0.100532476776
0.105801999651
0.16332966088
0.20145862061
0.129430360529
0.126793925948
0.256826426517
0.0940220487864
-0.0380268730802
-0.0516220745381
0.00829980511721
0.133045582229
0.0744768163109
0.0122214936573
-0.0871788106232
-0.0235578154334
-0.00853969735422
0.00863973554597
0.0676742796252
0.0914032029635
-0.0132370164467
-0.0590154192887
-0.0634344424416
0.0508045425682
0.0469649250273
-0.0136187395052
0.144736934456
0.0477063768423
-0.00338447961091
-0.0627902563248
0.0576019265845
0.0813458519507
0.0258086614072
0.158351408434
0.0250055079417
-0.0197728404992
-0.0708002067659
0.0489957862496
0.0361492862187
0.077465895868
0.0530356218508
0.0520750149429
-0.108135625409
-0.0382622725505
-0.00647084498011
0.110450415413
0.050420971554
0.0620255349192
0.0487979408784
-0.0074608614066
-0.0764346596641
-0.0539476876227
0.0244965302208
0.0722677940576
0.0941965445871
-0.00359487460176
-0.0116093140842
-0.250384185169
-0.0689276994777
0.0420229980521
0.0754900614695
0.074591076384
-0.0366145859041
-0.138529815831
-0.227295365816
-0.07311738412
0.0305132722837
-0.0144715893143
0.0117429473556
-0.0247902644797
-0.0608674582853
-0.08066755721
-0.0533303412905
0.121147846848
0.064871012208
0.0687926507407
-0.00811608557396
-0.02670232155
-0.0699977564768
-0.0520849578293
0.0408613537451
0.0639762907576
0.0751283123274
0.0925897918212
-0.0130266214558
-0.0667766333582
0.0257321161952
0.000739333623525
0.0735440187572
0.220825894808
0.10645895236
0.019194077474
0.0118011344572
0.0626484716302
0.195757149475
0.213228155541
0.19803022722
0.0198629319691
0.0315148182328
0.0487572638777
-0.000260961154586
0.184125605477
0.167281416163
0.172766399778
0.19507946492
0.141658024482
0.0179424673771
0.109014198224
0.308396939011
0.177177017056
0.257106588146
0.0571179450368
0.148001793948
0.0405291117308
0.0486986025806
0.202040935641
0.252367341481
0.480911784174
0.396925767466
0.150976963084
0.085261183397
0.386658620418
1.15236382496
0.540437691095
0.433307229245
0.268379783976
0.128897259854
0.0596043503675
0.0940535466953
0.214784601122
0.190858396648
0.197765045703
0.156549756768
0.040937356329
-0.0153970087534
0.175003996754
0.222137642986
0.300379314381
0.261292151571
0.0330645586422
0.0806277457321
0.0716889549001
0.0634602712742
0.223267243761
0.357424695101
0.282929282776
0.10721423914
0.165744628475
0.01536994022
0.102580045369
0.400337562014
0.30664289461
0.262987030521
0.155793620195
0.112387214555
0.116293368287
0.21247767482
0.252774879924
0.240445859772
0.389282210189
0.211591185641
0.165898171083
-0.000159110402014
-4.42955207009e-05
0.152488322361
0.0612321865923
0.0597699416891
0.0613367338506
-0.0203442422227
-0.0496074584065
-0.0242010989607
0.165839700528
0.0210031242445
0.013283209723
-0.00525753040479
-0.105543988032
-0.163112019
-0.0379672276986
0.188436386221
0.0441795508882
0.0177681227313
0.0067282936525
0.0585887800508
-0.0526081031525
0.066155978545
0.120284876663
0.156781884585
0.0489433540838
-0.0197410904455
-0.0660593575985
-0.0624995749789
-0.131227017095
-0.0398375411875
-0.0245405837101
-0.072769973275
-0.0999486600771
-0.0972951963334
-0.260747602328
-0.234599098624
-0.149533547635
-0.104262906168
-0.116273974024
-0.214364990493
-0.140073034889
-0.135972473652
-0.183790423435
-0.0897391893349
-0.0765569135432
-0.103330548141
-0.279279818377
-0.0770182385131
-0.166558647494
-0.0853190327345
0.0723897451301
0.0310818386321
0.0301419629329
-0.027056765643
-0.0762426624326
-0.251037042671
-0.114184524784
-0.0514623964322
0.0114536625964
0.0244439381361
-0.0559741452156
-0.0430982201632
-0.102961112132
-0.0131709233722
-0.0453982657607
-0.0595379583014
0.015196686518
0.0234314378182
-0.0616022545183
-0.113373619644
-0.0158680259109
0.0391815638171
0.0520750149429
0.0499399287594
0.00341156411301
-0.0594432476935
-0.0543070458345
-0.104565240805
-0.0135146109538
0.142548410892
0.0879274775461
0.0229892949187
-0.0401038784119
-0.105954243926
-0.00433013144069
0.0368661284115
0.111943455933
0.100772299645
0.0520750149429
-0.0465086036395
-0.0847539541497
-0.0725385844394
0.0475427080723
0.0814712718185
0.0360026868564
0.0966718637166
0.0490899889033
-0.13545391533
-0.0392093139632
0.16410680876
0.0139384718128
0.0748134103357
0.0156636221703
-0.0382431056534
-0.0211931940856
0.00427683428349
0.081264740316
0.0439764272077
0.126458107349
0.0245428324885
-0.0436633938409
-0.0536281688788
-0.0645130821208
0.0677192522593
0.112966281522
0.137915246162
0.0281361552648
-0.00757548316973
-0.0280009552205
-0.0373690287955
-0.00145001991389
0.113402746417
0.0633966639275
0.0624767875855
0.0391274696096
-0.075476860192
0.0237465858914
0.0369023761006
0.10531705952
0.141726392712
0.112076570479
-0.0632783894564
-0.0595389677149
-0.0174536968272
0.106657047943
0.0610748344387
0.0974574576731
0.0797932120596
-0.0743530795249
-0.109057521134
-0.00651953212294
0.0609898289032
0.142394024601
0.123066209618
0.0773033111977
0.0136210445448
-0.103757361957
0.00350478119747
0.0662631837928
0.0270828044629
0.0983348503651
0.00723361317463
-0.018346651785
-0.0858893780422
-0.00457939167692
0.0583260656836
0.0996986052664
0.0371290600857
0.0507412292384
0.111514967988
-0.0021298240004
0.0107715265142
0.0780243038755
0.140853807398
0.113659421767
0.0193777412263
0.0821213722582
-0.0470963210494
-0.0287326399941
0.0983964545396
0.183315070343
0.0917770036074
-0.0489099389427
-0.0353345509874
-0.0931011571096
0.0169553600914
0.0977855370356
0.0228661825523
0.0801233780042
0.170676460137
0.0794712395842
-0.0221444958585
-0.0131250383714
-0.00580649074587
0.0100513950032
0.160753000856
0.0356242196791
-0.0272686778015
-0.189667938445
-0.0860438042277
-0.0737522116905
0.00981451898662
0.214078382339
0.0840927134588
-0.00628110205694
-0.0514680206983
-0.00423950508359
0.053585577238
0.268624314993
0.222542655564
0.263197080044
0.10081025891
-0.0796436452042
-0.0174766502687
0.105455368475
0.0877915839797
0.086461362968
-0.0113085880777
-0.0535981717083
-0.0404809012446
-0.0211198560844
-0.00687763257828
-0.0573056177175
0.0747268883747
-0.0614263504598
-0.061952429612
-0.0120663871639
-0.0622474261816
-0.0320468653984
0.00435801424789
-0.031035824931
0.0125725920946
-0.0549979614277
-0.137598773465
-0.0747973077674
0.0116410536538
-0.0473005839502
0.0718931695322
0.0646917012575
0.00102602286713
-0.0465928829922
-0.0245220296179
0.0643689173663
0.0372761463795
0.0365369874566
0.0244584223031
0.00315970656292
-0.0609099977344
0.00806501575109
0.0420652589734
0.145130340138
0.0416865865889
0.0174556373563
-0.0427427069739
-0.0780372389037
-0.0244591967
0.00373215976137
-0.0112384991673
0.0275543666596
-0.00767127024652
0.00305598597747
-0.154806616006
-0.0413544890719
-0.0349774352232
0.0130726902191
-0.0197009586954
-0.0751290542856
-0.100824566537
-0.102238438851
-0.0666026095225
7.73458203946e-05
0.0262426293486
0.0122820928778
-0.0714621215233
-0.166809576788
-0.0998610176908
-0.0616300798494
-0.03641688039
0.0349232198074
-0.016121013823
-0.0358921523638
-0.0213815882718
-0.0151662460313
-0.0396742874565
-0.0133004690849
0.163157348856
0.0522519324216
-0.00166644623278
-0.0105041848853
-0.0152039679035
-0.0172381415436
0.0395453843032
0.0634556939154
0.0618952446559
-0.00538351161695
0.00293555845069
-0.038001696116
0.0662772345256
0.130741672405
0.137685077169
0.0924728593693
0.076790422427
-0.0910851597441
-0.0566533124853
-0.0173362533063
0.192039375786
0.0823036591211
0.0157345117853
0.201277717288
0.048169529725
-0.0139881853175
0.0263467358995
0.0751345384308
0.0826037760082
0.0874044274613
0.0663378048584
0.0767095750212
-0.0111373873648
0.0613914159059
0.131286736496
0.132578562016
0.165744628475
0.0976354661232
-0.0141280630219
0.00556541677395
0.021547848334
0.375879201758
0.298431564063
0.363647587277
0.299060077712
0.111679986151
0.153296302751
0.401243024424
0.678101978719
0.308793219938
0.274423955687
0.249588462527
0.0897230029336
0.0522792254991
0.0426658852066
0.17379148509
0.179036801789
0.148951253852
-0.0145610542737
0.0453716970011
-0.0181952849138
0.157516160138
0.223287850458
0.163041881485
0.131663606518
0.0870821044487
0.0131460639498
-0.0332322172182
-0.00908942982532
0.0767902926922
0.300598534497
0.211875908115
0.157090778286
0.046253958103
-0.0108988786397
0.0445384285906
0.130978676623
0.174772040762
0.221075975566
0.0720159486665
0.02105462499
-0.0327568887901
0.0200494440662
0.178745938711
0.104669832821
0.127480173826
0.0111133120964
-0.0298642462366
-0.0290650527421
0.0224521086714
0.0161575697613
0.00947957768589
0.00853448264246
-0.0187426324955
-0.0899576396106
-0.195790439183
-0.0689276994777
-0.0673808510226
-0.0091039945589
-0.0185774563893
-0.0620620696733
-0.0504586546763
-0.132365146113
-0.0571868847113
0.047218951249
-0.00651121195568
0.0603237621205
-0.0300814028587
-0.0547800790017
-0.0566025398924
-0.0409608259964
-0.00395260108637
-0.0152254085079
0.0170311575887
-0.0322520778153
-0.0733141605199
-0.212528052071
-0.12506928064
-0.0569691329896
-0.0690949869175
-0.262901773609
-0.234676010404
-0.282360093484
-0.246252486261
-0.234676010404
-0.0653214311767
-0.350265400518
-0.277068999414
-0.527851258007
-0.499820505086
-0.241769430848
-0.187878236072
-0.135258223129
-0.14999872079
-0.0463643808922
-0.14964378933
-0.146355233026
-0.0904536826354
-0.0585946104756
-0.0584846884906
-0.106174841
-0.0597089855646
-0.0317525100025
-0.152718725924
-0.189314154445
-0.0975732478748
-0.121772957586
-0.053184836256
-0.0555247458923
-0.0701432935189
-0.163531456563
-0.152718725924
-0.0603417861304
0.0175283724976
-0.0174891684686
0.0850233654119
-0.178813833449
-0.0619754216782
-0.14964378933
-0.0463643808922
0.0495773556139
-0.00798027411273
-0.0701432935189
-0.053184836256
-0.0406167259603
-0.0516059078565
-0.0393756782731
-0.0323662789843
-0.00792651648715
0.00981465902169
-0.0653214311767
-0.0975732478748
-0.121772957586
-0.163531456563
0.065200016332
-0.0222436156466
-0.0428462200844
-0.0044321651776
-0.103781219713
-0.232520556369
-0.0370956679722
-0.0306823367269
-0.0935471943813
-0.0159043527426
-0.143235915775
-0.187878236072
-0.121772957586
-0.111812378353
0.00605088875105
-0.0248970516199
0.0321083739534
-0.0539512751802
-0.0306397999992
-0.120541794392
0.00981465902169
0.0475816216415
0.0621813658467
-0.00736226638032
-0.0088699047676
-0.14999872079
-0.0345391934648
-0.0428462200844
-0.0859311842885
-0.00798027411273
0.0567189827396
-0.212653889051
-0.187878236072
-0.357985104097
-0.125553757599
-0.0370956679722
-0.019111766513
0.00779806440583
-0.0215809122483
-0.241769430848
-0.0690776644043
-0.10049477195
-0.105343190343
-0.00175591119218
-0.14999872079
-0.0567255913642
-0.0412614043584
-0.06383613744
-0.212653889051
-0.05176943434
0.0200282939893
0.0130395913702
0.00954524006061
-0.130777695006
-0.0380917729064
-0.106174841
-0.00776342497892
-0.00617934083238
0.00628306742114
-0.0345391934648
-0.0285828785505
-0.14964378933
-0.0201567460706
0.0808226770502
0.0660451370371
-0.017183338144
-0.149077750935
-0.0301676942765
-0.0428462200844
-0.0653214311767
0.0547849091866
0.0270169966084
-0.0222436156466
-0.0222436156466
-0.0777841230469
-0.0523551144403
-0.0093380843502
0.021775469644
-0.0088699047676
-0.00561276793014
0.0444887531561
-0.121772957586
-0.189314154445
-0.0215809122483
0.0112924157154
-0.0306823367269
0.0341410858486
-0.178224483995
-0.232520556369
-0.136745897021
-0.0428462200844
-0.0444310358104
-0.0362967401599
-0.081571986995
-0.0368689289596
-0.053184836256
-0.120541794392
-0.0380917729064
-0.0254132470986
-0.0113980530371
0.00402937391476
-0.05176943434
-0.2064502472
-0.121772957586
-0.0859311842885
0.021775469644
-0.14999872079
0.0497302801204
0.000172517176796
-0.00268498952282
-0.14964378933
-0.0345391934648
0.0363945662148
0.0183320341775
0.3496829932
0.437542768447
0.388300811542
0.187458691399
0.467061872107
0.0663337539623
0.301236886239
0.119406458381
0.0257402054025
0.0704161418973
-0.0396306230704
-0.0379005873621
-0.00704573345841
0.00239635544262
-0.00882357089435
0.0472976724783
0.0496183741707
-0.0329832278506
-0.0538107855532
-0.0158186214137
0.00134731331729
0.0617368859427
-0.0758553842532
-0.0528478996629
-0.0678684022738
0.0118044147698
-0.195706610089
-0.022902853092
-0.0788096719191
-0.0629939339576
-0.120358396666
-0.124026939248
-0.143298412862
-0.00897283353326
0.00665115547906
-0.177689966525
-0.0544499037697
-0.00617515127469
-0.10144569216
-0.128212153719
0.00237604593529
-0.0312715289093
-0.00541497491647
-0.0293431005403
-0.0294165651739
-0.0505329886436
-0.0281621569282
-0.0283788863558
0.0463149458302
-0.152617524924
-0.0150469844073
-0.119324955106
-0.0595973989543
-0.078112702226
-0.0325017849054
-0.012951459404
-0.0611994030612
-0.0352005219867
-0.0261783488235
-0.0418537326891
-0.0914555476253
-0.115215429397
-0.0183247813169
0.0381773474259
-0.0560999082139
0.00881629338359
-0.105742470944
-0.147088934346
-0.0621636172456
-0.14104695471
-0.0602351888767
-0.0684871436178
0.00710075170002
-0.0862689718579
-0.117946965498
0.00047938772184
-0.094984133951
0.0518376958208
-0.0141331251169
-0.00648751715523
-0.020974424723
-0.0318174554456
-0.0582842645446
0.112153580548
0.0239957188812
0.0765240676298
-0.0286644433985
-0.0226657375883
-0.0505558125991
-0.02850835713
0.0461879219255
-0.0158441019575
0.0159081429678
0.0114366808689
-0.0554141179542
0.0563737897084
0.0921467283479
0.100364276564
0.0136895205376
-0.00327208312641
0.000864542077982
-0.0450352410097
-0.0422388870452
0.0160779707223
0.273298697616
0.160987244184
0.251699118043
-0.00144904064714
-0.0253772079973
0.23376054104
0.0357349537394
0.19818825878
0.102100127755
0.0719738576965
0.00593116422837
0.04390823879
-0.0296453077347
0.127699231197
0.129467528952
0.165679956618
0.315909550598
0.158851352907
0.0843353979888
0.0707055329725
0.55420286765
0.275318666577
0.237332616537
0.242249483957
-0.0477004044783
-0.051131288297
0.0654265422803
0.0629633891239
0.230219562945
0.220906157633
0.166504268283
0.11619170051
0.0117637487569
-0.00848873399981
0.0410496727233
0.0533034602517
0.196030814068
0.0385678404504
-0.0312715289093
-0.018421069906
0.191199796843
0.117284124052
0.0468299887639
0.213537508605
0.0652410348888
0.111753768647
0.00355698954745
-0.0204471151581
0.0724129537907
0.119439587199
0.238738108582
0.0139797145988
0.0721844396525
-0.0307659337145
0.0582976301252
0.0512015700261
0.0717802381345
0.0164885310903
0.0696179281204
-0.0607734301419
-0.04358958388
0.0444108205979
-0.0639973988786
0.00288793074186
0.101625774579
-0.181875113853
-0.248088137018
-0.245750938158
-0.0568960052848
0.0146616759848
-0.141880283591
-0.00852190901816
-0.167374666653
-0.163917063249
-0.110901329436
-0.145160505977
-0.0238670672765
0.0218554868227
-0.00328118042708
-0.0814479009354
0.035785037632
-0.0402350136124
-0.0550580500223
-0.0302428876866
-0.00357270278246
-0.0588450017729
-0.0882346346595
-0.154856428315
-0.0744199777192
-0.0907263790083
-0.0944497500625
-0.0216039065207
-0.0257954956455
-0.148053148531
-0.0933839759943
-0.0758940797957
-0.102061903655
-0.0473488237348
-0.0856994917757
-0.0786500245732
-0.208873111019
-0.1542300017
-0.0567034281067
-0.255192626307
-0.0899006195739
-0.0462241336389
-0.10075221663
-0.129076379796
-0.0908116188556
-0.134638724807
-0.0375907854853
-0.0752366429092
-0.16422881139
-0.0895096171017
-0.0828099524735
-0.0881848423965
-0.244086019988
-0.0437808327639
-0.16785947473
-0.120662926935
-0.159242665529
-0.0297632651275
-0.0800464755321
-0.0558355025113
-0.188349508165
-0.196085113911
-0.0493244583176
-0.0526374341878
-0.129076379796
-0.0934889161175
-0.115232631825
-0.282281638399
-0.0101377768196
-0.0554141179542
-0.0700625168836
-0.000485733651178
-0.0867329333352
-0.120053702748
-0.0529428599578
-0.0351029051035
0.00346964715848
-0.0978767765044
-0.11619684601
-0.307414504846
-0.0628745949311
-0.279944439539
0.00237604593529
-0.0208309412201
0.0359885091544
-0.0850409978159
0.0332360376348
-0.307414504846
-0.137746517353
-0.0647778358743
-0.153222222143
-0.147088934346
-0.00835017536526
-0.0495687744591
-0.0888831904866
-0.0864694255537
-0.0360925998317
-0.166410452469
0.0143630719113
-0.154116651029
-0.108483132534
-0.123893357057
-0.0950004658116
-0.0959483481355
-0.178371167578
-0.0286644433985
-0.00541497491647
-0.0680127635351
-0.217813801522
-0.0992015936099
-0.0306165665679
-0.0190223015536
0.0466119244749
-0.0462241336389
-0.0998052048734
-0.141303649239
-0.0480255004463
-0.033658576268
-0.000710578659073
0.0299960969858
-0.0285486395784
-0.123549947961
-0.194409898251
-0.114362049194
-0.0314009996834
-0.182038333116
-0.116897300337
-0.0391147131594
-0.209508398424
-0.0540996513203
-0.0875986908873
-0.0993307592219
-0.155706417721
0.0154819788907
-0.0783992767351
-0.132372508869
-0.220906232217
-0.207171199563
-0.0144715893143
-0.0956371873159
0.0295007735514
-0.0779565490424
-0.186322338292
-0.0455060480089
-0.117161060194
-0.0447463752426
-0.0454676015796
-0.0570893098242
-0.105742470944
-0.0367437959995
-0.180882526026
-0.199572625101
-0.208873111019
-0.0173632237207
-0.0702059407001
-0.141121395662
-0.127493489837
-0.17890379391
-0.185401669318
-0.121365919623
-0.102697847427
0.0129893700447
-0.154176604307
-0.175786382627
-0.353005840021
-0.11022331389
-0.0901630630285
-0.0978672593473
-0.0122506304429
-0.133217015976
-0.175314897043
-0.1542300017
-0.213779143339
-0.175235400636
-0.0940199197665
-0.0333697105009
-0.0584869776034
-0.209508398424
-0.339270807367
-0.345780169081
-0.22756291261
-0.147037027335
-0.0636994967158
-0.0636737579664
-0.0589694173237
-0.177981022682
-0.0533889971807
0.0359980124342
-0.0546131230328
0.0251717135225
-0.0478113941989
-0.204785264086
-0.225164236407
-0.0881974002269
-0.0653940473685
-0.081974903901
0.00229750800845
-0.0803778167556
-0.132049894733
-0.0989797648275
-0.222992751973
-0.456550544432
-0.127916128495
-0.183721972711
-0.204390803902
-0.101046647947
-0.0555752193264
-0.258129764998
-0.497888206814
-0.572295999101
-0.353206388477
-0.18578885583
