-0.340720297481
-0.378566892808
-0.0745933829518
-0.433713441574
-0.0961437571916
-0.338666124583
-0.342741563786
-0.226474274984
-0.407790049967
-0.197323396871
-0.22175934056
-0.358460995954
-0.314669384654
-0.432206473705
-0.160823065099
-0.424335627547
-0.439889741016
-0.446184080553
-0.412005907507
-0.347362689396
-0.415277733716
-0.408037475384
-0.541136324993
-0.45546327705
-0.278162220396
-0.414121297392
-0.296916880789
-0.34515126569
-0.535621626572
-0.459885858898
-0.453525649458
-0.240954207988
-0.339660849088
-0.117249004455
-0.40415674341
-0.413352053232
-0.482265169287
-0.452675512599
-0.394599008145
-0.32057615131
-0.43102196585
0.0220539328669
-0.435936041088
-0.447985028386
-0.367116561356
-0.504936944886
-0.495780582426
-0.602477734937
-0.624790469495
-0.603751218725
-0.420477885142
-0.585628132
-0.540561342797
-0.500508718682
-0.221326834601
-0.429057663599
-0.499867542657
-0.347939387529
-0.555048357339
-0.495065525166
-0.540459846403
-0.417449402672
-0.433537359374
-0.389908075446
-0.456616882897
-0.492467014727
-0.307121636244
-0.274253584416
-0.217814226738
-0.169645671157
-0.456292624231
-0.51084312483
-0.466126571706
-0.313396492656
-0.338362469591
-0.346850284021
-0.468102642397
-0.38104885309
-0.492609419358
-0.407190877887
-0.482056010772
-0.299159779895
-0.306512322171
-0.426429054644
-0.470227061999
-0.410833202617
-0.382413337511
-0.364398197379
-0.152363110903
-0.227058450685
-0.33396222548
-0.183876809057
-0.375559307295
-0.339081064034
-0.340783980701
-0.437059475295
-0.372866493803
-0.284579497176
-0.336435853572
-0.439276110943
-0.381244050316
-0.443753980742
-0.251280058578
-0.398874258957
-0.406822630615
-0.326152306964
-0.488264035471
-0.42061724811
-0.10097837945
-0.32866762755
-0.288622975666
-0.388209379073
-0.250576097607
-0.431627224925
-0.223683245679
-0.34497934231
-0.302905987462
-0.316418401843
-0.351848112197
-0.264342381278
-0.255543681409
-0.278828116675
-0.294672309647
-0.238179446713
-0.208354676133
-0.254042386069
-0.275235315588
-0.258138384617
-0.264057789593
-0.124738761123
-0.173262577809
-0.295373831096
-0.249331932443
-0.365440916423
-0.390582084501
-0.225003276774
-0.184529106606
-0.355042544366
-0.251140856669
-0.275210450999
-0.419353138986
-0.493296356812
-0.365876682562
-0.246064410139
-0.389712310632
-0.380844510057
-0.310564564321
-0.427322569141
-0.390384967879
-0.425633930034
-0.371308504086
-0.204814018117
-0.296482615247
-0.284123383324
-0.397699237936
-0.343740020497
-0.358989415124
-0.179545863449
-0.30143279794
-0.0302639905159
-0.286283772831
-0.357766735908
-0.3925255061
-0.346449833231
-0.224071792374
-0.171663868538
-0.22195379555
-0.299293515896
-0.297137528444
-0.334572263968
-0.365961622404
-0.340928293305
-0.327330897195
-0.324412407996
-0.328529309839
-0.418164510404
-0.567840382232
-0.427452554758
-0.253267243173
-0.255701535523
-0.445404330917
-0.291352315026
-0.372489620797
-0.444928152036
-0.494764151818
-0.44729883508
-0.356128976379
-0.232222034729
-0.238140970745
-0.338309169469
-0.223680783552
-0.340494589287
-0.333081434454
-0.342137897249
-0.235329900823
-0.306791148618
-0.396152631935
-0.370777615973
-0.489260661447
-0.377750892619
-0.273302244326
-0.392016751347
-0.358282939814
-0.363845807676
-0.508629238223
-0.458564129396
-0.419822692226
-0.343750347724
-0.378253538531
-0.307474735869
-0.395661663189
-0.436350587559
-0.378777881199
-0.229058104953
-0.358350241093
-0.223068850852
-0.370643679147
-0.330182606059
-0.33085100112
-0.491824159613
-0.366932641025
-0.361999597571
-0.415068708063
-0.290013336723
-0.327814020415
-0.506108506022
-0.402481703724
-0.251222548354
-0.377444395337
-0.456715786054
-0.331875918352
-0.451537972037
-0.356625051909
-0.444217343616
-0.398986058083
-0.368528607995
-0.340225360969
-0.405471465383
-0.0802364498039
-0.517589625015
-0.381764514681
-0.550259954346
-0.501417397939
-0.40555085332
-0.418502816481
-0.56761541599
-0.496192704082
-0.542747403313
-0.431490780303
-0.476369008844
-0.401596718613
-0.516724996147
-0.460828157155
-0.522508866574
-0.51261065781
-0.443536471785
-0.467195519298
-0.458529039397
-0.541788645534
-0.41577269918
-0.498824846131
-0.476094493158
-0.460688511194
-0.451728475529
-0.431621181242
-0.448904548529
-0.513385530003
-0.550731947721
-0.386405343696
-0.328648730969
-0.316775438613
-0.31209535123
-0.32314055145
-0.444078932616
-0.525174904466
-0.467463731759
-0.41249440892
-0.3720864047
-0.398727342354
-0.425906610221
-0.326846478689
-0.571901008522
-0.52001462757
-0.585489632901
-0.030180724749
-0.353187533106
-0.410643617845
-0.574570446718
-0.400694492167
-0.505794144804
-0.377748206846
-0.359543049976
-0.347261992057
-0.509773899013
-0.32390871127
-0.456372360794
-0.386648781728
-0.426373166301
-0.486009439033
-0.444085875682
-0.345722843439
-0.362040178557
-0.448270001316
-0.480370292891
-0.461788155199
-0.428200458385
-0.257225374684
-0.429312295323
-0.459646673373
-0.500563576305
-0.477143153815
-0.413305710993
-0.352643931847
-0.280998926714
-0.360034112716
-0.351048529106
-0.434720052678
-0.459332457663
-0.445565432382
-0.358363573168
-0.416374051484
-0.311471102224
-0.362314806416
-0.422703647327
-0.451333942267
-0.334724475883
-0.375426805031
-0.218317674931
-0.0903430987464
-0.284503636646
-0.222945847823
-0.300533196646
0.0362032961091
-0.14471592635
-0.0906391394364
-0.188022591687
-0.247769366662
-0.356814867991
-0.301904516943
-0.371063932234
0.0513837269608
-0.182007045389
-0.0902783536705
-0.172496430091
-0.38632284141
-0.164600281394
-0.109929456076
-0.349195092526
-0.357372885925
-0.232100709434
-0.276962351703
-0.405986453735
-0.392786941827
-0.26060454463
-0.150440779888
-0.25000226618
-0.368610681039
-0.250204251977
-0.395445354648
-0.380261455172
-0.331033383771
-0.264379408385
-0.212764851449
-0.283073776323
-0.402971115581
-0.505776281287
-0.344098130475
-0.364772511719
-0.26480198507
-0.173401811062
-0.334498961168
-0.396008608605
-0.346336651859
-0.316812298701
-0.161097837384
-0.324966768689
-0.16040175755
-0.349097222076
-0.227856510024
-0.352107925035
-0.232016838142
-0.292778685732
-0.175651491042
-0.339177481538
-0.275764354158
-0.106209317758
-0.307787109015
-0.170433215103
-0.280967892649
-0.29055893248
-0.11427313418
-0.306441679787
-0.349955314563
-0.374310914678
-0.348759922205
-0.126199747543
-0.153293954315
-0.260956045328
-0.156481549549
-0.384674001248
-0.422771194291
-0.288981612925
-0.386951228758
0.279360697381
-0.227588569958
-0.286838204163
-0.432986192019
-0.398629187405
-0.421395889774
-0.22879741566
-0.340826549408
-0.326567928806
-0.388644154023
-0.503596301954
-0.508224866093
-0.501244724001
-0.370070335682
-0.448534329716
-0.44056591995
-0.431960333257
-0.538426348442
-0.594480041647
-0.520997909752
-0.334158290149
-0.317818099497
-0.372210646382
-0.360225346402
-0.318082330538
-0.174502624976
-0.374161121933
-0.174140019399
0.0732321055056
-0.0847440268735
-0.186320094581
-0.287600846009
-0.253706796061
-0.337058594447
-0.23955641398
-0.278483151937
-0.294495847621
-0.178427478734
-0.300325850418
-0.351274943341
-0.240054610481
-0.284707540631
-0.158135180209
-0.222423774188
-0.241134638664
-0.389627800906
-0.306413239785
-0.359630300427
-0.327221642794
-0.162700446882
-0.147481718104
-0.239256016059
-0.132674579526
-0.318094677778
-0.278470119583
0.777176673578
-0.250810715845
-0.189791647414
-0.101573551223
-0.222918115753
-0.197137518545
-0.343554513087
-0.185091554951
-0.175946546359
-0.119778992865
0.00394799605397
-0.195349430868
-0.327022735052
-0.375919650446
-0.26188722009
-0.358343770343
-0.192834666313
-0.0215172649275
-0.268446925902
-0.291071730153
-0.186892078562
-0.0258805353792
-0.0964516843353
-0.175724838761
-0.230384991919
-0.2825011435
-0.349127672847
-0.0840521310308
-0.160028083889
-0.151948188525
-0.226720902121
-0.155662790199
-0.232789767277
-0.322446155673
-0.263832715625
-0.311205569143
-0.126615053471
-0.149416628674
-0.16050443448
-0.238525789569
-0.220955732605
-0.130792761937
-0.156709335854
-0.205580111522
-0.230097885488
-0.211383746322
-0.268274386331
-0.256765260649
-0.288585644102
-0.26762271286
-0.0545857336692
-0.153260767653
-0.175652357399
-0.229713442794
-0.387635952401
-0.323014106613
-0.403200799898
-0.192613719483
-0.185694662605
-0.332552151526
-0.238023173148
-0.32207971255
-0.249510261094
-0.148739891007
-0.0679398054329
-0.254669110783
-0.279123908514
-0.221131165353
-0.318756768806
-0.246948709552
-0.34027431263
-0.107606413306
-0.301636153736
-0.175548778439
-0.301071478265
-0.401496369893
-0.200590445317
-0.235056942678
-0.124851137767
-0.133368182681
-0.255942867694
-0.239676578994
-0.29956722993
-0.259550322507
-0.309991728585
-0.133795615982
-0.129357556518
-0.262978739883
-0.356438453374
-0.312917291674
-0.18530064832
-0.221453622714
-0.191467479158
-0.0923079332044
-0.13053723264
-0.293029826193
-0.384440299639
-0.198435433443
-0.17157557859
-0.140465899524
-0.0378519924724
-0.219146560476
-0.244189463163
-0.436213895864
-0.288969876179
-0.337587963543
-0.356080149067
-0.249277587233
-0.124895890242
-0.376239332195
-0.445413927107
-0.138305800144
-0.0123919439837
-0.0140723473174
-0.195668480312
-0.281634221192
-0.395736560453
-0.350527706501
-0.10079062405
-0.309864189466
-0.256590502152
-0.0714704968706
-0.311687558359
-0.424448356327
-0.187066547116
-0.229430043621
-0.203810472403
-0.0816471055214
-0.150995622431
-0.2359143441
-0.265068688556
-0.257464468015
-0.357632605097
-0.275811822959
-0.154323039853
-0.0936004450858
-0.221387137908
-0.212055833406
-0.0275333297836
0.0647976780542
0.137595327732
-0.11339694089
-0.148982254868
-0.170270917481
-0.168760127806
-0.283286104172
-0.268983740363
-0.193618249182
-0.0437214275666
-0.107226152625
-0.254930886149
-0.368951504301
-0.291629606017
-0.160326760966
-0.338184194654
-0.133022990498
-0.254941095451
-0.214681858821
-0.370116269603
-0.425909822775
-0.46916988665
-0.234245086504
-0.278475953266
-0.213991915287
-0.244401901694
-0.206646001313
-0.244106362282
-0.214057572016
-0.122237566561
0.0295899109874
0.035357717008
-0.188139042119
-0.305380895189
-0.265255765219
-0.299490129959
-0.411821442136
-0.137155269525
-0.055406642673
-0.0348663840247
-0.0414248567741
-0.384825013671
-0.229814114462
-0.347773921122
-0.273946817214
-0.238108102726
-0.192042398516
-0.0782105057233
-0.290286849079
-0.240805451023
-0.223765627048
-0.0365774226432
-0.17647828513
-0.294499929511
-0.0966348381257
-0.269387977796
-0.260795436105
-0.267422582502
0.32107013007
-0.164637340667
-0.219727708748
-0.157299471287
-0.0425989529812
-0.215451260983
0.0338585522322
0.0279669626754
-0.142314333112
-0.108602733713
-0.256403867353
-0.0661158237598
-0.146272707421
-0.196411536182
-0.0481762216336
-0.0299801820805
-0.132472354962
-0.299979205082
-0.226381920224
-0.391481509804
-0.174480019895
-0.150408065447
0.0501817408818
-0.0166413347958
-0.268991543863
-0.270841866201
-0.255547310307
-0.219445925074
-0.0926362453899
-0.112096930344
-0.247089308019
-0.14083731249
-0.358169243187
-0.118815274604
-0.186842413043
-0.154984096161
-0.133234378307
-0.212077255165
-0.0587002115397
-0.210526087994
0.0125965357803
-0.124479071072
0.0268093964703
-0.0190726677403
-0.0368226972234
-0.146802615539
-0.116417324827
-0.195016403379
0.150719716332
0.461330696981
0.221895582543
-0.0504681893053
-0.0526461442924
-0.213726514578
-0.079899707607
-0.0554372823996
-0.0302386496078
0.0372277548553
0.0969895654567
0.0404156668052
-0.167581680505
-0.144523113774
0.0331299941596
0.0131580069871
0.0139115246393
-0.0593177055136
-0.0679415892898
-0.136660846416
-0.093249994283
-0.0102134543348
0.0782899981548
0.199414981594
0.0558603799009
0.0594801591868
-0.0910501008095
0.037992160045
0.0830545330674
-0.0539996362111
0.0475302513328
0.0543212474301
-0.148731264054
0.0509623019504
-0.200690984928
-0.104007417905
0.00383962300556
0.0283884423373
0.0957724338296
-0.107472759935
-0.0815929420072
-0.0596283726663
-0.00964724266827
0.142493831222
0.0912235279561
-0.0211666783012
-0.175877233659
-0.41648348505
-0.150572384995
-0.0200773194687
-0.0936331901363
-0.337803101292
-0.173285449649
-0.267347061716
-0.262146469221
-0.24655448165
0.102070898014
0.214487429987
-0.0901121474547
0.063405210435
-0.116922007505
-0.252823655014
-0.132456736324
-0.000869428326409
0.0961990727803
-0.01567901334
-0.0776738433667
-0.00664010482906
-0.296547707765
-0.398888321954
-0.25613741844
-0.170425827222
-0.0670624839953
-0.123710753805
-0.0666019108684
-0.226215993064
-0.144470269463
-0.130067207795
-0.230576843147
-0.247367024495
-0.186371785625
0.0846990013989
-0.241655664292
-0.073281969591
-0.255260671736
-0.155037042675
-0.086258514477
-0.235487461718
-0.234822495923
-0.391815658736
-0.00319933960287
-0.0868418794566
-0.0614914078721
0.110026263945
0.449359957523
-0.00330722763089
-0.110911410861
-0.0516898516425
0.0076655287656
-0.153727104587
-0.106977551998
-0.0432679734826
-0.195820554769
-0.102265208472
-0.186937670645
-0.246629987827
-0.12126822799
-0.0629713444468
0.023448649771
0.105905293757
-0.176085212242
-0.10271969123
-0.138567340865
-0.0621703053146
-0.000826706537761
-0.0652703236015
0.0317030364987
-0.0759800773585
-0.135224786177
-0.094137306423
0.110671509329
0.262763110387
0.179988978537
-0.125835922258
-0.13699824447
-0.121663026977
0.106673151943
0.041254373774
-0.0051124409442
0.0319232670513
-0.0299943938022
-0.185217572936
0.00134492506458
0.089300632057
0.0531508476894
0.0784122963855
0.180942691645
-0.0871476434394
-0.0470613571552
-0.0116258060983
0.0265270161332
0.0558595172691
-0.0139627874097
0.0282642896067
-0.0356037836625
-0.11253174721
-0.0726581813214
0.0713584467589
0.0795950224089
-0.0335814198136
0.143187316535
0.0860342947962
-0.109464119526
0.318979533754
0.106448711875
0.105067985504
0.0947561483355
0.233635636312
0.190519451202
-0.191400286633
-0.147092611024
-0.121294855383
0.0333208827812
0.216127751187
-0.052216385306
-0.00601747358316
-0.196606402371
-0.120534228111
-0.173410441035
-0.0458753863005
-0.056369102152
0.0914400537587
-0.0905315247558
-0.149136932892
-0.138993773687
0.0418222537326
-0.146054624618
-0.0350491891288
-0.0836766007427
-0.109989671199
-0.077961337688
0.0582413303489
-0.0125743157952
-0.0319366137036
0.362580495237
0.203917683064
-0.159522933694
-0.192846436801
-0.193796258755
-0.0565043190333
0.141822382812
0.0943189997766
0.0418020624453
0.0833452944962
-0.21568145292
-0.157108774962
0.0413857926833
0.0091838614044
0.0107614424365
0.0244791602833
-0.0994920346191
-0.0935822023619
0.0543153345306
0.248822896273
0.152431676658
0.0825272616783
0.0335007917787
0.115585871128
0.191743642327
-0.0781840423755
0.0316968039899
-0.0833781339852
0.0530331113721
0.0172156894018
0.0857600147851
-0.2513794964
0.240249728762
0.1647219373
0.0382360449172
0.0935885676377
0.0899989814408
-0.0383782996895
-0.0881067695058
-0.0196524488098
0.0113295808082
-0.0237580896134
0.11268237735
0.0764580313193
0.0255075045142
0.211568628949
-0.229676554262
0.0253833821972
0.0250879867311
0.13568665791
0.427344158799
0.954629098239
0.259651538718
0.201855780252
0.486385765341
0.180924904768
0.265907859612
0.157902929945
-0.0280552297005
0.0739402655939
0.145536297793
-0.0286099641649
0.293430682965
0.264078914127
0.219699285966
0.131043802344
0.0727918679271
0.282247032806
0.313653655882
0.274996534878
0.139031065801
0.0360381748107
-0.0355981647846
0.102855882343
-0.0463234331089
0.147264317697
0.183440543954
0.142012265156
0.227145199438
-0.0956364996422
-0.0888251203302
-0.10755799928
-0.095029442601
0.0404993552299
0.000186996069726
0.107471552626
-0.235526375099
-0.0764435395716
-0.0609294906179
-0.0983685577224
0.103096129411
-0.0784620132597
0.0489496106585
-0.0949037080752
-0.0590607289575
-0.051108578105
-0.0309641017766
0.0125353925169
-0.0203098569695
-0.197961414745
-0.156979573121
-0.108574133085
-0.127166168786
-0.0582417714161
-0.00458562320335
-0.0802173233737
0.221155100597
0.11729632438
0.0952949461397
0.0379057155338
0.242666419782
0.074297699749
0.383386098946
0.218310121251
0.134910999044
0.132872240483
-0.139674399538
0.212724560322
0.19404206617
0.162115582865
0.0794694369266
0.182022437643
-0.140239876038
0.0716554136186
0.0881459716155
0.0849379492735
0.0635016249934
0.0863852551729
0.0680826376799
0.0584077122654
-0.0753065102351
0.152586706637
0.296268535949
0.242332640265
0.153815772833
0.0807522463674
-0.0689305874803
-0.078660155526
0.0294719515969
0.0548728775822
0.0963354400732
0.194387731816
-0.176968969392
-0.144621006564
-0.169456677998
0.104769947108
0.139744805071
-0.00224689047682
0.161699288172
0.0479366762871
0.108526227479
0.398152495714
0.430790286331
0.0677811183566
0.167786129529
0.335867738141
-0.0952269464972
0.205998224943
0.131051141068
0.08418105838
0.32044680558
1.35015380028
1.61611242163
1.18270435303
0.62223835147
0.294410033793
0.919281222305
1.51477347668
2.48059142049
1.6381507027
1.14807726422
1.13029072873
0.992325927763
1.18952288961
2.23540204459
2.94688051473
2.38333305689
2.57279243421
3.44579264681
2.65767149064
4.91055544199
12.9559455796
5.52897059112
3.09910580609
1.84209011294
1.25067924315
1.00329346182
1.07167912448
0.95843771032
0.721178551161
0.593719287218
0.621986843675
0.432042276435
1.03284122431
0.522073427068
0.878276420155
0.648216016816
0.416619639077
0.210422205111
0.402382653644
0.375138881256
0.472715722171
0.358876079447
0.446818707599
0.439218792065
0.320851897794
0.363963612644
0.0711022131846
0.445082646358
0.945496377659
0.781806847226
0.48487728372
0.615371378848
0.2543234014
0.0394707729422
0.262698910857
0.461032505056
0.53434327525
0.364988536996
0.615065227518
0.344259231938
0.132134776003
0.435667898287
0.610236388786
0.592626026869
0.353060442805
0.161422454795
0.195426193545
0.376598979621
0.112894244068
0.4460583846
0.477859776986
0.134301092587
0.388704412045
0.147588873086
0.10998587642
0.273756149477
0.307656094427
0.291913567925
0.317918793541
0.304078592644
0.433366707632
0.225936305905
0.293240502001
0.394308848236
0.376315881322
0.18126205581
0.261093520456
0.0187218751789
-0.101977569279
0.0244571598799
0.200904133016
0.269243725396
0.17590410767
0.407930152357
0.0405810276752
-0.0273659209254
-0.0699195269037
0.66712756627
0.00981397339758
-0.123252443921
0.0266146952554
0.0204490275656
-0.0675916650072
-0.088238962507
0.171930688681
0.394529298972
0.453621809974
0.366249079377
0.380966491661
0.100824639323
0.199441895737
0.341022110652
1.11250657934
0.675760477121
0.662968935138
0.570604516174
0.44385299208
0.29020368253
0.581918690971
0.477950859743
0.419033041674
0.366847431182
0.294563963202
0.486229406427
1.55278389725
1.78813966119
1.1419531287
1.16566284762
0.475731482653
0.340164574227
0.582581986498
0.30122689495
0.674904435392
0.490574980157
0.484983662233
0.441738824514
0.3626388974
0.527772930641
0.366532368455
0.422239324177
0.448319553752
0.498179930974
0.33077561983
0.459505736915
0.362203343816
0.383864416293
0.870902660955
0.578860017463
0.594316142486
0.343454597625
0.237816386357
0.245181566821
0.931976687359
0.655401208468
0.812668136876
0.652214943661
0.569179172064
0.138798209873
0.536219664958
0.266478403229
0.563121943318
0.462409072251
0.474138689769
0.867328860416
0.247106314026
0.252417564551
0.490169933114
0.51241301217
0.71259170352
0.683286141368
0.238216986115
0.186349686383
0.619961948573
0.58357953243
0.399043312094
0.296710822371
0.566067215986
0.367022556801
0.192085584123
0.132586352317
0.567217043134
0.48304363159
0.595802783969
0.451878179292
1.35070201439
0.261480912785
0.212179221023
0.246637577279
0.325693968465
0.29565436461
0.549854938497
0.398007855314
0.383568360679
0.203818724772
0.576089831458
0.601145281264
0.557859176092
0.604732003226
0.315852578871
0.433613193951
0.420340184279
0.34804333007
0.27384685494
0.511776971541
0.446255852244
0.364541368394
0.196340506738
0.0720251614827
0.301416450556
0.521727476723
0.606905843206
0.498497552476
0.402430281596
0.366601591287
0.357690062065
0.400328765557
0.473462188938
0.46385521709
0.441443316363
0.21504931755
0.309122401013
0.354320017326
0.477973737338
0.45097149051
0.816895080006
0.45534470433
0.480999628939
0.451433264591
0.290660244626
0.41693135978
0.369724382603
0.433872153408
0.351855860325
0.233340458156
0.373968737852
0.356452084241
0.595720942146
0.657519505663
0.569746958281
0.472883813071
0.360619244733
0.179518228738
0.274220657398
0.39662022225
0.54467131195
0.447293733839
0.344468610223
0.427240526465
0.288951941613
0.269628848334
0.204177791992
0.2599537252
0.37088187644
0.345160034827
0.303235851453
0.119404248298
0.260258239649
0.327528815225
0.430324555473
0.522575084924
0.384083880435
0.353626683234
0.410966784017
0.100562129657
0.247798443831
0.527866785939
0.357997827951
0.634476266747
0.409764729186
0.198082787209
0.275618808307
0.409534623338
0.589903079479
0.684715724971
0.23495277991
0.204914153554
0.152788272599
0.240321311211
0.268025946159
0.312563432429
0.153936373029
0.490004964263
0.201753498784
0.0638313085303
0.27142208572
0.526744912635
0.324297952828
0.270768716473
0.238998439513
0.413913567174
0.189018234677
0.240754262953
0.16636197445
0.342633616659
0.180433625457
0.188550740784
0.385154749979
0.378833669571
-0.0346055824692
0.312024527195
0.29670603892
0.23879029837
0.246726785203
0.365532430568
0.0907647033139
0.33205580606
0.319191902117
0.153573738616
0.26846300115
0.168113690632
0.062554102274
0.135161795986
0.023638050897
0.257336296303
0.443537395657
0.519655697002
0.451536464856
0.35023266338
0.0921500457422
-0.120381300057
0.267170854593
0.423256568434
0.319520923186
0.304046990857
0.195678646901
0.206953564407
0.115137056725
0.254944295013
0.498220259479
0.586080883181
0.586227050041
0.306940692309
0.261714960674
0.23244334338
0.198744898952
0.459436887444
0.281647827739
0.505931407391
0.588036582764
0.039508925872
0.230774680797
0.345717258084
0.357719864487
0.428482128126
0.37204739937
0.82146260902
0.643908810177
0.118146149634
0.446645026656
0.324744806597
0.306040272848
0.333985427562
0.324922191065
0.101940811963
0.133669202845
0.309916149253
0.45627542335
0.569046914119
0.499290706209
0.131865789289
0.165787016034
0.319802408333
0.572799865697
0.363246162495
0.468717902947
0.473449261495
0.539497193101
0.479230954482
0.249005092869
0.449153483179
0.448849136064
0.407335284798
0.294862815812
0.365583015285
0.20454664073
