-0.100692642435
-0.100190493195
-0.101307243714
-0.0980300493856
-0.0921319047527
-0.0851235948589
-0.0874188375302
-0.0990737426753
-0.100692642435
-0.0878753127311
-0.087188306544
-0.0878316019496
-0.0878753127311
-0.087024012974
-0.0884911156205
-0.0955192583812
-0.0904317210416
-0.0946857107876
-0.0894602749959
-0.0873496593127
-0.0890080064635
-0.0966764613599
-0.0955192583812
-0.0886459384728
-0.0875009665192
-0.0946857107876
-0.0910640389784
-0.0899178564232
-0.0979569921558
-0.0913659725021
-0.0968402416364
-0.0984035353123
-0.0991381974465
-0.090827706383
-0.0860269899212
-0.0886459384728
-0.0972716233949
-0.0975607753558
-0.0977976899123
-0.086716791188
-0.0913659725021
-0.0873091631009
-0.109166816079
-0.102247087424
-0.104657495273
-0.105774245792
-0.0991381974465
-0.110492528303
-0.098942209573
-0.0966058958028
-0.102247087424
-0.103078232962
-0.102756308599
-0.101305273275
-0.109299120232
-0.105415581787
-0.0980382151323
-0.109923544283
-0.0994705344618
-0.104743769988
-0.100740884137
-0.103309488858
-0.103717135616
-0.104990873604
-0.104270579869
-0.104990873604
-0.105326779504
-0.0995480888739
-0.0969932435848
-0.102232919056
-0.103115622998
-0.107592021155
-0.104990873604
-0.102425543778
-0.0937647414033
-0.09841563194
-0.103673998258
-0.092824926524
-0.104434119381
-0.106769236443
-0.0998773698503
-0.0989716263074
-0.101998872479
-0.0927647608047
-0.097149300338
-0.107816879177
-0.104990873604
-0.104272651201
-0.0989771401603
-0.0920955546645
-0.101651977617
-0.0895040472497
-0.102517653516
-0.10022272058
-0.10470063263
-0.0963582024613
-0.0928747196936
-0.100215533339
-0.0984255807692
-0.110118678258
-0.104990873604
-0.102232919056
-0.101558318334
-0.101543574966
-0.10387470527
-0.0988874917128
-0.104203866715
-0.114147327738
-0.0952684229992
-0.0920220438964
-0.104947736246
-0.105401272315
-0.0996927205755
-0.102979312966
-0.107843348607
-0.10833563807
-0.0977703723067
-0.0967879156757
-0.0912826239962
-0.0986185841906
-0.113720095291
-0.103830985727
-0.098968626742
-0.0970164437955
-0.0983164762854
-0.095694181648
-0.103243945497
-0.112248406495
-0.104081842217
-0.101233989652
-0.103452291348
-0.100504738262
-0.0998806247487
-0.105326779504
-0.107259082342
-0.102850730785
-0.101147050284
-0.0985475948012
-0.101844965634
-0.0981487459867
-0.0965444925844
-0.111233951345
-0.102835264057
-0.100550388761
-0.0997030989226
-0.0992028032636
-0.104018140463
-0.103904720374
-0.107931935923
-0.108334133729
-0.102293976561
-0.0974805003561
-0.101418406409
-0.102811136562
-0.103588600357
-0.100816001687
-0.100407027036
-0.0991113640858
-0.0984596199842
-0.0922333452145
-0.0947984394254
-0.0964125238089
-0.099068607062
-0.0979569921558
-0.0977405654354
-0.0964125238089
-0.101897451879
-0.0911003573028
-0.102247087424
-0.0953769414484
-0.103540744753
-0.101792479389
-0.0904842635412
-0.0967594812931
-0.0988478897278
-0.10379738975
-0.103078232962
-0.101724690315
-0.101897451879
-0.0984314331516
-0.0985569265379
-0.102247087424
-0.103010960326
-0.1008899325
-0.109427541902
-0.103268124688
-0.100316834089
-0.1008899325
-0.0964125238089
-0.104124468773
-0.106980727443
-0.105415581787
-0.101307243714
-0.0972887950126
-0.101897451879
-0.0990893637561
-0.0920476494451
-0.103010960326
-0.10895457587
-0.100162761603
-0.102247087424
-0.100783943432
-0.099881520381
-0.101792479389
-0.111172488959
-0.110492528303
-0.110164065136
-0.0960293074687
-0.0908904464664
-0.112427628262
-0.100939360939
-0.105365792666
-0.103447288727
-0.106791192444
-0.101897451879
-0.109210844394
-0.0950875294347
-0.10523797722
-0.103268124688
-0.112424788139
-0.102423994234
-0.101897451879
-0.0988411887895
-0.104283264656
-0.10523797722
-0.114270742252
-0.106980727443
-0.104283264656
-0.107627168373
-0.101724690315
-0.100939360939
-0.101737142856
-0.101897451879
-0.113416277358
-0.112240305903
-0.103268124688
-0.112240305903
-0.106647476575
-0.112427628262
-0.116582122659
-0.114023913223
-0.105365792666
-0.103010960326
-0.109159632758
-0.11027265706
-0.107929160485
-0.112240305903
-0.111929043529
-0.109166816079
-0.109210844394
-0.111863259656
-0.111172488959
-0.112800950271
-0.11027265706
-0.115895000407
-0.110271001342
-0.108836994348
-0.0986759423741
-0.0994767876132
-0.104878374464
-0.114147327738
-0.11010074897
-0.108525657552
-0.103815138355
-0.0999936345371
-0.0996247844866
-0.111505084677
-0.103250010334
-0.111372642151
-0.101691571839
-0.104243310397
-0.113412431747
-0.101341205944
-0.105636691302
-0.108037464139
-0.111006403595
-0.112444478112
-0.111257533788
-0.101307311407
-0.102579671415
-0.108413540024
-0.113076163935
-0.11033829443
-0.109388329134
-0.101393692189
-0.103775694672
-0.114147327738
-0.109935503243
-0.114339254415
-0.114147327738
-0.112677535756
-0.103439882688
-0.0991666752952
-0.103423677942
-0.102850730785
-0.104740696303
-0.11294358644
-0.110769713067
-0.110408917763
-0.104296444265
-0.111628083758
-0.10298068188
-0.11032829672
-0.111243528763
-0.106184237439
-0.11284311709
-0.101455453894
-0.0999366535941
-0.104905552605
-0.0996187170261
-0.105356597023
-0.10725780508
-0.0987360711872
-0.102162344093
-0.0967207194625
-0.0968123823455
-0.106130321032
-0.110214059322
-0.103191092794
-0.101568509962
-0.0990286997623
-0.0942420824028
-0.0980649919011
-0.099585996036
-0.0997276204234
-0.0917175167149
-0.101774750143
-0.103304619723
-0.100075217494
-0.101873429514
-0.101710981755
-0.0963451023027
-0.0988475619922
-0.0927093364364
-0.0893158451656
-0.0878200911318
-0.0977002051233
-0.0994556455761
-0.0952088074554
-0.0927507714962
-0.0851812233268
-0.0882712152767
-0.0907980887076
-0.091982130902
-0.0989652762728
-0.0941966431828
-0.0975492508686
-0.0945408015386
-0.0873799096769
-0.0896776690784
-0.0988127667999
-0.102850730785
-0.110384513009
-0.0955664744281
-0.0903388790753
-0.0931367123131
-0.0967474846433
-0.0994043162157
-0.107456922862
-0.0984389695567
-0.105598642586
-0.09505951048
-0.0899284917069
-0.093877470984
-0.101656963367
-0.102846059461
-0.0961980480656
-0.0962209156388
-0.0988127667999
-0.0896309729414
-0.0927652951361
-0.0958603090111
-0.0988953187489
-0.0984681044294
-0.0917708750551
-0.0903255904871
-0.0943526225714
-0.09133382277
-0.0940089810728
-0.0978841073089
-0.0969605474776
-0.0966771098641
-0.100280821516
-0.0927374599192
-0.0952007392893
-0.0947444245958
-0.0951578177693
-0.0927817666905
-0.0959596028295
-0.0922102314095
-0.0965440703389
-0.0898151653411
-0.103243945497
-0.105169142519
-0.103684543965
-0.0941966431828
-0.0930626349574
-0.0935795876584
-0.100999943075
-0.100356741389
-0.0985472524838
-0.103063139925
-0.0986990576637
-0.094484398
-0.0968527769698
-0.0971418298636
-0.0979612350139
-0.114147327738
-0.112388162329
-0.105755781601
-0.0928987747886
-0.0988564500858
-0.0994234623277
-0.103634122238
-0.102871616592
-0.101540305072
-0.112899062718
-0.114959456815
-0.115329988747
-0.105044310112
-0.114147327738
-0.107936440165
-0.116672739486
-0.124057598776
-0.114147327738
-0.112216031435
-0.113750021657
-0.118471335473
-0.115364162524
-0.126428167423
-0.120648915047
-0.119875265831
-0.112287581242
-0.108223872409
-0.11388994288
-0.113685658026
-0.113048791891
-0.113766528366
-0.111323135256
-0.114147327738
-0.108425653541
-0.108286729887
-0.106967767778
-0.112565668667
-0.102011212146
-0.105514125072
-0.108048898527
-0.107219642223
-0.103387305
-0.114503102632
-0.115708584345
-0.112902580494
-0.107857592166
-0.107378896023
-0.1053941351
-0.108898269293
-0.109367981152
-0.113967967596
-0.114147327738
-0.108564408069
-0.105570019229
-0.0992215238948
-0.107371077796
-0.0994979800119
-0.114147327738
-0.0985576308309
-0.109882375874
-0.0988028145509
-0.102467173008
-0.10720628807
-0.115442461241
-0.114607750626
-0.111706530526
-0.103740591919
-0.100603383294
-0.102998279912
-0.109818823186
-0.113600761529
-0.110962913611
-0.101593224182
-0.102059183251
-0.105100177216
-0.0972293727927
-0.112520628087
-0.112654660035
-0.113397989236
-0.107116538526
-0.0997231549202
-0.105422109549
-0.10916640457
-0.102675034515
-0.105016774685
-0.117565964249
-0.115023922736
-0.0984149645958
-0.108934126013
-0.109651782456
-0.105431500422
-0.107232356728
-0.107801687559
-0.108193995872
-0.107862145043
-0.0968527769698
-0.102973059203
-0.097211997047
-0.112447953568
-0.11770604139
-0.114544999063
-0.0974778590501
-0.111124015723
-0.0965240511543
-0.10954923939
-0.116245820897
-0.115854033366
-0.113412431747
-0.098990200573
-0.101284996112
-0.0974421261175
-0.100519001398
-0.111445614854
-0.110038929457
-0.104835614343
-0.0982137183376
-0.100544645562
-0.0994043162157
-0.102391270476
-0.106313792393
-0.104362152021
-0.11027265706
-0.0990893637561
-0.106980727443
-0.101524511631
-0.0957851443806
-0.11027265706
-0.100614052057
-0.0975901746102
-0.0963299096438
-0.0998219273961
-0.0960661864875
-0.110441809699
-0.116886489627
-0.114023913223
-0.102611312798
-0.101011936442
-0.1014490551
-0.0963038811137
-0.11401012935
-0.0985569265379
-0.112107996084
-0.108693823886
-0.102690501243
-0.10945032048
-0.112800950271
-0.102462476253
-0.106980727443
-0.116871313423
-0.0974307143643
-0.0992543993179
-0.106760608463
-0.107929160485
-0.110715140776
-0.112424788139
-0.111975374387
-0.114023913223
-0.114270742252
-0.100239057028
-0.105365792666
-0.109210844394
-0.114110376642
-0.117281724933
-0.112159436499
-0.104426108639
-0.110090279437
-0.0988411887895
-0.102690501243
-0.10562837773
-0.124004612561
-0.118907971544
-0.114270742252
-0.10379738975
-0.0986623664083
-0.110090279437
-0.122350512677
-0.114408844365
-0.106980727443
-0.101724690315
-0.115419321804
-0.105448387807
-0.110492528303
-0.114270742252
-0.112424788139
-0.116050490404
-0.0952164011967
-0.100316834089
-0.103801532413
-0.114270742252
-0.114270742252
-0.128684674553
-0.109299120232
-0.10992683555
-0.108477750859
-0.116530740522
-0.114846413483
-0.11808279743
-0.118437745135
-0.114023913223
-0.111975374387
-0.116208557526
-0.11097107209
-0.112240305903
-0.121323690974
-0.120743457547
-0.118512959463
-0.112240305903
-0.114764977086
-0.12430679958
-0.114023913223
-0.133230551145
-0.12953994275
-0.114831996059
-0.114843384118
-0.120718391409
-0.100465443073
-0.114626790304
-0.119530117751
-0.122298521972
-0.111737116852
-0.107757528368
-0.107224034742
-0.110382592682
-0.108396839914
-0.11323608674
-0.120529820262
-0.112148285142
-0.0962250128361
-0.109704366622
-0.109429559052
-0.126903663867
-0.114373212198
-0.126108135533
-0.123357958757
-0.122534414855
-0.115199812277
-0.11936334636
-0.121878187824
-0.114067144933
-0.131023742008
-0.12936020308
-0.111671556454
-0.107967651656
-0.101710981755
-0.108927998017
-0.121172005853
-0.116863613709
-0.116685035256
-0.108613101288
-0.0983365581069
-0.103878409824
-0.112886322534
-0.127226345457
-0.11954517564
-0.104981153296
-0.103246016828
-0.113492726178
-0.111233951345
-0.113805967284
-0.114626790304
-0.124105373857
-0.11872435262
-0.112501135714
-0.0979612350139
-0.0952937303054
-0.104030212497
-0.114012011659
-0.117066643917
-0.109568839972
-0.0975589435811
-0.0935888238018
-0.0913181100887
-0.0932642264398
-0.103693694638
-0.104169696811
-0.0984149645958
-0.099078985409
-0.0970165081037
-0.100164442515
-0.10184614251
-0.11246845676
-0.113919497703
-0.0985179892374
-0.093667779546
-0.0998255240032
-0.0997413209457
-0.106060184985
-0.100544645562
-0.100467398232
-0.108694591483
-0.0975308514052
-0.0941152934902
-0.0936975671183
-0.092102474572
-0.0930618527499
-0.09268853943
-0.0852206151422
-0.0815924874693
-0.088119976069
-0.0881572938346
-0.0936942222352
-0.0987738969276
-0.0971732306191
-0.100839567165
-0.0879714451189
-0.0918798627015
-0.0915794128865
-0.0931450643731
-0.0947175490585
-0.0998906584104
-0.0997030989226
-0.090004310422
-0.0897171457482
-0.0887642286997
-0.0983287475664
-0.0986996397834
-0.0960095670858
-0.102926836917
-0.0909825374385
-0.0881009440823
-0.0892888178295
-0.0980756124542
-0.0983374265641
-0.0969598297103
-0.101379691547
-0.0913230899097
-0.0949815443745
-0.091737975428
-0.100430543225
-0.101207222065
-0.107172744632
-0.0979683473967
-0.0911110108559
-0.0914636758562
-0.0936315719818
-0.0986512281543
-0.0958066946536
-0.10256680209
-0.0932459593217
-0.0927921940241
-0.0948231693731
-0.0891266108969
-0.0978675442561
-0.101094564039
-0.101568509962
-0.0999843931353
-0.0975677837705
-0.0959219817377
-0.0964176883641
-0.101230050938
-0.108079447408
-0.111614913711
-0.0948191544857
-0.0909817076606
-0.0884237803321
-0.0948456318383
-0.100636908821
-0.100504738262
-0.0993798993705
-0.0977367337382
-0.089228732993
-0.0946629559802
-0.0938982736298
-0.101708185066
-0.100356524701
-0.103904870914
-0.103568420349
-0.10243606544
-0.101844965634
-0.114682724948
-0.110969138674
-0.111179380896
-0.114067144933
-0.1118747933
-0.117684436729
-0.126673034881
-0.117692136443
-0.111219315365
-0.123272992773
-0.13054590043
-0.10992683555
-0.131655604555
-0.121964047611
-0.139213257739
-0.137465273002
-0.130391879461
-0.148914237756
-0.142610446988
-0.124114372386
-0.11027265706
-0.10992683555
-0.129454921493
-0.1319533912
-0.134122109019
-0.134851267278
-0.116141868981
-0.111975374387
-0.113150253982
-0.128574612283
-0.131571180705
-0.131358834325
-0.129096423963
-0.121607385562
-0.114110376642
-0.121964047611
-0.12065510245
-0.137323844443
-0.131687334959
-0.128688006039
-0.109483906247
-0.118037212127
-0.111492486319
-0.114023913223
-0.122148990086
-0.130032400122
-0.131715258948
-0.109751734493
-0.110960046989
-0.118037212127
-0.119457164051
-0.116539198748
-0.144575540948
-0.113588021345
-0.11364572449
-0.113055896122
-0.128461218527
-0.116539198748
-0.127006213598
-0.13372456496
-0.125656506589
-0.110453109575
-0.118550353976
-0.104426108639
-0.118907971544
-0.142174832343
-0.127876777963
-0.113550957985
-0.10678547859
-0.106921782344
-0.115782489593
-0.134473867314
-0.139358076548
-0.140397814491
-0.117102325911
-0.107752930612
-0.112356786816
-0.105619206792
-0.125656506589
-0.115229667384
-0.117281724933
-0.125888631533
-0.105365792666
-0.110492528303
-0.104084108756
-0.129454921493
-0.136887311838
-0.149546826264
-0.124097951371
-0.112427628262
-0.115419321804
-0.124852849952
-0.120767488308
-0.144338573209
-0.135542853906
-0.113998432855
-0.111975374387
-0.118907971544
-0.105279651689
-0.118037212127
-0.13580111651
-0.129766191259
-0.120028235476
-0.120028235476
-0.122208538075
-0.115419321804
-0.128688006039
-0.124097951371
-0.147434088377
-0.122957092571
-0.11280143148
-0.114110376642
-0.109210844394
-0.121777023561
-0.134851267278
-0.129766191259
-0.127800968465
-0.105415581787
-0.100389455474
-0.128688006039
-0.114577657428
-0.126298643245
-0.126542633839
-0.111125552286
-0.0897723156762
-0.0896626088823
-0.0989908673173
-0.107199792412
-0.13103380552
-0.140602532983
-0.0995728224364
-0.101520740938
-0.100740884137
-0.107654745965
-0.0981030304548
-0.119346157288
-0.130391879461
-0.116918136581
-0.106986737788
-0.105790202659
-0.107654745965
-0.11280143148
-0.125656506589
-0.129766191259
-0.114023913223
-0.105790202659
-0.102802424847
-0.114023913223
-0.122957092571
-0.128688006039
-0.140484778866
-0.12029336761
-0.106980727443
-0.101520740938
-0.10992683555
-0.125987364667
-0.142610446988
-0.148304004935
-0.10992683555
-0.118429711483
-0.100956983552
-0.10373814511
-0.121299099999
-0.125860235036
-0.115419321804
-0.1025124064
-0.0988411887895
-0.124004612561
-0.101042614418
-0.118037212127
-0.129096423963
-0.121607385562
-0.119660587433
-0.112767198325
-0.114819255874
-0.10776732049
-0.123272992773
-0.131655604555
-0.121299099999
-0.113055896122
-0.112356786816
-0.113055896122
-0.117229254381
-0.128461218527
-0.116884585927
-0.116530740522
-0.12391460197
-0.118907971544
-0.109547366936
-0.112308921379
-0.129571479987
-0.136887311838
-0.133230551145
-0.132629877556
-0.130391879461
-0.124581937934
-0.125210057468
-0.133773329088
-0.147244992772
-0.142738183501
-0.140602532983
-0.10845883126
-0.13103380552
-0.112356786816
-0.124852849952
-0.132899411841
-0.161799173836
-0.143310790841
-0.141687447214
-0.129044969277
-0.142856036376
-0.13378704304
-0.166702184253
-0.165990888857
-0.143005844397
-0.114346174397
-0.127845444076
-0.128244487252
-0.128892215001
-0.143641426383
-0.137578249517
-0.133575705182
-0.133562684139
-0.125957670425
-0.121093623555
-0.125954773196
-0.141191063752
-0.137299419853
-0.147991753283
-0.112899062718
-0.125267302113
-0.11381078613
-0.144127028158
-0.158364241297
-0.143975103806
-0.136087555861
-0.120309350461
-0.122948536416
-0.137506351019
-0.141252451644
-0.139120947958
-0.14610037271
-0.129217759031
-0.119909059502
-0.122840854537
-0.125996031675
-0.130188885413
-0.152159956047
-0.138798251436
-0.131571180705
-0.128505876666
-0.109160098784
-0.114503102632
-0.117665329667
-0.129071463766
-0.130909490962
-0.119185498392
-0.111392551938
-0.113678929454
-0.107112848895
-0.107317736704
-0.130555263024
-0.123146796787
-0.111904817481
-0.0932130752426
-0.0924102397671
-0.0852683924633
-0.104745311693
-0.108500946483
-0.129899629956
-0.0939175832266
-0.104040619264
-0.100163015961
-0.0855771605628
-0.0958588603278
-0.102354900739
-0.114310333438
-0.0881624876676
-0.0855851744174
-0.082063633027
-0.0834683370276
-0.0809576489264
-0.0875179240421
-0.0844736935153
-0.0806341435872
-0.0809515165733
-0.0560870578127
-0.0531655905101
-0.010623809321
-0.0393516127367
-0.0252279832842
0.0969186229653
13.7643661011
7.04169064231
3.84590225548
2.19907946345
1.38156174295
1.05949530718
1.0538092189
0.933905667708
0.749780735944
0.537490563272
0.462282563676
0.382912561005
0.306020772401
0.353392071369
0.376353432958
0.352538889574
0.32297223789
0.229503532215
0.205401954587
0.218745997193
0.238083576302
0.264678950019
0.244611585026
0.224055016719
0.175995846919
0.146756392865
0.127414334384
0.171472583155
0.193313059769
0.178948018352
0.172335159607
0.121604794433
0.113977441931
0.119085819168
0.152578665098
0.156037604805
0.155101404653
0.130362906929
0.108195971829
0.0877590714907
0.0807517045603
0.134302879038
0.133185380014
0.122876820296
0.106392100164
0.0784226286534
0.0652847629853
0.0648689539741
0.0749140523364
0.0807597782175
0.0779612670168
0.0726762876945
0.0463356061053
0.0400375907722
0.0625037058832
0.101272571273
0.133115327109
0.125387356004
0.0999420893583
0.0784895573935
0.0778703402013
0.0949731020485
0.181552487601
0.197290961383
0.190675917465
0.177025504919
0.164100502299
0.115621401244
0.0722843265106
0.107751112795
0.107871285666
0.0859063966715
0.0535412554977
0.0531696927468
0.0272127689845
0.0124108798826
0.0445495714379
0.0248567079825
0.02033645579
0.0125782462788
0.0113559777573
0.00107909528734
0.0158165787852
0.0358179143575
0.0486318647512
0.0481142977809
0.0283242705488
0.0311398185576
0.0230304573482
0.00686041595428
0.0419572717708
0.0544030639259
0.062469373942
0.0733258896901
0.0555965556949
0.0322666766021
0.0216590797772
0.0464143439622
0.0606646603117
0.0583314818956
0.0534420335894
0.0442655625029
0.0225317101894
0.0258580861559
0.0514264529319
0.062960698664
0.0620595386336
0.0581942859551
0.0569394666804
0.0532969628247
0.0399785736584
0.0534735392409
0.0690517066949
0.0751969987388
0.0670523731862
0.04266354919
0.0325814434072
0.0169705615006
0.0357542080348
0.0783763827264
0.0576853396907
0.0582565511986
0.0446081909118
0.03262198045
0.0184801722453
0.0365386607631
0.0635574259433
0.0454197110727
0.0508599622578
0.0380916303927
0.0285354806631
0.0164071564784
0.027709466623
0.0516190321096
0.0560173753786
0.0588987407706
0.0418054321635
0.0368367511725
0.0292613837918
0.0523990187273
0.0430667616397
0.0682897552761
0.0584428255715
0.032417871657
0.0305296919352
0.0163826208399
0.0341857786798
0.0568607493837
0.0752436145015
0.0606398738494
0.0370909096779
0.0317956185703
0.010560009605
0.0448886333336
0.0659509215571
0.0562840075975
0.0747037344441
0.0365781196175
0.029857566165
0.0255865370628
0.0294210739493
0.059793009768
0.045455717442
0.0608677793952
0.0335659332456
0.0289160558049
0.0213076143808
0.027892406178
0.0636820946324
0.0617757935554
0.0604143690031
0.029211514749
0.0209489017487
0.0212598363903
0.0340784283148
0.0373940153993
0.0530640808023
0.0376128746459
0.0220444479111
0.00397553859355
0.00725160845122
0.0304315884749
0.0562681636932
0.0553698945571
0.0344860835099
0.0372450872304
0.0134980526984
0.0146513729696
0.0214040004447
0.0464512413568
0.0442776997555
0.0472196091443
0.030788696699
0.0136246109247
0.019252759622
0.0237489765712
0.0400764036696
0.0534674308813
0.0413695968288
0.0246987871056
0.0232885513518
0.0205097279796
0.0337119378808
0.0428827275324
0.0457587584027
0.0433008759931
0.0265460406016
0.00821981606724
0.00738182765641
0.035115547314
0.0403918818225
0.0569722798999
0.0380727264198
0.0202016155436
0.0111660555117
0.0182607495465
0.0303951592653
0.0516610265627
0.0478992743693
0.0227676242565
0.00990517158502
0.0129989264647
0.0148356050917
0.0253534185926
0.0390046216312
0.0373832660957
0.0429305905157
0.0221620446732
-0.00485436022558
-0.00917062844688
0.00327662593226
0.0317287623468
0.0266545154761
0.0207175012708
0.00190507627963
-0.00143225344293
-0.0108921837875
0.0101067455364
0.0284377319523
0.0219936886266
0.0375808204997
0.0107453295984
0.00134032058797
0.0062637986736
-0.00251588252193
0.0235987489691
0.016783376376
0.0212311278126
-0.008118344291
-0.0221810355161
-0.00610569320481
-0.00358393486932
0.0261733838367
0.0128804763189
0.0150209350631
-0.00594600658173
-0.00873623457908
-0.022869073113
-0.00178581710559
0.00796448730557
-0.0121810384018
-0.00193058357625
-0.0203793598842
-0.031661450993
-0.0321462570432
-0.00750020008038
-0.00757346171256
-0.00120816314667
-0.00303319800258
-0.0328599281609
-0.0340385898095
-0.0326540371614
-0.0305835018596
-0.00762497910847
-0.0249697547535
-0.00834870808168
-0.0223252314366
-0.0351381121687
-0.0387651116225
-0.0138977050929
-0.00981798465315
-0.00174661531656
-0.00396615314854
-0.0249697547535
-0.0309615050071
-0.0445284239792
-0.029406128929
-0.0138977050929
0.000603326167604
-0.00185865160621
-0.016205052011
-0.0250589238087
-0.020939100272
-0.00859746695439
0.00894476085489
0.018684650533
0.0046032389868
-0.0106925350443
-0.0265345691083
-0.0354603765474
-0.00944997489771
0.00722637593362
0.0147747999683
0.00174248588082
-0.00221779084933
-0.0095817038119
-0.0316740861987
-0.0177579063968
0.00274280047918
0.0121082253376
-0.00602815163678
-0.00307333449848
-0.0116707598843
-0.0104124344796
-0.011290007598
0.013372191305
0.00491936185938
0.00426566520333
0.00269925870413
-0.00482358954093
-0.0160179277592
-0.0067603787991
0.0153880066687
0.0174124363688
0.020385350486
0.00432507035499
-0.009525596558
-0.0140550568574
-0.00358641204815
0.0253380783808
0.0257673058319
0.0258940010549
0.00744577125988
0.00461049347828
-0.00562473181166
0.0148326994262
0.0305681290817
0.0239290026396
0.0325184761449
0.0119748485414
0.0121313681641
0.0103565633821
0.0115706094249
0.0429969997774
0.0455809330648
0.0530486165567
0.0338004266111
0.0179476045725
0.0188783180437
0.0407618515533
0.0379974671365
0.0386746487919
0.0361606914545
0.0271802945514
0.0275744164513
