-0.42512089072
-0.168387190187
-0.366543865952
-0.345828960593
-0.326211644997
-0.470385155342
-0.423948563531
-0.345322115939
-0.423948563531
-0.42512089072
-0.100614052057
-0.219269805341
-0.205585412311
-0.286341716173
-0.239213365873
-0.423948563531
-0.470385155342
-0.356435733316
-0.433714926802
-0.416771543342
-0.345322115939
-0.383090063933
-0.42512089072
-0.190932440717
-0.447142605005
-0.423948563531
-0.423948563531
-0.42512089072
-0.419110204846
-0.412913687113
-0.470385155342
-0.383090063933
-0.205987219125
-0.470385155342
-0.223981473533
-0.253819630518
-0.408987365978
-0.479930493143
-0.472652616018
-0.162775745392
-0.353973080427
-0.451430866004
-0.42512089072
-0.423948563531
-0.412913687113
-0.45775177456
-0.444799934001
-0.423948563531
-0.42512089072
-0.423948563531
-0.470385155342
-0.423948563531
-0.42512089072
-0.42512089072
-0.464133947797
-0.522833690084
-0.431469945417
-0.481704545516
-0.423948563531
-0.489171993849
-0.433714926802
-0.479778574595
-0.503332941315
-0.449786601349
-0.424152423042
-0.43496041236
-0.408814724625
-0.363413589722
-0.373935572106
-0.259062049439
-0.424534727125
-0.467808719672
-0.473456383539
-0.419017288916
-0.373935572106
-0.424534727125
-0.395246214741
-0.438251562991
-0.470176999221
-0.447753023031
-0.474017679788
-0.424534727125
-0.424534727125
-0.434830207347
-0.431469945417
-0.424534727125
-0.464068464951
-0.417124390142
-0.457146442284
-0.420857835644
-0.39141756114
-0.370988311341
-0.427154469038
-0.483518829316
-0.351777418556
-0.428831745166
-0.394397578749
-0.270472338112
-0.425007963183
-0.495262165422
-0.463016205554
-0.418431125322
-0.44248080256
-0.185420569356
-0.424534727125
-0.318313073774
-0.424534727125
-0.472409624807
-0.370869348196
-0.343171656965
-0.424534727125
-0.479778574595
-0.403445479314
-0.424534727125
-0.419017288916
-0.382215909605
-0.393216589453
-0.464133947797
-0.424534727125
-0.387101420537
-0.344235301493
-0.449786601349
-0.431469945417
-0.288678926138
-0.457146442284
-0.392003724734
-0.420857835644
-0.328242270858
-0.464133947797
-0.429417908761
-0.304377212866
-0.379453010315
-0.363142975097
-0.479778574595
-0.458710177423
-0.303725387512
-0.420857835644
-0.347522797487
-0.372343395519
-0.342896784245
-0.36853157218
-0.441501815486
-0.484861814984
-0.427154469038
-0.418431125322
-0.482849802792
-0.420857835644
-0.424152423042
-0.44248080256
-0.47118502913
-0.336679190809
-0.431469945417
-0.26934062078
-0.305615275699
-0.473456383539
-0.393216589453
-0.49109796477
-0.403519313732
-0.381174744025
-0.201401413987
-0.330031985095
-0.293791323854
-0.334957457099
-0.402969524889
-0.266976765709
-0.423948563531
-0.417767107758
-0.334957457099
-0.423948563531
-0.42512089072
-0.423948563531
-0.356435733316
-0.225558983581
-0.356435733316
-0.353973080427
-0.383090063933
-0.476527611736
-0.356435733316
-0.383090063933
-0.423948563531
-0.423948563531
-0.392718062012
-0.334957457099
-0.353973080427
-0.489171993849
-0.42512089072
-0.424356282554
-0.372313484972
-0.299800170441
-0.291963609209
-0.42512089072
-0.353973080427
-0.334957457099
-0.417767107758
-0.42512089072
-0.405836035497
-0.436602798935
-0.423948563531
-0.343438515174
-0.423948563531
-0.477650204235
-0.470385155342
-0.162775745392
-0.423948563531
-0.454874350975
-0.455647255766
-0.470385155342
-0.437819000115
-0.391441935264
-0.423948563531
-0.423948563531
-0.423948563531
-0.42512089072
-0.433714926802
-0.412913687113
-0.34048325568
-0.334957457099
-0.423948563531
-0.248215493218
-0.42512089072
-0.42512089072
-0.423948563531
-0.42512089072
-0.358886558749
-0.423948563531
-0.513871169846
-0.42512089072
-0.423948563531
-0.470385155342
-0.388251057723
-0.296389794105
-0.423948563531
-0.42512089072
-0.470385155342
-0.489171993849
-0.423948563531
-0.470385155342
-0.412913687113
-0.325592509053
-0.489171993849
-0.42512089072
-0.455647255766
-0.42512089072
-0.470385155342
-0.423948563531
-0.42512089072
-0.42512089072
-0.470385155342
-0.444799934001
-0.423948563531
-0.470385155342
-0.42512089072
-0.540291205587
-0.495470736552
-0.540680543132
-0.469968843101
-0.513871169846
-0.417767107758
-0.42512089072
-0.334957457099
-0.477865664784
-0.489171993849
-0.412913687113
-0.423948563531
-0.424356282554
-0.42512089072
-0.42512089072
-0.423948563531
-0.470385155342
-0.423948563531
-0.437819000115
-0.423948563531
-0.353973080427
-0.406395545283
-0.476527611736
-0.489171993849
-0.486072508876
-0.489171993849
-0.403343114972
-0.417767107758
-0.470385155342
-0.42512089072
-0.489171993849
-0.486072508876
-0.423948563531
-0.423948563531
-0.42512089072
-0.493874366031
-0.477865664784
-0.540680543132
-0.447035199504
-0.457882740253
-0.285787729354
-0.470385155342
-0.455647255766
-0.470385155342
-0.470385155342
-0.489171993849
-0.433714926802
-0.437819000115
-0.417767107758
-0.479930493143
-0.278319123955
-0.42512089072
-0.489171993849
-0.389123850871
-0.34048325568
-0.278319123955
-0.262394750399
-0.455647255766
-0.479930493143
-0.470385155342
-0.423948563531
-0.405836035497
-0.176297915685
-0.342822247464
-0.232095914082
-0.470385155342
-0.429188047356
-0.366543865952
-0.356435733316
-0.257688982992
-0.297542510767
-0.375791312125
-0.423948563531
-0.417767107758
-0.42512089072
-0.389123850871
-0.313662294252
-0.353973080427
-0.417767107758
-0.343438515174
-0.423948563531
-0.42512089072
-0.321663045669
-0.200387408002
-0.205585412311
-0.424356282554
-0.42512089072
-0.232095914082
-0.423948563531
-0.168387190187
-0.176297915685
-0.100614052057
-0.319037522861
-0.428609135379
-0.313662294252
-0.42512089072
-0.423948563531
-0.170890156039
-0.284083787028
-0.451382235262
-0.42512089072
-0.42512089072
-0.252035460147
-0.42512089072
-0.42512089072
-0.375791312125
-0.42512089072
-0.470385155342
-0.191872350559
-0.278319123955
-0.42512089072
-0.325592509053
-0.321663045669
-0.470385155342
-0.42512089072
-0.423948563531
-0.423948563531
-0.423948563531
-0.205585412311
-0.42512089072
-0.477865664784
-0.470385155342
-0.284083787028
-0.444799934001
-0.416771543342
-0.423948563531
-0.408987365978
-0.437819000115
-0.444799934001
-0.358886558749
-0.42512089072
-0.424356282554
-0.423948563531
-0.252035460147
-0.337516735849
-0.42512089072
-0.470385155342
-0.356435733316
-0.423948563531
-0.42512089072
-0.423948563531
-0.423948563531
-0.417767107758
-0.424895035646
-0.262394750399
-0.261785956812
-0.299800170441
-0.261785956812
-0.321663045669
-0.285787729354
-0.3516070798
-0.20503116811
-0.345828960593
-0.302337386664
-0.423948563531
-0.423948563531
-0.42512089072
-0.4287618635
-0.423948563531
-0.42512089072
-0.437819000115
-0.423948563531
-0.495470736552
-0.551170054341
-0.470385155342
-0.520624851078
-0.582704756411
-0.489171993849
-0.540291205587
-0.470385155342
-0.437819000115
-0.462151242776
-0.424534727125
-0.493050214437
-0.474125410063
-0.488580282427
-0.440375063153
-0.479778574595
-0.464133947797
-0.354021406558
-0.352790080114
-0.424534727125
-0.372779792093
-0.462808049433
-0.424534727125
-0.325862984619
-0.424534727125
-0.336923146239
-0.360432426055
-0.198509111998
-0.424534727125
-0.4923213652
-0.440384073243
-0.424152423042
-0.424534727125
-0.424738586637
-0.260008800531
-0.324840188777
-0.424534727125
-0.424738586637
-0.399536555341
-0.437875870192
-0.2804038077
-0.26904914155
-0.395797086347
-0.457592544671
-0.431469945417
-0.424152423042
-0.368218504008
-0.30458054006
-0.206222758837
-0.38422529707
-0.470141531951
-0.458763880173
-0.20888036359
-0.217281596579
-0.233135849619
-0.341960885427
-0.45459322114
-0.424534727125
-0.431528808302
-0.419017288916
-0.302873416349
-0.256303916226
-0.333496163385
-0.318724454689
-0.348643741634
-0.279893659865
-0.197981804413
-0.420857835644
-0.348643741634
-0.424534727125
-0.370254349268
-0.261110536349
-0.426865013049
-0.363699195963
-0.224770228557
-0.402661254354
-0.320350284265
-0.431469945417
-0.428472877565
-0.431469945417
-0.176007393943
-0.221176788224
-0.351314635912
-0.354957051696
-0.358964356808
-0.412259277691
-0.324572555381
-0.251859600207
-0.300210563339
-0.209813114436
-0.201353393419
-0.40505399355
-0.420857835644
-0.424534727125
-0.308742430163
-0.264258602461
-0.311769316771
-0.424534727125
-0.381174744025
-0.298638321557
-0.359898183143
-0.301821269974
-0.283369973484
-0.415350005577
-0.398131024252
-0.398131024252
-0.420857835644
-0.340393208846
-0.387590994801
-0.321204384202
-0.370282525782
-0.400852713995
-0.436078045112
-0.452512672629
-0.420360053437
-0.407695249398
-0.424534727125
-0.280745631028
-0.429417908761
-0.484551243496
-0.494582644859
-0.375080104264
-0.371112069075
-0.364374609144
-0.367476405732
-0.351279636348
-0.409832567368
-0.419017288916
-0.447753023031
-0.37531760748
-0.309351060818
-0.424534727125
-0.372892219821
-0.401465483456
-0.475365848033
-0.406363495415
-0.362040653985
-0.459702713157
-0.392119199631
-0.345247182063
-0.364803553275
-0.512533157962
-0.400428585846
-0.420215118028
-0.363837759555
-0.347280598918
-0.424534727125
-0.439997620847
-0.482927945947
-0.343156108137
-0.451385547477
-0.373391968194
-0.261110536349
-0.345675503917
-0.440384073243
-0.466268199059
-0.331250645223
-0.317157052685
-0.340919719847
-0.321101237017
-0.316953264977
-0.253031578835
-0.424534727125
-0.401963265664
-0.447753023031
-0.397688807351
-0.33425425621
-0.378084016139
-0.382711549647
-0.424534727125
-0.44754486691
-0.415350005577
-0.342200441495
-0.334884269003
-0.458899249271
-0.460908010673
-0.506932232858
-0.314374390476
-0.447753023031
-0.336669723911
-0.295271351893
-0.420857835644
-0.333496163385
-0.429417908761
-0.267630208263
-0.382215909605
-0.344465268763
-0.285794421992
-0.407695249398
-0.361604257411
-0.437210899525
-0.497732016211
-0.424534727125
-0.425007963183
-0.395246214741
-0.431469945417
-0.478229052439
-0.424534727125
-0.431469945417
-0.289789526604
-0.425007963183
-0.403519313732
-0.482849802792
-0.462629753158
-0.454102077728
-0.395040296365
-0.424534727125
-0.424534727125
-0.319028433728
-0.212973195792
-0.461950019864
-0.455596699798
-0.27519656462
-0.243822042512
-0.298309983888
-0.270492298769
-0.337720356389
-0.404860486256
-0.365575133352
-0.420857835644
-0.47118502913
-0.344633737884
-0.347411681419
-0.371689949833
-0.429417908761
-0.41345904421
-0.419692147182
-0.447753023031
-0.43811162343
-0.396233482921
-0.424534727125
-0.439257430401
-0.445917566752
-0.46381966944
-0.424534727125
-0.442427099809
-0.440428765904
-0.440384073243
-0.45598716763
-0.493951999813
-0.42694137711
-0.400088901476
-0.410555111365
-0.420857835644
-0.430861844827
-0.451341337127
-0.479778574595
-0.260793489553
-0.333935924691
-0.396038714956
-0.349679659497
-0.292935568533
-0.438251562991
-0.488929480327
-0.424534727125
-0.352156992606
-0.353595214929
-0.378490786531
-0.337818063048
-0.424534727125
-0.304950868356
-0.384309560771
-0.357231192954
-0.36611352272
-0.318313073774
-0.231086682407
-0.333935924691
-0.325695341325
-0.420857835644
-0.292612998486
-0.319092468124
-0.420857835644
-0.283954409655
-0.221176788224
-0.273478565914
-0.404106739303
-0.34328226845
-0.310457930767
-0.333496163385
-0.29533331729
-0.294485466854
-0.333273857309
-0.364882196276
-0.233685684561
-0.312913096762
-0.106094513773
-0.157787684159
-0.165581467789
-0.163524480891
-0.117374062703
-0.0754099888483
-0.173089125512
-0.103491050068
-0.115903068494
-0.246265514984
-0.291017408509
-0.293811086772
-0.22554971941
-0.244189657521
-0.103871270765
-0.22353262232
-0.15868824111
-0.28514483002
-0.268902493819
-0.246955996518
-0.0996222692082
-0.191299563118
-0.173743783322
-0.310457930767
-0.187935387102
-0.221213138877
-0.162235871098
-0.290598869934
-0.131507270314
-0.0998761247519
-0.326803059769
-0.224321377344
-0.2061614068
-0.241066034737
-0.27293487192
-0.131767511939
-0.103871270765
-0.303551025983
-0.363321339625
-0.255269800733
-0.287930817361
-0.146005058229
-0.0966600802837
-0.308990558658
-0.233617064807
-0.166184392713
-0.224605110009
-0.160612021713
-0.210819500048
-0.0865475896437
-0.272647944832
-0.30458054006
-0.214290412594
-0.191022775366
-0.256861161975
-0.304377212866
-0.22201661064
-0.283899577842
-0.289789526604
-0.289789526604
-0.169557964583
-0.127258102826
-0.111560665718
-0.128625303936
-0.0907938040552
-0.231086682407
-0.117797105678
-0.22353262232
-0.11118518221
-0.243457484311
-0.115589805904
-0.251462512855
-0.215785193649
-0.33195762438
-0.234557953185
-0.298602915653
-0.282330420064
-0.354498390229
-0.402177811189
-0.427154469038
-0.436131747862
-0.292900692888
-0.343156108137
-0.327288718976
-0.276879479876
-0.305522602391
-0.31884484841
-0.218840663196
-0.34604516774
-0.114815509877
-0.227589842594
-0.275780435984
-0.355246819275
-0.222361484516
-0.360579360271
-0.233135849619
-0.09341405395
-0.0912500363943
-0.0871441679172
-0.131877787153
-0.197981804413
-0.217951655133
-0.118888942441
-0.19694671649
-0.113797916988
-0.106334688867
-0.0845338493094
-0.132821249519
-0.118371330184
-0.0793804663225
-0.0784204346552
-0.0867733532668
-0.0538760544548
0.014813752511
-0.0937638166356
-0.0880637454618
-0.129572147944
-0.0709812937873
-0.0970420042674
-0.100816001687
-0.0878162902968
-0.17977326974
-0.246940935447
-0.0926521557535
-0.122395689569
-0.128057135355
-0.0819291483095
-0.116515880408
-0.10228223995
-0.202986410156
-0.162637065311
-0.142383229364
-0.116021159995
-0.0908320484297
-0.0837595777749
-0.0989908801804
-0.0980470015387
-0.129438304193
-0.0881020346326
-0.0873815654864
0.0329199239495
-0.083773563484
-0.0865669769783
-0.129229962676
-0.0804395244905
-0.157787684159
-0.111858653839
-0.0785083253626
-0.204032191383
-0.173539542472
-0.0937638166356
-0.0806838305249
-0.081582451455
-0.0717556480262
-0.0445976344483
-0.117661658002
0.0107115454698
-0.0811275264751
-0.0638260991468
-0.0808944494704
-0.0772887367203
-0.0207203492828
-0.0847436413955
-0.070683434323
-0.0805194797375
-0.0843500290556
0.0787256241456
-0.0865096098124
-0.0770947667316
-0.0851234737307
-0.0865544106749
-0.0806751844157
-0.0679708907238
-0.0744490912221
-0.0752549409567
0.0629539814719
-0.0212948568866
-0.0835857803586
-0.0978492671198
-0.0241110001878
-0.118217824468
-0.0671479221056
-0.0790084462503
-0.0729089441591
-0.087928943114
-0.0870744383687
-0.0897262400012
-0.0228408270471
-0.0311210220136
-0.0670165364768
-0.074621098461
-0.0825565366054
-0.0768641339586
-0.0833555755194
-0.0520029247995
-0.0615757945041
-0.0793190555853
-0.0642744053927
-0.0917462189539
-0.0854204143505
-0.0427440464259
0.126634436971
-0.0349920682888
0.125335533481
-0.0127754859555
-0.021587241852
-0.0778095532238
0.164615361952
-0.00462421291708
0.00344417138596
-0.0590390586878
-0.0566259242475
0.0267603193465
-0.0807340122325
-0.0746241888788
-0.037356579495
-0.039377534764
-0.0475125390318
-0.0866231745251
-0.124584499854
0.0438924994368
-0.0196854430626
-0.0669216399589
-0.021824547933
-0.00838496850249
-0.062809468376
-0.0455668704879
-0.0877998591549
-0.0582410166216
-0.0626831520967
-0.0374474684963
-0.0346515989696
-0.0842182521649
-0.103960044191
-0.0899219947678
0.0192463440637
-0.0766603276553
-0.0907843827846
-0.0355977742843
0.0842356157334
-0.0320915373449
-0.0609763447106
-0.0650194537305
-0.0414364011505
-0.0816129702333
0.0241922911686
-0.0810396326386
-0.00775817590492
-0.0722355030073
-0.031892875011
0.00777754999208
-0.0720144561805
-0.0501152988694
-0.0819520306554
-0.0881147540287
-0.038412354555
-0.00506698714396
-0.0742062009142
-0.0660785505443
-0.0578787520452
0.0600176665665
0.0558932973821
-0.0455372517577
0.0508395871718
0.0380259074938
-0.000895867863082
0.172520172843
-0.0819291483095
-0.0799410183748
-0.0856655472443
-0.0538405311431
-0.0559585324704
-0.0840901533592
-0.0660785505443
-0.0775127546962
-0.0697863605906
-0.120796651784
-0.0614623261906
-0.046010750304
-0.0873064728417
-0.00462421291708
-0.0920462443229
-0.0929988239799
-0.13095117524
-0.0711690676199
-0.083622392324
-0.113408330543
-0.0162258197823
-0.0950782057503
-0.0949559643531
-0.0863586158472
-0.065198008766
0.0512662715107
-0.0241110001878
-0.0135452680429
-0.0873316331693
-0.0670544587239
-0.0519913294399
-0.0620062526158
0.116563330908
0.0413745191431
0.0580102914925
0.076484442091
-0.0499086728968
-0.0692345511351
-0.00853110066523
0.0195593631907
-0.0179663925557
-0.0331659943785
-0.00304165877691
-0.0770109002155
-0.0744649859046
-0.00134721230763
-0.00338307912369
0.0564596166176
0.109923740843
-0.0580696269115
-0.0585092768005
-0.0437631378607
-0.0627429391323
0.0441019565033
0.0272862016795
0.1252527056
0.126966005667
0.0728207798804
-0.00880178310334
-0.0777492686634
0.121069363687
0.0291246044731
0.165655475926
0.152320287824
0.101507190441
0.0125621701089
0.0665972224995
0.212936822735
-0.0241519809369
0.0800236335847
0.0288685003336
-0.0776295388993
-0.0312069214439
0.0665922571768
0.16994887616
0.11404364005
0.415039335164
0.0791716733035
-0.0160508222732
-0.0131150567099
0.0858304384424
0.300918273642
0.18130724334
0.231667393099
0.318594815128
0.116477159915
0.102036975576
0.321953086004
0.641714059776
1.21792239123
1.32168342832
1.35322149147
1.28430679301
1.23091302757
1.328406511
2.04346898903
2.22378922154
1.92080928609
1.94144795683
2.55952619034
2.05421228299
4.44047618499
8.81043128483
3.1530531926
2.19983092009
1.44564373981
1.0499425091
0.617980127389
0.795024459149
0.857365933891
0.831197009182
0.866446324575
0.88440869376
0.419078518344
0.440027620027
0.556184625347
0.677732532613
0.409271517456
0.530868709515
0.404446372673
0.363770198152
0.29789139428
0.400378703946
0.381977444487
0.460330350297
0.573817210363
0.278431410948
0.245553764138
0.218130207596
0.436759083899
0.303949618407
0.555503680354
0.600227633415
0.377564601483
0.263150935873
0.183129399674
0.446399042951
0.451415172899
0.555804222936
0.470198735686
0.222712489947
0.297381967735
0.17085809637
0.523352635809
0.300726878576
0.244285043743
0.323079998855
0.215261487485
0.169756129872
0.354234584033
0.272088687245
0.349588397401
0.4748628703
0.203028689027
0.324810894532
0.208585898668
0.311705581632
0.263017895512
0.442622462475
0.19374119764
0.591777352645
0.180040197694
0.444638141285
0.305131174192
0.364478600813
0.366102110424
0.301849844431
0.211045281793
0.313557160646
0.137247849551
0.0812608904349
0.224206612659
0.207749431665
0.136820640216
0.164032450514
0.147345117496
0.0508086628909
0.028305964707
0.0862034832568
-0.00811451927972
0.0559814658339
0.055285784944
0.0509504091479
0.0111052286992
-0.0415945680343
0.0570756901363
0.112901616349
0.0133618518637
-0.000236664734095
0.0478497857429
0.095383913032
0.057504014731
0.0626018186747
0.12099596498
0.45690061263
0.316183592814
0.257334078733
0.160475789038
0.143985973692
0.10632592883
0.355285241091
0.0824712952824
0.12790657603
0.372164569073
0.183844656871
0.0620924044414
0.266619853207
0.29935021659
0.433987394318
0.50360728931
0.275252320277
0.375345213162
0.227775914257
0.355936404681
0.334752046041
0.388023650878
0.386709217578
0.440741028527
0.204262726462
0.180926310814
0.278624495111
0.321744356993
0.268339552711
0.177518198747
0.208666787517
0.171624726382
0.061999941506
0.269823573894
0.309369074585
0.187001248655
0.192566506854
0.257066146615
0.179063666625
0.136974173585
0.165974071544
0.278798598899
0.400460272661
0.44599068362
0.192060354191
0.203193935986
0.246758282513
0.162520614989
0.359752159013
0.180926310814
0.413626885857
0.555451492636
0.149956280225
0.250260405827
0.511347483795
0.255993261568
0.466979001664
0.137451960861
0.153069776707
0.218857665501
0.14055889245
0.249983341255
0.346143135169
0.151845464666
0.41489063131
0.169103761379
0.137081964601
0.184495301418
0.251661188643
0.385996798018
0.237229549105
0.251661188643
0.346199900862
0.205181192004
0.073339378914
0.104466723985
0.368759278027
0.261430582396
0.392063457335
0.143250836279
0.0891127246624
0.0979623891303
0.0994868220685
0.507831847807
0.454881827573
0.505119186005
0.32953988659
0.0985279112335
0.0688235458861
0.221547608001
0.216251771507
0.343184203805
0.286070053536
0.328619919465
0.147345117496
0.0175305644479
0.0631797393833
0.0731401033185
0.361555321847
0.22023461593
0.20724281742
0.00965498552209
0.0858396037365
0.180926310814
0.226536032396
0.161391304778
0.338324247123
0.204881410311
0.252800877537
0.0657549026584
0.237467995708
0.158854829095
0.510335759512
0.376320156726
0.299507028977
0.189396370704
0.0728529438318
0.217719363009
0.3492390347
0.24930949337
0.280275883592
0.273270570564
0.178140156155
0.109867674407
0.18970556023
0.327129798749
0.182600611277
0.153808901489
0.107336287671
0.0713715229368
0.0462627006684
0.106336617407
0.0751211081665
0.139787736952
0.388933778492
0.386372390261
0.126543934557
0.0473215554416
0.183240041609
0.0791639746465
0.134857545621
0.222982017039
0.149521306427
-0.00138637187645
0.0407644448371
0.151751394214
0.328116276356
0.231790451978
0.336526348169
0.297766949289
0.216046601795
0.158857264773
0.149856570434
0.210728412932
0.25908758789
0.361852849786
0.221775130082
0.0627532026843
0.222716101682
0.0779430660395
0.129114682612
0.0722487627605
0.0183542887876
0.0955901439228
0.0211131247284
0.0117151980389
0.158857264773
0.0429202377009
0.0360985165866
0.0764887149678
0.0102454376484
-0.000440386445543
0.0496720551095
-0.00688811148334
0.136880149961
0.00537914975284
0.170373459132
-0.00166241032703
-0.00120816314667
0.00626032331838
0.0469796315088
0.150453312906
0.0369576458461
0.0151429728197
0.0117151980389
0.121175146557
-0.0257015273085
0.0210838386668
0.0627532026843
0.0627532026843
0.150055990016
0.074901684255
0.00641478201515
0.166183965206
0.0418190379228
-0.0294526449958
0.0227850765868
0.00641478201515
-0.0114899365116
-0.012498099569
-0.00313017721931
0.0764887149678
0.049625962152
0.0955901439228
0.310132287525
0.203757221908
-0.00731005686546
-0.0167300262171
0.00967295177553
0.0490333920798
0.0545521618976
0.0369966673837
0.166183965206
0.277356960976
0.119025387648
0.144833664558
0.00451863980744
0.134741809345
0.203757221908
0.00811850678665
0.0340110000475
0.0828988045945
-0.00742594310221
0.163491461564
0.210728412932
0.121175146557
0.289216047629
0.0881206552715
0.0177990560727
-0.000440386445543
0.0955901439228
0.154370111343
0.150453312906
0.0640788950485
0.0828988045945
0.0154476342852
0.0117151980389
0.0828988045945
0.0238991577183
0.238912156134
0.0117151980389
0.175714600708
0.0206907628097
0.0966803951785
0.256808210101
0.163563005675
0.150055990016
0.0640468585754
0.0407618515533
0.0961361754147
0.0627532026843
0.300130060859
0.179350257984
0.378881544956
0.210728412932
0.14162535324
0.0994946606343
0.0338602701693
0.485679764919
0.210324013299
0.215928647229
0.391809461952
0.455032524917
