21.0
23.0
29.0
23.0
24.0
22.0
30.0
23.0
35.0
31.0
28.0
27.0
30.0
34.0
31.0
35.0
28.0
33.0
22.0
21.0
29.0
33.0
31.0
34.0
28.0
20.0
28.0
23.0
33.0
27.0
26.0
30.0
27.0
24.0
26.0
34.0
30.0
25.0
29.0
23.0
27.0
31.0
26.0
28.0
32.0
33.0
27.0
28.0
34.0
29.0
33.0
33.0
28.0
23.0
37.0
31.0
35.0
35.0
36.0
26.0
20.0
28.0
32.0
37.0
30.0
28.0
31.0
23.0
19.0
43.0
36.0
38.0
38.0
25.0
19.0
27.0
37.0
37.0
33.0
28.0
25.0
21.0
26.0
24.0
34.0
32.0
27.0
23.0
29.0
21.0
32.0
35.0
29.0
30.0
29.0
22.0
30.0
32.0
34.0
45.0
31.0
34.0
25.0
25.0
40.0
30.0
33.0
35.0
36.0
20.0
26.0
37.0
33.0
34.0
32.0
31.0
26.0
30.0
36.0
35.0
35.0
26.0
37.0
29.0
24.0
42.0
40.0
38.0
34.0
35.0
21.0
33.0
37.0
36.0
35.0
39.0
29.0
23.0
30.0
34.0
40.0
31.0
37.0
36.0
25.0
24.0
29.0
32.0
28.0
34.0
24.0
34.0
25.0
34.0
29.0
34.0
30.0
26.0
20.0
23.0
34.0
31.0
37.0
32.0
28.0
26.0
23.0
31.0
37.0
43.0
35.0
28.0
26.0
25.0
44.0
38.0
36.0
27.0
31.0
25.0
25.0
30.0
39.0
38.0
36.0
24.0
25.0
20.0
35.0
31.0
38.0
35.0
28.0
20.0
20.0
30.0
32.0
27.0
28.0
25.0
22.0
21.0
36.0
34.0
36.0
25.0
26.0
22.0
22.0
28.0
28.0
35.0
28.0
24.0
22.0
22.0
26.0
32.0
25.0
24.0
30.0
18.0
16.0
26.0
30.0
30.0
26.0
24.0
16.0
22.0
33.0
35.0
26.0
28.0
25.0
21.0
29.0
32.0
30.0
30.0
30.0
24.0
22.0
23.0
27.0
37.0
29.0
40.0
33.0
24.0
25.0
43.0
35.0
39.0
40.0
32.0
29.0
27.0
37.0
33.0
36.0
30.0
39.0
32.0
30.0
39.0
37.0
36.0
32.0
35.0
25.0
27.0
36.0
39.0
42.0
40.0
34.0
20.0
34.0
44.0
48.0
41.0
47.0
42.0
29.0
32.0
62.0
42.0
45.0
38.0
38.0
35.0
38.0
44.0
38.0
48.0
42.0
39.0
24.0
34.0
47.0
42.0
34.0
37.0
37.0
26.0
33.0
44.0
42.0
32.0
40.0
35.0
28.0
34.0
44.0
37.0
37.0
44.0
38.0
28.0
37.0
39.0
38.0
35.0
31.0
34.0
29.0
26.0
33.0
31.0
31.0
28.0
28.0
26.0
29.0
32.0
36.0
39.0
39.0
31.0
27.0
32.0
35.0
38.0
38.0
41.0
28.0
26.0
27.0
38.0
39.0
32.0
30.0
30.0
31.0
24.0
33.0
32.0
21.0
24.0
22.0
25.0
27.0
33.0
29.0
31.0
26.0
33.0
31.0
33.0
43.0
36.0
38.0
35.0
32.0
30.0
34.0
40.0
42.0
41.0
42.0
39.0
27.0
26.0
33.0
38.0
33.0
28.0
36.0
28.0
30.0
34.0
39.0
38.0
42.0
36.0
32.0
41.0
42.0
39.0
41.0
34.0
43.0
30.0
28.0
35.0
31.0
33.0
32.0
40.0
33.0
32.0
33.0
42.0
42.0
48.0
41.0
38.0
35.0
46.0
55.0
45.0
42.0
41.0
34.0
36.0
47.0
56.0
40.0
46.0
35.0
38.0
38.0
44.0
46.0
45.0
39.0
44.0
39.0
32.0
47.0
47.0
43.0
40.0
31.0
29.0
39.0
42.0
39.0
47.0
37.0
38.0
32.0
33.0
32.0
43.0
38.0
51.0
38.0
28.0
25.0
37.0
39.0
44.0
34.0
37.0
39.0
31.0
32.0
44.0
41.0
42.0
39.0
31.0
34.0
40.0
40.0
38.0
40.0
37.0
34.0
36.0
39.0
38.0
40.0
34.0
33.0
28.0
32.0
42.0
42.0
36.0
43.0
36.0
27.0
38.0
46.0
39.0
36.0
36.0
30.0
34.0
33.0
40.0
35.0
40.0
36.0
32.0
28.0
31.0
40.0
42.0
41.0
34.0
34.0
28.0
27.0
40.0
42.0
33.0
35.0
31.0
28.0
29.0
41.0
40.0
36.0
36.0
32.0
30.0
31.0
36.0
38.0
39.0
29.0
34.0
28.0
29.0
42.0
43.0
32.0
38.0
30.0
26.0
31.0
39.0
38.0
33.0
32.0
30.0
22.0
31.0
34.0
32.0
31.0
34.0
31.0
29.0
26.0
34.0
35.0
31.0
26.0
29.0
29.0
33.0
35.0
47.0
45.0
49.0
34.0
26.0
28.0
32.0
39.0
36.0
35.0
30.0
29.0
28.0
33.0
35.0
34.0
31.0
38.0
25.0
28.0
33.0
44.0
32.0
35.0
34.0
27.0
33.0
27.0
36.0
42.0
41.0
35.0
30.0
30.0
43.0
46.0
41.0
37.0
32.0
27.0
27.0
34.0
38.0
41.0
50.0
39.0
27.0
27.0
37.0
43.0
42.0
36.0
37.0
31.0
37.0
51.0
41.0
52.0
48.0
42.0
30.0
30.0
37.0
28.0
37.0
51.0
41.0
52.0
48.0
42.0
33.0
31.0
56.0
53.0
44.0
40.0
49.0
55.0
56.0
54.0
58.0
41.0
45.0
57.0
69.0
54.0
69.0
44.0
42.0
33.0
45.0
53.0
42.0
52.0
50.0
34.0
41.0
43.0
40.0
45.0
47.0
51.0
37.0
34.0
36.0
45.0
45.0
42.0
49.0
39.0
45.0
58.0
65.0
43.0
53.0
46.0
40.0
47.0
43.0
46.0
36.0
42.0
39.0
42.0
40.0
41.0
35.0
32.0
33.0
28.0
37.0
33.0
43.0
42.0
38.0
41.0
39.0
34.0
35.0
41.0
34.0
33.0
30.0
32.0
31.0
34.0
38.0
34.0
38.0
41.0
38.0
33.0
29.0
34.0
34.0
24.0
24.0
21.0
22.0
31.0
29.0
36.0
34.0
31.0
23.0
30.0
33.0
32.0
30.0
40.0
38.0
38.0
39.0
28.0
42.0
40.0
38.0
38.0
43.0
37.0
36.0
41.0
42.0
42.0
40.0
33.0
33.0
33.0
48.0
46.0
47.0
43.0
42.0
38.0
38.0
46.0
42.0
41.0
38.0
37.0
32.0
37.0
41.0
47.0
47.0
46.0
35.0
30.0
32.0
38.0
40.0
43.0
44.0
38.0
38.0
36.0
45.0
51.0
42.0
45.0
52.0
44.0
34.0
41.0
43.0
44.0
38.0
39.0
38.0
36.0
44.0
46.0
44.0
51.0
41.0
37.0
34.0
45.0
51.0
45.0
44.0
55.0
47.0
40.0
43.0
51.0
43.0
40.0
45.0
49.0
45.0
57.0
59.0
52.0
52.0
43.0
43.0
36.0
43.0
58.0
50.0
57.0
45.0
43.0
45.0
39.0
41.0
45.0
46.0
43.0
40.0
42.0
43.0
51.0
49.0
44.0
55.0
45.0
36.0
43.0
51.0
42.0
53.0
43.0
36.0
41.0
51.0
49.0
42.0
49.0
47.0
37.0
43.0
43.0
44.0
41.0
34.0
35.0
35.0
39.0
52.0
33.0
38.0
39.0
39.0
39.0
42.0
36.0
40.0
40.0
32.0
30.0
33.0
32.0
36.0
37.0
39.0
40.0
42.0
40.0
36.0
40.0
37.0
33.0
32.0
36.0
46.0
30.0
37.0
46.0
34.0
34.0
39.0
33.0
34.0
40.0
41.0
46.0
28.0
25.0
25.0
30.0
36.0
51.0
43.0
38.0
34.0
30.0
30.0
32.0
35.0
34.0
35.0
34.0
28.0
26.0
31.0
32.0
39.0
29.0
32.0
28.0
27.0
27.0
29.0
33.0
35.0
49.0
42.0
33.0
47.0
50.0
48.0
41.0
44.0
33.0
43.0
45.0
45.0
45.0
47.0
54.0
45.0
40.0
53.0
46.0
57.0
46.0
39.0
35.0
37.0
42.0
47.0
47.0
54.0
56.0
45.0
46.0
40.0
49.0
51.0
49.0
45.0
43.0
46.0
53.0
59.0
59.0
45.0
44.0
36.0
46.0
50.0
54.0
70.0
54.0
46.0
33.0
41.0
46.0
54.0
49.0
55.0
44.0
45.0
37.0
76.0
59.0
53.0
58.0
53.0
36.0
55.0
58.0
66.0
67.0
62.0
62.0
45.0
42.0
60.0
77.0
91.0
81.0
81.0
54.0
52.0
61.0
58.0
67.0
59.0
51.0
45.0
50.0
61.0
60.0
51.0
60.0
58.0
41.0
47.0
61.0
57.0
53.0
60.0
49.0
36.0
41.0
53.0
56.0
51.0
53.0
46.0
49.0
44.0
52.0
57.0
50.0
59.0
56.0
43.0
46.0
48.0
62.0
53.0
49.0
45.0
39.0
49.0
56.0
46.0
53.0
42.0
41.0
40.0
53.0
52.0
55.0
51.0
55.0
43.0
41.0
50.0
53.0
66.0
65.0
44.0
57.0
40.0
46.0
49.0
53.0
62.0
46.0
44.0
40.0
37.0
49.0
39.0
42.0
34.0
36.0
28.0
23.0
41.0
42.0
36.0
39.0
26.0
23.0
36.0
42.0
45.0
35.0
52.0
51.0
43.0
35.0
49.0
60.0
35.0
58.0
46.0
39.0
40.0
41.0
52.0
45.0
53.0
48.0
43.0
42.0
59.0
55.0
58.0
47.0
52.0
46.0
43.0
55.0
55.0
55.0
52.0
49.0
43.0
46.0
47.0
46.0
46.0
52.0
42.0
44.0
46.0
49.0
50.0
45.0
44.0
44.0
44.0
41.0
53.0
54.0
55.0
45.0
59.0
39.0
46.0
48.0
49.0
54.0
51.0
41.0
38.0
42.0
55.0
64.0
51.0
52.0
47.0
40.0
44.0
52.0
54.0
43.0
42.0
42.0
31.0
40.0
42.0
48.0
45.0
39.0
36.0
40.0
40.0
48.0
46.0
38.0
49.0
37.0
34.0
40.0
40.0
46.0
38.0
40.0
47.0
41.0
46.0
41.0
41.0
43.0
48.0
40.0
36.0
39.0
42.0
44.0
45.0
34.0
41.0
35.0
41.0
51.0
53.0
49.0
47.0
43.0
32.0
40.0
48.0
40.0
45.0
41.0
39.0
33.0
33.0
38.0
49.0
44.0
41.0
42.0
33.0
37.0
39.0
47.0
35.0
43.0
35.0
36.0
35.0
45.0
45.0
42.0
33.0
38.0
38.0
31.0
43.0
39.0
35.0
36.0
38.0
35.0
34.0
38.0
42.0
36.0
39.0
36.0
35.0
35.0
37.0
38.0
37.0
39.0
32.0
28.0
33.0
32.0
37.0
39.0
32.0
41.0
25.0
30.0
31.0
34.0
37.0
37.0
36.0
26.0
28.0
34.0
34.0
29.0
31.0
33.0
30.0
35.0
36.0
35.0
37.0
34.0
33.0
30.0
29.0
35.0
52.0
36.0
32.0
35.0
28.0
34.0
39.0
48.0
43.0
40.0
37.0
32.0
33.0
39.0
38.0
39.0
38.0
38.0
24.0
32.0
34.0
32.0
33.0
47.0
41.0
28.0
30.0
35.0
32.0
33.0
31.0
28.0
34.0
33.0
34.0
35.0
38.0
38.0
31.0
34.0
32.0
36.0
36.0
44.0
37.0
39.0
31.0
26.0
35.0
37.0
33.0
30.0
34.0
32.0
32.0
34.0
47.0
36.0
40.0
41.0
33.0
33.0
29.0
39.0
41.0
41.0
40.0
38.0
36.0
39.0
40.0
41.0
44.0
50.0
41.0
48.0
71.0
71.0
64.0
52.0
59.0
51.0
48.0
51.0
50.0
56.0
58.0
52.0
39.0
39.0
47.0
51.0
44.0
52.0
52.0
35.0
37.0
48.0
46.0
52.0
58.0
43.0
35.0
50.0
44.0
45.0
46.0
44.0
48.0
36.0
42.0
50.0
43.0
48.0
53.0
50.0
36.0
47.0
51.0
50.0
50.0
57.0
56.0
42.0
50.0
60.0
47.0
51.0
45.0
42.0
41.0
50.0
43.0
49.0
64.0
50.0
44.0
39.0
46.0
50.0
46.0
47.0
51.0
51.0
44.0
49.0
60.0
51.0
56.0
47.0
49.0
38.0
41.0
47.0
45.0
45.0
43.0
48.0
48.0
48.0
47.0
34.0
40.0
36.0
36.0
29.0
31.0
38.0
46.0
46.0
47.0
49.0
37.0
39.0
46.0
44.0
48.0
44.0
46.0
33.0
41.0
47.0
55.0
38.0
49.0
53.0
41.0
40.0
55.0
48.0
50.0
50.0
43.0
42.0
42.0
60.0
48.0
48.0
46.0
49.0
45.0
44.0
50.0
45.0
55.0
48.0
53.0
41.0
45.0
45.0
45.0
45.0
44.0
53.0
44.0
37.0
52.0
54.0
54.0
56.0
55.0
47.0
48.0
50.0
53.0
51.0
47.0
43.0
40.0
36.0
42.0
54.0
55.0
65.0
52.0
41.0
47.0
57.0
48.0
54.0
49.0
47.0
40.0
41.0
57.0
49.0
43.0
46.0
56.0
36.0
36.0
47.0
45.0
60.0
50.0
45.0
39.0
39.0
53.0
49.0
51.0
46.0
41.0
39.0
37.0
54.0
56.0
54.0
53.0
45.0
32.0
41.0
48.0
51.0
64.0
58.0
60.0
42.0
55.0
53.0
43.0
42.0
47.0
41.0
42.0
41.0
56.0
53.0
61.0
50.0
45.0
38.0
54.0
52.0
46.0
60.0
53.0
48.0
43.0
45.0
50.0
53.0
51.0
48.0
40.0
39.0
55.0
49.0
55.0
48.0
54.0
47.0
37.0
42.0
47.0
46.0
58.0
50.0
49.0
42.0
43.0
52.0
55.0
57.0
43.0
53.0
41.0
43.0
43.0
49.0
62.0
53.0
43.0
40.0
43.0
60.0
59.0
48.0
54.0
49.0
43.0
46.0
51.0
54.0
46.0
46.0
40.0
48.0
43.0
49.0
52.0
50.0
50.0
47.0
39.0
42.0
55.0
54.0
52.0
53.0
46.0
34.0
40.0
57.0
57.0
50.0
50.0
47.0
40.0
46.0
49.0
45.0
49.0
48.0
50.0
35.0
35.0
47.0
44.0
47.0
44.0
43.0
35.0
35.0
49.0
45.0
37.0
39.0
46.0
41.0
33.0
44.0
51.0
54.0
53.0
40.0
38.0
42.0
50.0
53.0
50.0
50.0
52.0
39.0
37.0
49.0
46.0
52.0
54.0
47.0
38.0
38.0
48.0
50.0
47.0
55.0
48.0
46.0
45.0
70.0
60.0
67.0
59.0
55.0
41.0
44.0
49.0
64.0
65.0
59.0
54.0
46.0
47.0
60.0
70.0
58.0
65.0
63.0
47.0
55.0
62.0
77.0
68.0
69.0
65.0
58.0
62.0
92.0
88.0
93.0
80.0
91.0
65.0
67.0
96.0
84.0
78.0
66.0
62.0
53.0
54.0
68.0
63.0
59.0
67.0
63.0
44.0
53.0
63.0
58.0
75.0
62.0
63.0
58.0
55.0
71.0
77.0
59.0
68.0
67.0
55.0
53.0
77.0
76.0
66.0
67.0
63.0
51.0
63.0
76.0
80.0
71.0
61.0
62.0
56.0
53.0
65.0
77.0
71.0
73.0
70.0
59.0
62.0
75.0
73.0
71.0
61.0
64.0
57.0
58.0
78.0
81.0
66.0
65.0
56.0
54.0
61.0
60.0
72.0
65.0
57.0
49.0
51.0
40.0
44.0
37.0
52.0
63.0
66.0
62.0
55.0
47.0
46.0
64.0
60.0
67.0
48.0
53.0
73.0
82.0
63.0
82.0
74.0
58.0
64.0
69.0
86.0
70.0
67.0
64.0
45.0
54.0
77.0
77.0
73.0
64.0
74.0
60.0
61.0
75.0
82.0
73.0
82.0
72.0
54.0
60.0
80.0
75.0
78.0
70.0
74.0
61.0
64.0
70.0
75.0
73.0
75.0
69.0
59.0
60.0
85.0
75.0
75.0
78.0
89.0
60.0
72.0
90.0
85.0
77.0
82.0
85.0
61.0
74.0
74.0
80.0
80.0
67.0
74.0
58.0
66.0
71.0
76.0
73.0
71.0
79.0
63.0
61.0
75.0
85.0
81.0
69.0
79.0
62.0
55.0
72.0
72.0
80.0
71.0
64.0
59.0
61.0
63.0
62.0
73.0
82.0
70.0
64.0
61.0
73.0
75.0
88.0
79.0
69.0
57.0
61.0
69.0
78.0
79.0
78.0
70.0
56.0
63.0
70.0
79.0
81.0
78.0
81.0
56.0
57.0
84.0
76.0
69.0
68.0
63.0
53.0
64.0
69.0
72.0
61.0
69.0
67.0
54.0
63.0
71.0
61.0
72.0
76.0
80.0
53.0
77.0
70.0
76.0
70.0
75.0
67.0
51.0
50.0
69.0
74.0
73.0
75.0
69.0
55.0
51.0
72.0
77.0
62.0
60.0
62.0
51.0
57.0
68.0
67.0
65.0
63.0
67.0
54.0
47.0
69.0
84.0
75.0
70.0
65.0
57.0
55.0
60.0
62.0
54.0
64.0
67.0
63.0
55.0
60.0
61.0
56.0
52.0
54.0
48.0
49.0
64.0
62.0
71.0
54.0
59.0
40.0
54.0
59.0
62.0
60.0
47.0
55.0
44.0
46.0
56.0
55.0
17.0
56.0
48.0
44.0
57.0
54.0
46.0
49.0
58.0
55.0
47.0
44.0
52.0
55.0
69.0
55.0
54.0
47.0
49.0
77.0
58.0
70.0
51.0
53.0
50.0
51.0
45.0
62.0
60.0
57.0
58.0
42.0
58.0
65.0
59.0
57.0
55.0
54.0
53.0
43.0
61.0
50.0
60.0
68.0
59.0
45.0
59.0
76.0
59.0
54.0
56.0
63.0
52.0
43.0
53.0
55.0
65.0
66.0
62.0
47.0
48.0
53.0
59.0
69.0
80.0
68.0
55.0
64.0
69.0
73.0
64.0
65.0
72.0
75.0
90.0
119.0
107.0
85.0
87.0
97.0
71.0
86.0
101.0
96.0
84.0
80.0
77.0
55.0
69.0
87.0
84.0
74.0
74.0
71.0
71.0
55.0
81.0
90.0
77.0
65.0
73.0
60.0
51.0
74.0
85.0
85.0
78.0
76.0
66.0
58.0
72.0
79.0
73.0
88.0
68.0
59.0
58.0
76.0
71.0
69.0
77.0
68.0
51.0
64.0
72.0
68.0
67.0
64.0
61.0
58.0
62.0
66.0
76.0
72.0
69.0
76.0
65.0
71.0
75.0
83.0
74.0
66.0
55.0
51.0
53.0
69.0
61.0
58.0
61.0
57.0
40.0
47.0
59.0
44.0
41.0
39.0
47.0
44.0
45.0
58.0
41.0
49.0
48.0
56.0
48.0
48.0
48.0
68.0
68.0
59.0
57.0
49.0
57.0
68.0
65.0
80.0
79.0
56.0
58.0
55.0
64.0
64.0
61.0
54.0
63.0
59.0
65.0
72.0
61.0
62.0
68.0
70.0
58.0
60.0
60.0
70.0
62.0
62.0
60.0
54.0
56.0
81.0
72.0
68.0
64.0
71.0
50.0
53.0
59.0
61.0
74.0
66.0
63.0
58.0
64.0
65.0
66.0
64.0
70.0
58.0
50.0
57.0
63.0
71.0
67.0
66.0
62.0
53.0
66.0
67.0
74.0
81.0
68.0
66.0
54.0
69.0
82.0
70.0
69.0
70.0
64.0
70.0
61.0
57.0
65.0
78.0
72.0
63.0
53.0
60.0
66.0
68.0
64.0
78.0
65.0
54.0
68.0
91.0
81.0
84.0
73.0
72.0
62.0
62.0
72.0
67.0
75.0
70.0
68.0
45.0
56.0
72.0
74.0
84.0
77.0
69.0
64.0
63.0
79.0
81.0
76.0
65.0
73.0
62.0
62.0
72.0
72.0
67.0
59.0
72.0
52.0
65.0
69.0
67.0
73.0
66.0
57.0
54.0
54.0
71.0
70.0
70.0
66.0
71.0
49.0
56.0
60.0
60.0
62.0
66.0
65.0
46.0
62.0
70.5
67.0
62.0
68.0
62.5
49.5
56.0
65.5
67.5
73.5
68.0
69.0
52.0
46.5
62.5
70.0
75.0
72.5
62.0
46.0
56.0
67.5
75.0
72.0
76.5
57.5
45.5
48.5
71.5
61.5
65.5
59.5
58.5
48.5
51.5
72.0
64.5
68.0
63.0
74.0
58.5
55.0
57.5
75.5
64.5
78.0
60.5
53.0
56.0
62.5
76.5
81.5
65.0
64.0
53.0
50.5
78.5
74.0
62.5
57.5
63.0
51.0
53.5
70.5
64.0
67.0
61.0
60.0
51.0
50.5
66.0
78.5
80.5
75.0
64.0
54.0
56.0
70.5
75.5
75.5
69.0
53.5
52.5
50.0
74.5
66.0
60.0
68.5
63.5
50.0
51.5
57.0
86.5
70.5
64.5
66.0
51.5
64.5
70.0
82.0
73.0
81.5
69.5
59.5
56.0
71.0
77.0
63.5
73.5
70.5
51.5
61.0
79.5
76.0
78.5
83.5
101.5
67.0
80.5
93.0
80.5
88.5
88.5
81.0
67.5
69.0
121.0
163.0
154.5
122.5
125.0
89.0
103.0
134.5
147.0
110.5
103.0
93.5
91.0
91.5
119.5
103.0
96.0
87.0
84.0
78.5
78.0
86.5
96.0
83.5
78.5
79.0
71.5
76.5
108.0
112.5
86.5
91.0
90.0
69.5
85.0
90.0
100.5
91.0
97.5
112.0
151.0
121.0
129.5
123.5
118.5
104.5
99.5
71.5
78.0
92.0
88.5
90.0
73.0
81.5
61.5
67.0
87.5
99.0
119.5
75.0
91.0
82.5
77.0
88.5
103.5
102.0
88.5
93.0
67.0
65.0
83.0
96.0
78.0
77.5
76.5
55.0
53.0
74.5
54.5
51.5
47.5
63.0
56.5
56.0
69.5
72.5
60.5
51.5
57.0
74.5
71.0
72.5
89.0
75.5
83.0
71.5
62.0
61.0
84.5
84.5
92.5
83.5
84.0
58.0
67.0
86.5
97.5
121.0
83.0
89.5
70.0
68.0
88.5
95.5
78.0
78.5
75.0
65.5
66.5
80.0
81.0
82.0
74.5
86.0
73.0
64.5
76.0
92.5
80.0
78.0
78.5
55.5
69.0
80.0
76.5
84.5
87.0
90.0
66.0
61.0
73.0
91.0
89.5
101.0
76.5
56.0
84.0
92.5
95.5
95.0
86.5
88.0
66.0
79.0
90.5
93.0
93.0
93.0
85.0
61.5
72.0
94.0
92.0
95.5
103.0
85.0
60.5
63.0
84.5
93.0
85.5
93.0
87.5
58.5
76.0
93.5
99.0
86.5
100.5
81.0
72.0
68.5
86.5
99.0
105.5
78.5
75.0
62.0
70.5
83.0
89.5
95.5
90.0
78.0
75.0
81.0
85.0
83.0
93.5
92.0
75.0
64.5
78.5
107.0
96.5
90.5
96.5
88.5
66.0
72.0
96.5
84.0
108.0
99.5
85.5
0.0
71.0
93.5
96.0
94.0
74.0
78.0
64.5
67.5
81.5
93.0
79.0
89.5
80.5
62.0
68.5
0.0
0.0
79.5
81.0
77.0
62.5
69.0
83.0
85.0
81.0
100.0
85.0
64.0
52.0
94.0
90.0
88.0
93.0
79.0
48.0
50.0
64.0
54.0
60.0
61.0
63.0
50.0
48.0
59.0
62.0
62.0
59.0
58.0
40.0
47.0
73.0
68.0
68.0
75.0
70.0
52.0
52.0
71.0
77.0
84.0
87.0
78.0
56.0
62.0
84.0
73.0
78.0
67.0
80.0
55.0
59.0
95.0
82.0
76.0
71.0
80.0
50.0
53.0
65.0
78.0
83.0
74.0
69.0
54.0
54.0
64.0
70.0
81.0
64.0
78.0
62.0
43.0
72.0
74.0
74.0
76.0
56.0
60.0
52.0
75.0
74.0
71.0
77.0
71.0
66.0
55.0
76.0
81.0
73.0
70.0
77.0
65.0
51.0
61.0
78.0
90.0
89.0
88.0
54.0
64.0
74.0
91.0
87.0
74.0
77.0
53.0
57.0
78.0
80.0
85.0
93.0
76.0
56.0
51.0
100.0
95.0
98.0
81.0
80.0
55.0
73.0
95.0
81.0
83.0
83.0
80.0
59.0
74.0
116.0
124.0
147.0
120.0
113.0
84.0
88.0
135.0
121.0
113.0
120.0
93.0
81.0
86.0
109.0
120.0
106.0
111.0
96.0
73.0
75.0
116.0
115.0
102.0
96.0
81.0
76.0
71.0
103.0
100.0
108.0
108.0
103.0
73.0
82.0
114.0
106.0
105.0
100.0
73.0
85.0
77.0
100.0
93.0
97.0
71.0
76.0
64.0
66.0
87.0
77.0
76.0
61.0
68.0
54.0
63.0
81.0
95.0
76.0
90.0
76.0
60.0
58.0
63.0
90.0
81.0
89.0
79.0
64.0
56.0
82.0
72.0
85.0
87.0
56.0
47.0
38.0
57.0
62.0
42.0
46.0
37.0
36.0
44.0
48.0
51.0
52.0
46.0
46.0
41.0
58.0
74.0
74.0
65.0
81.0
87.0
50.0
56.0
70.0
75.0
81.0
82.0
82.0
53.0
52.0
78.0
71.0
97.0
68.0
63.0
59.0
59.0
76.0
79.0
84.0
75.0
63.0
50.0
57.0
71.0
69.0
65.0
82.0
58.0
51.0
45.0
69.0
80.0
77.0
82.0
77.0
53.0
54.0
60.0
75.0
79.0
76.0
76.0
60.0
67.0
91.0
81.0
78.0
80.0
69.0
55.0
46.0
70.0
77.0
98.0
72.0
73.0
56.0
54.0
64.0
69.0
86.0
84.0
78.0
50.0
65.0
88.0
91.0
76.0
81.0
67.0
46.0
55.0
80.0
77.0
75.0
67.0
68.0
51.0
44.0
65.0
70.0
72.0
95.0
64.0
50.0
53.0
63.0
67.0
69.0
73.0
78.0
49.0
62.0
71.0
83.0
80.0
83.0
68.0
51.0
53.0
82.0
80.0
70.0
67.0
62.0
46.0
52.0
68.0
76.0
85.0
87.0
74.0
67.0
58.0
76.0
74.0
62.0
72.0
67.0
52.0
57.0
83.0
85.0
73.0
68.0
71.0
48.0
48.0
78.0
73.0
70.0
64.0
58.0
55.0
48.0
67.0
74.0
65.0
64.0
60.0
42.0
43.0
61.0
69.0
