4.5
7.0
8.0
9.5
3.5
6.0
9.0
8.0
9.0
6.0
7.0
2.0
8.0
8.0
11.0
7.0
8.0
6.0
9.0
10.0
6.0
11.0
9.0
10.0
12.0
5.0
7.0
12.0
12.0
8.0
10.0
7.0
7.0
13.0
8.0
4.0
12.0
9.0
6.0
3.0
6.0
6.0
4.0
7.0
7.0
4.0
9.0
6.0
12.0
9.0
10.0
7.0
10.0
8.0
10.0
5.0
6.0
10.0
8.0
10.0
6.0
8.0
8.0
14.0
8.0
9.0
7.0
12.0
15.0
9.0
17.0
13.0
10.0
9.0
6.0
4.5
5.5
7.5
5.5
4.0
5.5
3.5
6.0
3.5
4.5
6.0
2.0
5.0
4.5
6.5
9.5
4.0
8.5
6.5
5.0
7.0
6.5
2.5
5.5
6.5
7.5
7.5
6.0
4.5
5.5
7.5
7.5
6.0
8.0
8.0
6.0
5.5
7.0
7.5
7.5
5.0
5.5
6.5
5.0
5.0
8.0
7.5
7.0
4.5
7.0
6.0
12.0
6.5
7.5
6.5
13.0
10.0
7.0
13.0
9.0
7.0
12.5
6.5
5.5
9.0
8.5
10.0
5.0
10.0
7.5
6.0
9.5
9.0
7.5
7.0
9.0
9.0
6.5
14.5
12.5
9.5
8.5
6.5
6.0
7.0
9.0
10.0
10.0
8.0
6.5
9.5
9.0
12.0
8.5
8.5
10.5
5.5
7.0
11.5
6.0
10.0
14.5
8.0
7.0
7.5
8.0
8.5
7.5
9.5
9.0
8.0
4.5
5.5
7.5
8.5
10.0
2.5
5.5
3.5
5.5
7.0
8.5
7.0
9.0
7.0
3.5
7.5
9.0
10.5
9.0
7.0
5.0
6.0
3.5
6.0
8.0
5.5
8.0
3.0
6.5
4.0
6.5
6.5
6.5
5.0
7.0
3.5
10.0
11.5
7.5
6.5
6.5
6.0
4.0
5.5
7.5
6.5
5.5
4.5
10.0
6.5
5.5
5.0
10.0
6.0
5.0
4.5
7.0
6.5
8.5
8.5
8.5
4.0
7.5
5.0
5.0
9.5
8.0
9.0
4.0
3.5
7.5
7.0
9.0
9.0
13.0
10.5
9.5
8.5
9.5
6.0
6.0
10.0
16.0
6.0
10.0
7.0
8.5
12.5
10.5
8.0
10.0
6.0
8.5
7.5
5.5
9.0
8.0
6.5
8.5
8.0
10.5
11.0
11.5
7.0
8.0
6.0
6.5
10.0
6.0
10.5
8.0
10.5
5.5
4.5
8.5
9.5
6.5
6.0
7.0
6.0
3.0
11.0
5.5
9.0
6.5
4.5
5.0
6.5
8.0
6.5
8.5
7.0
5.5
5.5
7.0
11.5
8.5
9.0
7.0
6.0
7.5
4.0
4.0
6.5
9.0
7.5
5.5
7.0
9.0
10.5
8.0
3.5
5.0
6.5
5.0
9.0
9.5
8.5
7.0
9.5
9.0
10.5
8.0
9.0
5.5
10.5
4.5
7.0
5.5
5.0
8.5
5.5
6.5
6.0
7.5
7.5
4.5
7.0
8.0
9.5
9.0
7.5
8.5
5.0
4.0
3.0
4.0
4.0
4.0
5.0
2.0
5.0
3.0
2.0
4.0
4.0
3.0
4.0
4.0
4.0
9.0
6.0
4.0
5.0
2.0
3.0
4.0
3.0
4.0
3.0
6.0
5.0
6.0
7.0
5.0
6.0
4.0
4.0
5.0
4.0
9.0
4.0
2.0
4.0
4.0
4.0
8.0
6.0
5.0
2.0
3.0
6.0
5.0
7.0
5.0
8.0
6.0
4.0
4.0
6.0
7.0
10.5
6.5
6.5
5.0
7.0
5.5
8.0
5.0
4.0
4.0
5.5
6.0
4.5
5.5
7.0
6.0
6.5
5.0
6.5
3.5
10.0
7.5
5.5
7.5
5.5
7.5
6.0
3.0
6.5
4.0
3.5
4.5
5.0
4.0
5.0
7.5
6.0
5.5
6.0
5.0
5.0
7.0
7.0
7.5
3.0
3.5
7.0
3.5
7.0
4.5
4.0
8.5
4.0
6.5
4.0
4.5
6.0
5.0
5.5
6.0
4.0
3.5
8.0
5.0
5.0
6.0
2.5
7.5
6.5
8.0
8.0
6.0
5.0
5.0
3.5
7.0
5.5
6.5
3.5
5.5
4.0
4.0
5.5
3.0
9.0
4.5
5.5
5.0
4.0
5.0
5.5
4.5
3.5
3.5
5.5
4.5
6.0
6.5
3.5
5.5
5.0
3.0
6.0
6.5
7.0
3.0
7.5
5.0
5.0
5.5
4.5
4.5
7.0
7.5
5.5
3.5
6.0
3.5
7.0
6.5
8.0
7.0
3.0
6.0
5.5
11.5
6.0
4.0
6.5
6.5
7.5
7.0
6.0
6.5
6.0
7.0
5.0
5.0
6.5
5.5
6.0
9.0
4.5
3.0
5.0
5.5
8.0
8.5
7.5
4.0
4.0
6.5
4.0
5.5
7.0
7.0
6.5
5.0
5.5
5.0
6.0
6.0
7.5
3.0
3.5
3.0
4.0
5.0
6.5
10.0
6.0
5.0
3.5
7.5
6.0
6.5
8.0
3.5
3.5
4.0
5.0
8.0
6.0
5.0
6.5
5.0
2.0
8.0
5.0
7.5
5.5
6.5
3.0
6.0
6.5
7.0
8.0
5.5
4.5
6.5
6.0
6.5
7.5
7.0
8.0
7.0
4.5
6.5
6.5
7.0
6.5
9.0
9.5
9.0
10.5
6.0
6.5
7.0
10.5
9.5
7.0
6.0
11.5
13.5
14.5
14.5
11.5
9.5
8.0
9.0
10.0
14.5
10.5
13.0
9.5
8.5
11.0
15.5
13.0
13.5
10.0
10.5
12.0
9.0
12.0
11.5
11.5
9.0
8.5
10.0
13.0
11.5
13.0
12.0
12.5
7.5
9.0
10.5
12.5
9.0
10.5
9.5
10.0
8.5
12.0
11.0
15.0
11.0
10.0
9.5
7.5
9.0
9.5
12.0
9.5
9.5
9.0
7.5
10.5
7.5
10.0
12.0
6.5
7.5
6.0
13.5
13.0
13.0
11.0
11.5
7.5
11.5
14.0
14.0
12.0
11.5
10.0
6.5
9.5
10.5
12.0
12.0
12.5
8.0
8.0
9.0
10.0
6.5
8.5
9.0
7.0
9.0
8.5
10.5
12.5
9.5
11.5
9.0
11.0
12.0
15.0
10.0
14.0
11.5
8.5
10.0
9.0
13.0
9.0
10.0
12.0
9.0
9.0
12.0
10.0
9.0
13.0
10.0
11.0
9.0
11.0
11.0
11.0
16.0
13.0
10.0
8.0
10.0
14.0
13.0
13.0
8.0
10.0
12.0
11.0
11.0
12.0
11.0
14.0
11.0
10.0
13.0
13.0
16.0
12.0
14.0
14.0
11.0
11.0
14.0
13.0
12.0
18.0
15.0
11.0
11.0
13.0
16.0
15.0
15.0
13.0
13.0
12.0
14.0
16.0
16.0
12.0
13.0
14.0
12.0
12.0
15.0
12.0
14.0
14.0
12.0
10.0
10.0
15.0
10.0
15.0
15.0
13.0
12.0
16.0
10.0
14.0
17.0
13.0
13.0
11.0
11.0
14.0
12.0
15.0
12.0
9.0
14.0
12.0
11.0
11.0
11.0
11.0
11.0
13.0
12.0
13.0
16.0
16.0
15.0
12.0
11.0
10.0
13.0
12.0
12.0
11.0
12.0
12.0
10.0
13.0
10.0
12.0
10.0
11.0
13.0
12.0
13.0
14.0
14.0
14.0
9.0
8.0
13.0
14.0
11.0
14.0
15.0
9.0
9.0
12.0
18.0
13.0
14.0
11.0
10.0
12.0
13.0
13.0
10.0
15.0
14.0
11.0
12.0
10.0
8.0
9.0
14.0
12.0
12.0
10.0
12.0
13.0
17.0
10.0
8.0
8.0
8.0
14.0
12.0
10.0
10.0
11.0
10.0
7.0
9.0
8.0
12.0
11.0
8.0
9.0
10.0
7.0
11.0
14.0
12.0
12.0
14.0
11.0
12.0
16.0
19.0
13.0
12.0
10.0
12.0
10.0
13.0
16.0
12.0
13.0
7.0
10.0
10.0
14.0
13.0
14.0
10.0
13.0
11.0
11.0
13.0
11.0
15.0
12.0
10.0
11.0
11.0
15.0
14.0
12.0
12.0
12.0
10.0
12.0
16.0
14.0
13.0
12.0
13.0
9.0
11.0
12.0
13.0
18.0
11.0
12.0
12.0
11.0
12.0
14.0
10.0
12.0
13.0
11.0
14.0
18.0
17.0
11.0
14.0
11.0
12.0
14.0
14.0
14.0
16.0
13.0
9.0
12.0
13.0
15.0
18.0
19.0
17.0
15.0
14.0
13.0
19.0
21.0
21.0
17.0
17.0
17.0
14.0
16.0
13.0
19.0
15.0
13.0
11.0
19.0
17.0
12.0
16.0
21.0
16.0
17.0
14.0
18.0
18.0
17.0
23.0
17.0
17.0
16.0
16.0
15.0
14.0
13.0
11.0
12.0
16.0
17.0
13.0
16.0
14.0
11.0
13.0
13.0
15.0
15.0
18.0
16.0
14.0
14.0
11.0
16.0
15.0
15.0
11.0
12.0
15.0
15.0
15.0
17.0
17.0
16.0
13.0
13.0
17.0
20.0
14.0
14.0
13.0
14.0
17.0
15.0
13.0
13.0
12.0
13.0
9.0
12.0
14.0
9.0
12.5
17.5
10.0
11.0
10.0
11.0
13.0
11.5
12.5
8.5
10.0
12.0
12.0
16.0
13.0
13.0
15.0
12.0
11.0
13.0
18.0
15.0
18.0
12.0
11.0
13.0
16.0
18.0
15.0
18.0
14.0
12.0
13.0
15.0
16.0
16.0
16.0
13.0
12.5
11.0
15.5
14.0
16.5
15.5
15.5
16.5
14.0
15.0
16.5
22.0
14.5
15.5
14.5
12.5
15.5
17.0
15.5
18.0
13.5
16.0
14.0
17.5
20.5
15.5
14.0
14.5
12.0
16.0
14.5
17.5
15.0
18.5
14.0
13.0
14.5
12.0
13.0
19.0
19.0
12.5
15.5
13.0
17.0
20.0
20.5
15.5
16.0
14.0
14.0
16.5
13.5
20.5
18.0
14.0
12.0
16.0
16.0
18.5
18.5
17.0
18.0
18.0
12.0
14.0
20.5
14.0
13.5
21.0
15.0
17.0
13.0
18.0
19.0
17.0
20.0
13.0
17.0
22.0
21.0
17.0
13.0
16.0
13.0
15.0
15.0
19.0
16.0
16.0
20.0
21.0
16.0
16.0
18.0
17.0
20.0
18.0
17.0
15.0
18.0
18.0
14.0
16.0
14.0
17.0
14.0
15.0
19.0
16.0
15.0
17.0
14.0
16.0
13.0
14.0
16.0
14.0
16.0
17.0
16.0
14.0
16.0
15.0
18.0
14.0
14.0
13.0
17.0
23.0
15.0
12.0
15.0
15.0
16.0
14.0
16.0
16.0
12.0
14.0
14.0
15.0
16.0
17.0
17.0
13.0
15.0
14.0
12.0
15.0
19.0
19.0
20.0
15.0
15.0
12.0
15.0
14.0
15.0
16.0
15.0
10.0
13.0
12.0
13.0
16.0
20.0
12.0
10.0
13.0
12.0
18.0
15.0
17.0
13.0
18.0
12.0
17.0
17.0
17.0
11.0
13.0
14.0
12.0
17.0
17.0
18.0
17.0
14.0
15.0
10.0
12.0
14.0
16.0
12.0
15.0
13.0
13.0
10.0
17.0
17.0
13.0
17.0
13.0
14.0
18.0
20.0
13.0
19.0
14.0
13.0
15.0
14.0
14.0
18.0
15.0
14.0
14.0
11.0
13.0
14.0
20.0
19.0
16.0
14.0
14.0
14.0
18.0
12.0
22.0
16.0
14.0
15.0
15.0
15.0
18.0
17.0
18.0
14.0
15.0
14.0
15.0
18.0
19.0
20.0
13.0
20.0
16.0
20.0
18.0
20.0
18.0
14.0
13.0
18.0
16.0
20.0
20.0
17.0
16.0
14.0
17.0
19.0
15.0
18.0
16.0
12.0
16.0
18.0
18.0
17.0
17.0
13.0
14.0
14.0
15.0
18.0
17.0
18.0
18.0
19.0
16.0
18.0
23.0
22.0
20.0
18.0
17.0
14.0
20.0
20.0
19.0
19.0
15.0
15.0
20.0
17.0
15.0
20.0
20.0
15.0
15.0
14.0
18.0
18.0
19.0
18.0
16.0
14.0
16.0
17.0
20.0
16.0
18.0
16.0
13.0
15.0
16.0
16.0
16.0
14.0
13.0
13.0
13.0
11.0
12.0
11.0
15.0
14.0
14.0
11.0
17.0
15.0
15.5
14.0
14.5
13.0
12.0
13.0
16.0
17.0
15.0
17.0
14.0
14.0
14.0
15.0
17.0
17.0
17.0
16.0
17.0
13.0
19.0
19.0
19.0
18.0
15.0
19.0
19.0
17.0
22.0
21.0
18.0
18.0
18.0
18.0
23.0
15.0
23.0
19.0
19.0
12.0
17.0
19.0
23.0
18.0
15.0
16.0
13.0
16.0
18.0
19.0
18.0
18.0
19.0
15.0
17.0
22.0
16.0
18.0
17.0
13.0
15.0
17.0
18.0
21.0
16.0
16.0
14.0
17.0
15.0
20.0
22.0
18.0
15.0
16.0
17.0
21.0
23.0
19.0
16.0
16.0
16.0
15.0
17.0
18.0
16.0
18.0
17.0
16.0
16.0
16.0
19.0
19.0
19.0
19.0
15.0
13.0
16.0
20.0
20.0
21.0
19.0
18.0
14.0
15.0
16.0
20.0
21.0
17.0
15.0
17.0
15.0
19.0
19.0
18.0
16.0
15.0
14.0
19.0
19.0
17.0
17.0
16.0
14.0
16.0
14.0
15.0
17.0
16.0
14.0
13.0
17.0
15.0
17.0
19.0
16.0
18.0
17.0
15.0
20.0
18.0
16.0
20.0
15.0
13.0
15.0
18.0
18.0
18.0
13.0
16.0
14.0
15.0
15.0
17.0
20.0
18.0
18.0
13.0
14.0
15.0
16.0
18.0
17.0
15.0
17.0
14.0
16.0
18.0
19.0
17.0
14.0
15.0
12.0
14.0
19.0
17.0
17.0
17.0
14.0
14.0
13.0
20.0
19.0
18.0
16.0
14.0
13.0
13.0
15.0
13.0
16.0
15.0
13.0
12.0
12.0
17.0
17.0
18.0
15.0
15.0
11.0
15.0
14.0
15.0
19.0
17.0
15.0
15.0
15.0
17.0
17.0
15.0
17.0
17.0
12.0
17.0
17.0
19.0
18.0
17.0
12.0
12.0
13.0
18.0
22.0
17.0
12.0
15.0
14.0
15.0
17.0
15.0
19.0
15.0
14.0
14.0
13.0
18.0
17.0
16.0
15.0
13.0
16.0
14.0
18.0
18.0
16.0
15.0
12.0
14.0
15.0
17.0
20.0
18.0
15.0
13.0
18.0
12.0
19.0
15.0
20.0
17.0
16.0
18.0
17.0
22.0
17.0
17.0
18.0
16.0
19.0
16.0
19.0
20.0
18.0
22.0
20.0
18.0
22.0
23.0
26.0
24.0
25.0
20.0
20.0
26.0
37.0
25.0
21.0
18.0
19.0
20.0
18.0
26.0
24.0
20.0
17.0
19.0
18.0
19.0
19.0
20.0
21.0
19.0
18.0
18.0
19.0
23.0
19.0
20.0
20.0
17.0
16.0
18.0
23.0
20.0
24.0
19.0
19.0
20.0
20.0
22.0
20.0
21.0
19.0
16.0
18.0
18.0
23.0
22.0
22.0
20.0
18.0
18.0
21.0
20.0
22.0
24.0
18.0
16.0
17.0
15.0
23.0
18.0
19.0
20.0
17.0
18.0
19.0
19.0
22.0
20.0
19.0
13.0
18.0
15.0
13.0
16.0
15.0
17.0
13.0
14.0
16.0
14.0
15.0
16.0
12.0
15.0
14.0
12.0
13.5
12.0
15.0
15.0
13.0
14.0
15.0
19.0
17.0
17.0
17.0
17.0
12.0
17.0
15.0
17.0
14.0
14.0
14.0
13.0
16.0
18.0
17.0
18.0
13.0
16.0
14.0
15.0
15.0
18.0
19.0
18.0
17.0
16.0
18.0
17.0
17.0
17.0
16.0
16.0
15.0
13.0
20.0
19.0
16.0
19.0
16.0
16.0
15.0
20.0
19.0
19.0
15.0
16.0
13.0
16.0
18.0
17.0
21.0
17.0
16.0
17.0
17.0
22.0
20.0
18.0
18.0
17.0
15.0
15.0
20.0
19.0
18.0
16.0
13.0
13.0
18.0
17.0
17.0
17.0
14.0
15.0
14.0
15.0
15.0
18.0
17.0
19.0
16.0
16.0
17.0
18.0
16.0
19.0
14.0
15.0
15.0
15.0
18.0
19.0
20.0
15.0
16.0
15.0
18.0
16.0
17.0
16.0
16.0
17.0
14.0
17.0
18.0
21.0
19.0
14.0
14.0
14.0
15.0
17.0
17.0
15.0
16.0
14.0
16.0
15.0
16.0
18.0
17.0
15.0
18.0
15.0
18.0
19.0
20.0
17.0
13.0
14.0
14.0
17.0
19.0
17.0
17.0
18.0
16.0
14.0
15.0
16.0
19.0
16.0
17.0
17.0
13.0
13.0
16.0
16.0
16.0
15.0
14.0
13.0
14.0
21.0
20.0
17.0
15.0
14.0
14.0
16.0
15.0
19.0
16.0
15.0
13.0
13.0
13.0
16.0
18.0
16.0
13.0
13.0
14.0
13.0
15.0
14.0
13.0
14.0
14.0
11.0
15.0
16.0
17.0
13.0
15.0
13.0
13.0
16.0
15.5
17.5
16.0
14.0
13.5
14.0
14.0
15.0
17.0
14.5
14.0
11.0
13.5
13.5
14.5
12.0
15.5
13.5
12.0
12.0
13.5
13.0
16.0
16.0
12.0
12.5
13.5
13.5
14.5
16.5
16.0
11.0
14.0
12.0
12.0
17.5
16.5
18.5
13.0
13.0
15.0
15.0
17.0
19.0
19.0
15.5
15.0
13.0
14.5
17.0
18.5
15.5
15.5
16.0
11.0
15.0
19.0
20.5
19.0
16.5
16.0
14.0
14.0
18.0
18.0
18.0
15.0
19.0
15.0
15.0
22.5
17.5
16.5
17.5
15.0
14.0
17.5
18.0
19.5
24.5
18.0
16.5
16.5
18.5
23.0
21.0
19.0
20.5
17.5
17.0
18.5
18.5
17.5
17.5
17.5
15.5
16.0
20.5
21.5
23.5
20.5
22.0
17.5
16.0
19.5
19.0
22.0
17.5
16.0
17.0
16.0
18.0
16.0
22.5
22.0
17.5
16.0
16.0
19.5
19.0
19.0
17.0
17.0
17.0
17.0
19.0
19.5
19.5
17.0
18.0
17.0
20.0
20.0
20.5
22.0
18.0
14.0
13.5
16.5
21.5
19.0
20.5
19.0
18.5
16.0
19.0
16.5
22.0
20.5
19.0
15.5
17.0
15.5
18.0
17.5
17.0
14.5
13.5
14.0
12.0
14.0
15.0
14.0
12.5
12.0
12.5
15.0
13.0
14.0
13.0
12.0
13.0
12.0
13.0
14.0
12.0
15.0
16.0
12.0
15.0
15.0
17.0
17.0
16.0
19.0
15.0
14.0
15.0
13.0
17.0
18.0
16.0
19.0
15.0
15.0
14.0
16.0
19.0
18.0
16.0
13.0
14.0
14.0
15.0
16.0
19.0
17.0
14.0
13.0
14.0
16.0
17.0
17.0
16.0
14.0
15.0
15.0
16.0
17.0
19.0
17.0
14.0
19.0
18.0
18.0
19.0
16.0
15.0
15.0
14.0
18.0
18.0
21.0
17.0
17.0
15.0
15.0
17.0
17.0
17.0
16.0
17.0
14.0
14.0
16.0
19.0
19.0
17.0
17.0
12.0
14.0
15.0
19.0
20.0
17.0
16.0
14.0
16.0
13.0
18.0
17.0
16.0
16.0
15.0
14.0
17.0
18.0
22.0
16.0
16.0
13.0
15.0
15.0
20.0
18.0
20.0
16.0
14.0
14.0
14.0
19.0
17.0
18.0
17.0
14.0
16.0
15.0
19.0
18.0
20.0
18.0
14.0
16.0
15.0
17.0
16.0
18.0
16.0
13.0
14.0
17.0
15.0
16.0
18.0
16.0
15.0
14.0
16.0
17.0
19.0
19.0
17.0
15.0
13.0
15.0
18.0
15.0
19.0
16.0
14.0
12.0
17.0
16.0
14.0
18.0
14.0
13.0
13.0
15.0
18.0
16.0
17.0
14.0
13.0
12.0
19.0
15.0
16.0
17.0
15.0
13.0
13.0
16.0
18.0
19.0
18.0
13.0
13.0
14.0
15.0
16.0
14.0
17.0
14.0
13.0
12.0
14.0
16.0
15.0
15.0
14.0
12.0
14.0
14.0
16.0
13.0
14.0
13.0
12.0
13.0
13.0
16.0
18.0
15.0
15.0
12.0
13.0
14.0
17.0
18.0
14.0
15.0
12.0
13.0
11.0
16.0
15.0
16.0
14.0
10.0
11.0
13.0
15.0
16.0
14.0
13.0
12.0
11.0
15.0
16.0
14.0
18.0
14.0
13.0
14.0
13.0
17.0
17.0
14.0
16.0
15.0
13.0
12.0
18.0
18.0
18.0
16.0
12.0
14.0
14.0
17.0
17.0
19.0
17.0
17.0
15.0
16.0
17.0
17.0
15.0
16.0
13.0
13.0
13.0
18.0
18.0
18.0
18.0
16.0
15.0
15.0
18.0
19.0
20.0
17.0
19.0
16.0
17.0
27.0
25.0
21.0
20.0
20.0
17.0
16.0
18.0
16.0
20.0
20.0
17.0
15.0
16.0
19.0
20.0
21.0
18.0
15.0
15.0
15.0
18.0
20.0
16.0
16.0
16.0
18.0
16.0
19.0
18.0
18.0
16.0
15.0
14.0
16.0
18.0
18.0
19.0
19.0
18.0
17.0
18.0
19.0
16.0
21.0
17.0
16.0
18.0
17.0
17.0
19.0
19.0
15.0
16.0
14.0
18.0
21.0
19.0
19.0
17.0
17.0
16.0
17.0
18.0
19.0
17.0
13.0
15.0
14.0
15.0
19.0
16.0
16.0
14.0
13.0
12.0
13.0
13.0
14.0
13.0
15.0
12.0
12.0
11.5
13.0
13.0
12.0
13.5
13.5
11.5
14.0
16.0
16.0
15.0
14.5
13.5
15.0
15.0
16.0
18.5
18.0
13.0
14.0
14.0
16.0
16.0
16.0
20.0
16.0
15.0
13.0
16.0
18.0
17.0
16.0
15.0
15.0
15.0
16.0
19.0
16.0
17.0
17.0
18.0
15.0
16.0
16.0
17.0
18.0
16.0
16.0
15.0
17.0
18.0
17.0
18.0
17.0
16.0
14.0
18.0
19.0
16.0
18.0
16.0
16.0
15.0
17.0
16.0
18.0
19.0
17.0
18.0
17.0
15.0
18.0
18.0
21.0
20.0
18.0
12.0
17.0
18.0
20.0
18.0
17.0
16.0
14.0
17.0
19.0
17.0
20.0
16.0
17.0
15.0
18.0
19.0
18.0
17.0
20.0
16.0
16.0
14.0
20.0
23.0
21.0
20.0
14.0
15.0
17.0
19.0
20.0
17.0
19.0
16.0
15.0
16.0
18.0
21.0
18.0
17.0
16.0
15.0
18.0
18.0
21.0
21.0
19.0
17.0
16.0
18.0
20.0
20.0
19.0
19.0
16.0
18.0
18.0
18.0
19.0
16.0
19.0
18.0
15.0
17.0
15.0
21.0
16.0
20.0
14.0
14.0
14.0
18.0
19.0
19.0
19.0
17.0
17.0
18.0
18.0
22.0
17.0
17.0
17.0
15.0
16.0
18.0
19.0
17.0
18.0
16.0
15.0
15.0
16.0
15.0
18.0
17.0
15.0
15.0
15.0
20.0
20.0
16.0
15.0
13.0
13.0
13.0
16.0
17.0
16.0
17.0
13.0
14.0
16.0
17.0
17.0
16.0
15.0
13.0
13.0
15.0
16.0
14.0
17.0
13.0
14.0
13.0
14.0
16.0
18.0
18.0
17.0
17.0
13.0
15.0
16.0
16.0
18.0
16.0
13.0
14.0
15.0
17.0
16.0
18.0
16.0
14.0
16.0
16.0
18.0
18.0
18.0
17.0
15.0
13.0
16.0
19.0
18.0
19.0
16.0
13.0
14.0
14.0
18.0
20.0
18.0
18.0
15.0
15.0
17.0
18.0
17.0
16.0
17.0
16.0
15.0
16.0
17.0
18.0
19.0
16.0
16.0
17.0
17.0
21.0
19.0
23.0
22.0
19.0
21.0
23.0
26.0
27.0
31.0
39.0
36.0
32.0
40.0
52.0
52.0
50.0
50.0
52.0
55.0
76.0
132.0
56.0
41.0
35.0
30.0
26.0
27.0
32.0
35.0
32.0
27.0
24.0
21.0
24.0
30.0
29.0
24.0
26.0
23.0
22.0
22.0
28.0
29.0
27.0
23.0
23.0
20.0
23.0
28.0
27.0
26.0
23.0
19.0
18.0
22.0
26.0
27.0
24.0
25.0
24.0
20.0
21.0
24.0
25.0
26.0
22.0
21.0
21.0
21.0
23.0
23.0
21.0
21.0
23.0
20.0
22.0
24.0
24.0
26.0
24.0
19.0
19.0
21.0
24.0
25.0
20.0
21.0
19.0
21.0
21.0
22.0
19.0
18.0
17.0
16.0
17.0
18.0
18.0
17.0
18.0
16.0
16.0
17.0
15.0
19.0
19.0
16.0
18.0
19.0
16.0
20.0
21.0
25.0
22.0
20.0
18.0
21.0
19.0
23.0
24.0
21.0
21.0
20.0
18.0
22.0
22.0
22.0
25.0
22.0
22.0
19.0
21.0
25.0
24.0
23.0
22.0
20.0
20.0
21.0
23.0
23.0
22.0
22.0
20.0
21.0
22.0
23.0
25.0
23.0
20.0
20.0
19.0
23.0
23.0
27.0
27.0
23.0
22.0
21.0
23.0
27.0
23.0
27.0
23.0
23.0
19.0
22.0
24.0
27.0
25.0
22.0
20.0
20.0
23.0
28.0
22.0
25.0
24.0
23.0
21.0
24.0
26.0
24.0
24.0
23.0
19.0
19.0
21.0
23.0
22.0
25.0
22.0
23.0
18.0
20.0
25.0
24.0
23.0
25.0
21.0
21.0
18.0
25.0
25.0
24.0
25.0
21.0
18.0
20.0
23.0
25.0
22.0
22.0
21.0
20.0
21.0
24.0
26.0
24.0
23.0
23.0
21.0
23.0
27.0
28.0
23.0
23.0
23.0
17.0
21.0
22.0
23.0
25.0
21.0
22.0
19.0
19.0
24.0
21.0
22.0
20.0
19.0
20.0
23.0
22.0
23.0
22.0
23.0
21.0
18.0
18.0
19.0
18.0
23.0
18.0
18.0
20.0
20.0
22.0
24.0
22.0
22.0
20.5
18.0
21.0
23.5
25.0
26.0
22.0
19.5
19.0
19.0
23.0
22.5
23.0
20.0
18.5
17.0
18.5
19.5
20.0
19.5
18.0
14.5
18.0
17.0
20.5
18.5
19.0
20.5
17.0
18.0
17.0
20.0
21.5
21.0
17.0
18.0
15.5
18.5
20.0
19.0
19.0
20.0
17.0
17.5
17.5
18.5
20.0
19.0
21.0
18.5
19.0
20.0
21.0
23.0
21.0
21.0
18.0
17.5
22.0
23.5
22.0
21.0
22.5
20.0
19.5
17.0
22.0
24.0
22.0
19.0
20.0
16.0
16.0
21.0
24.0
24.0
23.0
21.0
20.0
19.0
24.0
24.0
23.0
22.0
21.0
18.0
19.0
22.0
23.0
21.0
24.0
23.0
18.0
20.0
24.0
24.0
26.0
23.0
18.0
18.0
20.0
25.0
27.0
28.0
25.0
24.0
19.0
20.0
26.0
24.0
24.0
26.0
25.0
22.0
27.0
31.0
34.0
31.0
37.0
29.0
30.0
34.0
54.0
39.0
39.0
32.0
27.0
27.0
30.0
32.0
31.0
29.0
29.0
26.0
23.0
23.0
26.0
27.0
25.0
26.0
23.0
20.0
20.0
25.0
27.0
29.0
28.0
23.0
22.0
23.0
29.0
30.0
28.0
26.0
25.0
23.0
27.0
27.0
30.0
28.0
27.0
25.0
22.0
22.0
36.0
29.0
31.0
24.0
24.0
23.0
20.0
25.0
26.0
24.0
23.0
22.0
23.0
23.0
29.0
26.0
26.0
23.0
23.0
19.0
23.0
25.0
25.0
26.0
24.0
22.0
22.0
21.0
22.0
22.0
21.0
21.0
17.0
18.0
20.0
20.0
19.0
17.0
15.0
15.0
17.0
16.0
16.0
18.0
20.0
21.0
18.0
18.0
16.0
21.0
23.0
22.0
23.0
22.0
19.0
22.0
22.0
25.0
25.0
23.0
21.0
17.0
22.0
25.0
25.0
26.0
23.0
20.0
17.0
20.0
24.0
26.0
25.0
24.0
21.0
19.0
24.0
26.0
27.0
27.0
25.0
23.0
20.0
19.0
25.0
29.0
25.0
26.0
24.0
20.0
22.0
27.0
25.0
24.0
25.0
23.0
24.0
22.0
23.0
26.0
28.0
25.0
25.0
19.0
22.0
28.0
24.0
25.0
22.0
23.0
19.0
19.0
23.0
26.0
27.0
25.0
21.0
23.0
25.0
28.0
27.0
26.0
23.0
20.0
20.0
19.0
25.0
31.0
25.0
23.0
19.0
20.0
20.0
26.0
23.0
27.0
21.0
21.0
19.0
21.0
26.0
29.0
26.0
23.0
22.0
20.0
23.0
24.0
25.0
24.0
23.0
21.0
19.0
24.0
26.0
29.0
30.0
25.0
20.0
20.0
25.0
28.0
31.0
26.0
25.0
21.0
21.0
21.0
29.0
26.0
25.0
24.0
22.0
23.0
22.0
30.0
26.0
23.0
21.0
21.0
21.0
24.0
25.0
26.0
24.0
23.0
22.0
18.0
19.0
24.0
27.0
26.5
23.0
20.5
20.5
20.5
22.0
26.0
23.5
24.0
20.5
20.5
22.0
25.0
23.5
26.0
19.0
20.5
20.5
20.0
23.0
19.0
24.0
21.0
21.0
18.0
19.0
23.5
23.5
22.5
21.0
17.5
18.5
20.5
20.5
19.0
22.5
21.0
18.0
17.0
17.0
23.0
24.0
22.0
21.0
19.0
17.0
17.5
22.5
21.0
23.0
20.5
20.5
19.0
19.0
25.0
22.5
19.0
20.5
18.5
19.5
18.5
21.0
23.0
18.0
21.0
20.0
18.0
19.0
17.0
22.0
22.0
21.0
16.0
18.0
19.0
20.0
20.0
19.0
21.0
17.0
18.0
20.0
20.0
23.0
23.0
20.0
17.0
19.0
18.0
25.0
22.0
20.0
20.0
19.0
18.0
19.0
23.0
21.0
25.0
21.0
20.0
18.0
20.0
20.0
25.0
23.0
18.0
20.0
19.0
19.0
25.0
26.0
26.0
23.0
22.0
21.0
18.0
22.0
22.0
22.0
25.0
24.0
22.0
26.0
28.0
30.0
28.0
30.0
26.0
24.0
26.0
36.0
37.0
38.0
31.0
25.0
22.0
29.0
43.0
35.0
30.0
29.0
23.0
24.0
26.0
29.0
28.0
26.0
28.0
26.0
24.0
19.0
24.0
25.0
25.0
24.0
23.0
21.0
22.0
29.0
26.0
25.0
25.0
22.0
24.0
25.0
25.0
28.0
27.0
23.0
23.0
20.0
22.0
25.0
26.0
25.0
24.0
23.0
20.0
22.0
26.0
23.0
24.0
23.0
21.0
20.0
23.0
24.0
25.0
25.0
21.0
22.0
18.0
23.0
24.0
20.0
24.0
20.0
21.0
21.0
19.0
24.0
22.0
21.0
19.0
18.0
17.0
19.0
21.0
20.0
17.0
16.0
19.0
17.0
17.0
17.0
18.0
16.0
18.0
19.0
20.0
18.0
22.0
24.0
24.0
22.0
21.0
20.0
21.0
20.0
24.0
27.0
22.0
23.0
18.0
21.0
23.0
26.0
29.0
25.0
23.0
22.0
22.0
22.0
27.0
28.0
23.0
21.0
19.0
20.0
24.0
26.0
28.0
22.0
23.0
21.0
23.0
24.0
26.0
23.0
25.0
21.0
18.0
23.0
26.0
26.0
26.0
23.0
24.0
18.0
24.0
22.0
28.0
27.0
22.0
23.0
21.0
22.0
26.0
29.0
24.0
26.0
21.0
21.0
21.0
29.0
25.0
26.0
24.0
21.0
20.0
20.0
24.0
25.0
24.0
23.0
22.0
20.0
21.0
24.0
23.0
24.0
24.0
21.0
20.0
18.0
24.0
25.0
25.0
23.0
22.0
21.0
19.0
26.0
25.0
23.0
21.0
23.0
19.0
24.0
24.0
29.0
27.0
22.0
22.0
19.0
18.0
24.0
26.0
29.0
26.0
20.0
20.0
20.0
26.0
29.0
27.0
23.0
19.0
18.0
20.0
23.0
25.0
24.0
21.0
21.0
23.0
21.0
26.0
22.0
21.0
21.0
21.0
21.0
19.0
25.0
21.0
26.0
24.0
25.0
19.0
20.0
23.0
26.0
24.0
21.0
21.0
16.0
19.0
23.0
21.0
23.5
22.5
17.5
19.0
17.0
23.0
22.5
23.0
20.0
20.0
18.5
18.5
24.0
19.0
22.5
20.5
18.5
16.5
18.0
21.0
22.0
23.0
20.0
20.0
18.0
19.0
20.0
22.0
21.0
19.0
18.0
16.0
17.0
21.0
20.0
22.0
19.0
17.0
18.0
19.0
22.0
20.0
21.0
18.0
18.0
18.0
18.0
23.0
22.0
19.0
23.0
18.0
19.0
17.0
21.0
22.0
20.0
18.0
19.0
16.0
16.0
20.0
21.0
19.0
19.0
17.0
17.0
17.0
18.0
20.0
19.0
17.0
17.0
14.0
17.0
20.0
19.0
22.0
19.0
16.0
15.0
15.0
20.0
22.0
21.0
19.0
19.0
16.0
18.0
19.0
20.0
22.0
17.0
20.0
17.0
19.0
22.0
22.0
20.0
22.0
21.0
23.0
21.0
25.0
29.0
26.0
25.0
21.0
20.0
20.0
22.0
25.0
26.0
23.0
22.0
20.0
21.0
22.0
26.0
27.0
27.0
22.0
22.0
24.0
28.0
33.0
34.0
32.0
31.0
24.0
25.0
43.0
38.0
33.0
31.0
26.0
23.0
24.0
30.0
31.0
24.0
25.0
22.0
22.0
25.0
30.0
26.0
25.0
23.0
21.0
21.0
22.0
23.0
26.0
23.0
24.0
22.0
19.0
22.0
25.0
30.0
26.0
26.0
26.0
20.0
28.0
28.0
31.0
28.0
20.0
27.0
19.0
20.0
25.0
28.0
23.0
29.0
20.0
21.0
22.0
26.0
28.0
30.0
24.0
23.0
20.0
22.0
26.0
27.0
24.0
27.0
21.0
19.0
21.0
25.0
25.0
22.0
21.0
20.0
18.0
20.0
20.0
21.0
20.0
20.0
21.0
17.0
17.0
16.0
19.0
17.0
22.0
17.0
17.0
18.0
21.0
19.0
22.0
22.0
20.0
23.0
24.0
27.0
30.0
26.0
22.0
22.0
21.0
24.0
25.0
27.0
29.0
24.0
23.0
18.0
23.0
30.0
29.0
26.0
26.0
22.0
20.0
25.0
25.0
28.0
22.0
26.0
22.0
20.0
23.0
23.0
26.0
28.0
23.0
24.0
19.0
20.0
24.0
26.0
25.0
23.0
21.0
19.0
23.0
24.0
27.0
27.0
23.0
25.0
21.0
23.0
27.0
27.0
27.0
26.0
25.0
21.0
20.0
28.0
29.0
26.0
27.0
24.0
20.0
24.0
31.0
27.0
29.0
29.0
24.0
21.0
27.0
30.0
31.0
30.0
25.0
25.0
21.0
26.0
30.0
28.0
27.0
27.0
25.0
21.0
23.0
29.0
31.0
31.0
27.0
25.0
25.0
26.0
30.0
29.0
28.0
29.0
27.0
23.0
24.0
35.0
27.0
29.0
26.0
26.0
25.0
29.0
30.0
30.0
28.0
26.0
29.0
23.0
28.0
32.0
29.0
30.0
29.0
25.0
24.0
24.0
33.0
30.0
29.0
25.0
24.0
24.0
28.0
30.0
29.0
29.0
29.0
22.0
23.0
25.0
27.0
29.0
28.0
23.5
23.0
19.5
21.0
24.5
26.0
29.5
26.5
21.5
21.5
23.5
25.5
26.5
29.0
25.0
21.5
23.5
21.5
26.0
28.5
24.0
26.0
24.0
21.5
19.0
22.0
23.0
23.0
24.0
20.5
20.0
22.5
22.5
24.0
28.5
22.0
20.0
22.0
24.0
22.0
24.0
27.0
27.0
21.0
20.0
18.0
25.0
24.0
25.0
25.0
24.0
21.0
21.0
28.0
22.0
17.0
20.0
20.0
20.0
22.0
23.0
23.0
25.0
21.0
21.0
18.0
17.0
22.0
26.0
21.0
20.0
18.0
17.0
21.0
21.0
25.0
25.0
23.0
21.0
17.0
24.0
21.0
26.0
20.0
20.0
22.0
21.0
22.0
22.0
24.0
20.0
20.0
21.0
19.0
17.0
21.0
26.0
23.0
22.0
23.0
19.0
22.0
26.0
24.0
26.0
22.0
22.0
19.5
23.0
24.5
33.5
28.5
27.5
21.0
25.0
23.0
24.5
27.0
26.5
25.0
22.5
22.0
25.0
26.5
26.5
24.5
25.0
24.5
20.5
24.5
28.0
31.0
27.0
28.0
27.5
27.0
36.0
49.0
38.5
32.0
29.0
30.5
25.0
27.5
31.0
28.5
26.0
23.0
25.5
24.5
24.0
28.0
29.0
29.5
25.0
21.5
27.0
27.5
29.0
31.5
28.5
23.0
24.0
22.0
20.5
29.5
30.0
28.5
26.0
20.5
27.0
26.0
28.5
25.0
22.5
24.5
23.0
23.0
26.0
30.0
25.5
24.0
25.0
21.5
19.5
26.0
29.0
25.5
25.5
24.0
23.5
22.5
23.0
27.0
29.0
26.5
25.0
24.5
21.0
24.5
27.0
28.0
26.0
22.0
21.0
20.0
17.0
20.0
23.5
22.0
20.0
17.0
16.0
17.0
19.5
18.0
17.5
17.0
17.5
20.0
20.5
19.0
22.0
21.5
20.0
21.0
21.0
22.0
25.0
23.5
26.0
23.5
22.0
21.5
22.0
25.0
28.5
29.0
25.5
22.5
19.5
25.5
24.5
25.5
23.0
24.0
20.0
22.0
22.5
24.0
24.0
21.0
24.5
22.5
20.0
22.0
29.5
24.0
26.0
25.0
22.0
21.0
24.0
29.0
25.5
26.0
21.0
23.5
25.0
24.5
22.0
26.5
24.5
21.0
22.5
20.5
24.5
30.5
25.0
27.0
23.5
24.5
23.0
23.5
30.0
26.0
29.0
28.5
22.5
23.5
23.5
28.0
30.0
26.0
25.0
25.0
24.0
29.0
26.0
26.0
24.0
22.0
19.0
17.5
22.5
28.5
29.0
30.0
29.0
22.5
20.0
27.0
32.5
33.0
30.5
25.5
27.0
20.0
27.0
31.5
29.5
30.5
25.0
26.0
22.0
25.0
30.5
27.5
25.0
24.0
27.0
23.0
25.5
29.0
29.5
27.0
30.5
28.5
27.0
27.0
28.0
30.0
28.5
28.5
26.5
22.0
26.0
31.5
30.5
33.0
26.5
26.5
26.0
24.0
26.5
31.0
28.5
25.0
19.5
25.0
26.0
33.5
28.0
29.0
26.5
24.5
22.0
19.0
23.5
22.0
28.0
25.0
27.0
25.0
24.0
31.0
28.0
26.5
27.5
24.5
22.5
22.0
24.5
23.5
24.5
23.0
24.0
21.0
20.0
21.0
24.0
24.5
20.5
17.5
20.5
19.5
18.5
23.5
19.5
19.5
18.0
18.0
19.5
23.5
20.0
22.0
23.0
21.0
18.5
22.5
24.5
25.0
22.5
20.0
20.5
19.0
20.5
22.0
24.0
21.0
20.0
16.5
18.5
19.5
24.5
21.0
23.5
22.0
20.0
18.0
20.5
21.0
27.0
26.0
22.0
19.0
15.5
20.5
20.5
21.0
23.0
18.5
18.0
16.0
18.0
23.0
24.5
20.5
19.0
20.5
20.5
19.0
23.5
24.5
22.5
19.5
19.5
18.0
19.0
22.5
20.0
24.0
24.0
24.0
22.5
21.0
23.5
24.5
24.0
21.5
23.5
21.5
23.0
31.0
28.5
26.0
21.0
23.0
23.5
20.0
27.5
26.5
29.5
30.0
24.0
22.5
22.5
34.0
30.5
28.0
22.0
26.0
26.0
24.0
30.0
29.5
34.0
30.0
25.5
28.0
33.5
51.0
34.5
28.5
27.5
25.0
19.5
24.0
27.0
24.5
25.5
22.5
21.5
18.5
21.5
25.5
28.5
26.5
22.0
22.0
25.5
20.0
29.5
29.0
25.5
25.5
26.0
25.0
25.0
31.5
33.5
26.0
29.0
25.0
24.0
27.5
25.0
27.5
27.5
26.5
27.0
22.0
22.0
21.5
21.5
23.0
20.0
20.0
22.0
19.5
26.0
22.5
22.0
18.5
17.0
15.5
21.5
26.5
24.5
23.5
21.0
20.0
19.0
19.0
25.5
25.5
21.0
14.5
17.5
20.5
18.0
21.5
18.5
19.5
15.0
14.5
14.5
14.0
19.0
17.0
17.5
12.5
17.0
18.5
15.5
17.0
18.0
19.0
15.5
19.5
17.0
20.0
21.0
22.5
20.5
18.5
19.0
16.0
16.0
19.5
23.0
22.0
23.0
18.0
16.5
17.5
17.5
20.5
22.0
22.5
19.0
15.5
18.5
20.0
24.0
22.0
20.5
16.0
19.0
19.0
20.0
26.0
23.0
19.5
17.5
17.0
18.5
23.5
23.0
27.5
22.0
20.0
17.5
19.0
22.0
24.0
22.0
23.5
22.0
15.5
21.5
25.0
26.0
23.0
17.5
19.0
18.0
25.0
20.0
23.0
27.5
24.0
18.0
17.0
20.0
25.5
24.5
23.5
22.5
21.5
20.5
15.0
20.5
23.0
21.5
24.0
24.0
17.5
21.0
21.5
24.5
22.5
21.0
20.0
18.5
19.5
23.5
21.5
24.5
21.0
16.0
16.5
23.0
20.0
25.5
25.5
21.0
19.5
18.0
21.0
24.0
21.5
23.5
20.0
23.5
18.5
22.0
27.5
25.5
27.0
20.5
22.0
23.0
25.0
25.0
24.5
25.0
21.5
23.5
16.5
23.5
26.0
29.5
20.5
20.0
17.5
15.5
22.5
25.0
26.0
21.0
28.5
24.5
20.5
18.0
20.5
20.5
23.5
21.5
17.5
16.0
15.5
15.5
18.5
29.0
21.0
15.5
20.5
25.5
22.0
37.0
33.0
32.0
29.0
21.0
30.0
28.5
28.5
30.0
27.0
26.0
24.0
26.5
28.0
22.5
32.0
26.0
19.0
21.5
28.0
24.0
23.5
20.5
22.5
17.5
20.0
22.5
28.5
19.0
26.0
26.0
23.0
19.5
24.5
28.0
27.0
28.5
22.5
18.5
22.5
32.0
28.5
34.0
23.5
30.0
23.0
25.0
33.0
27.5
27.5
26.0
22.0
20.5
19.5
26.0
22.0
26.5
21.0
21.0
22.0
23.0
21.0
27.0
26.5
22.0
23.5
21.5
16.0
24.5
25.5
27.5
25.5
20.0
20.5
26.5
21.5
30.5
29.0
27.5
26.0
20.5
26.0
27.5
28.5
30.0
27.5
27.5
23.5
29.0
26.5
30.0
30.5
32.5
27.0
21.0
22.0
30.0
37.0
30.5
29.0
27.5
22.0
26.0
31.5
30.0
26.0
22.0
28.0
25.0
22.0
29.0
29.0
34.0
29.5
25.0
24.5
21.0
28.5
35.5
35.5
34.0
35.5
31.5
34.0
48.0
56.5
38.5
36.0
30.0
24.0
23.0
26.0
39.0
32.0
30.5
23.0
23.5
28.5
33.0
31.5
32.5
30.5
29.0
24.0
24.5
26.5
29.5
31.5
35.5
24.5
28.5
23.5
28.5
31.0
35.0
32.0
28.5
30.5
28.0
29.0
30.5
29.0
30.5
23.5
25.5
22.5
23.0
28.5
30.5
27.5
26.5
21.0
17.0
22.0
22.0
28.5
25.5
23.0
16.5
19.5
24.0
33.5
24.5
24.0
22.5
20.5
26.0
25.5
26.0
27.0
24.5
20.5
18.5
17.5
18.5
22.0
17.0
15.0
15.0
14.0
17.0
18.0
18.0
13.0
14.0
10.0
11.0
15.0
14.0
15.0
24.0
17.0
16.0
18.0
17.0
17.0
20.0
18.0
19.0
18.0
14.0
14.0
17.0
24.0
24.0
24.0
22.0
17.0
17.0
20.0
21.0
23.0
35.0
16.0
20.0
17.0
19.0
24.0
22.0
23.0
17.0
20.0
19.0
16.0
18.0
21.0
20.0
17.0
18.0
19.0
18.0
23.0
21.0
15.0
20.0
22.0
17.0
21.0
22.0
24.0
28.0
18.0
16.0
15.0
13.0
23.0
21.0
20.0
19.0
17.0
17.0
30.0
22.0
25.0
19.0
21.0
17.0
20.0
19.0
24.0
22.0
21.0
18.0
18.0
14.0
23.0
18.0
17.0
24.0
19.0
19.0
17.0
21.0
23.0
19.0
18.0
19.0
16.0
17.0
13.0
21.0
23.0
19.0
21.0
17.0
21.0
26.0
25.0
22.0
24.0
21.0
20.0
14.0
24.0
25.0
32.0
26.0
14.0
21.0
18.0
18.0
27.0
30.0
23.0
20.0
19.0
18.0
25.0
25.0
25.0
21.0
19.0
14.0
13.0
19.0
22.0
20.0
21.0
19.0
17.0
17.0
21.0
24.0
26.0
23.0
22.0
17.0
14.0
20.0
20.0
17.0
23.0
21.0
15.0
16.0
17.0
19.0
22.0
29.0
20.0
21.0
18.0
22.0
34.0
39.0
39.5
51.0
48.0
36.5
47.0
50.0
52.0
29.5
18.5
24.0
25.5
26.0
29.0
28.5
27.5
29.5
25.5
28.0
28.5
30.5
26.0
35.0
22.5
18.5
20.5
32.5
23.0
21.5
28.0
21.5
22.5
22.5
31.0
28.0
28.5
28.0
30.5
33.0
21.5
31.5
27.5
32.0
26.5
22.0
22.0
23.5
30.0
32.0
31.0
26.5
26.0
18.5
21.5
24.0
30.0
23.5
33.5
33.0
22.0
23.0
23.5
22.5
27.0
32.0
31.5
29.0
21.5
28.5
27.5
22.0
24.5
20.5
23.0
21.5
39.0
42.5
28.0
29.0
29.5
29.5
24.5
26.5
43.0
36.0
34.0
34.0
26.0
25.5
23.5
29.0
41.5
24.5
29.0
22.0
25.0
31.0
36.0
35.0
26.0
31.0
22.5
19.0
27.5
33.5
41.5
54.0
55.5
22.5
27.0
30.5
34.0
35.0
34.0
40.0
26.5
28.5
34.0
54.5
39.5
38.5
37.0
34.5
36.5
29.5
52.0
40.5
44.0
36.0
33.0
27.5
47.5
41.0
37.5
33.0
36.5
24.0
35.0
39.5
47.5
56.0
41.5
33.5
22.0
33.5
45.5
37.5
33.5
40.5
35.0
31.5
31.0
37.0
31.0
38.0
46.0
29.5
31.0
32.5
36.5
35.5
36.0
34.0
31.0
20.5
25.5
38.0
25.5
29.5
36.0
20.5
20.5
22.5
21.5
27.5
20.5
31.5
23.5
17.5
18.5
27.0
29.5
33.5
31.5
28.0
27.0
25.5
26.0
32.5
32.0
26.0
34.0
19.5
28.0
24.0
30.0
36.0
30.0
19.5
28.0
19.5
20.5
33.0
21.0
22.5
17.5
18.0
16.5
15.0
19.5
26.0
21.5
20.0
19.5
19.0
27.0
22.5
30.0
23.0
25.0
22.5
15.5
27.0
25.5
28.5
21.0
22.0
20.0
23.5
17.0
26.0
32.5
28.5
22.0
24.0
20.5
17.0
30.5
33.0
29.0
24.5
23.5
20.5
24.0
27.0
32.0
28.0
25.0
18.5
18.5
20.0
27.0
33.0
32.5
21.0
25.0
15.0
23.5
25.5
29.5
20.5
26.0
32.5
22.5
23.0
24.5
27.0
31.0
21.0
21.0
23.0
27.5
32.5
37.5
32.0
37.5
40.5
20.0
28.0
33.0
38.0
30.5
26.5
29.0
24.0
27.0
32.5
27.5
36.5
33.5
22.5
25.0
29.5
27.0
24.5
20.0
26.0
17.0
25.5
23.5
28.0
21.0
29.5
26.5
14.5
18.5
21.0
29.0
24.0
25.0
24.0
16.0
21.0
20.0
34.5
23.0
23.5
19.5
18.5
17.5
17.5
24.0
26.5
20.5
20.5
21.0
21.0
19.0
28.0
29.5
25.5
17.0
19.0
17.5
28.0
42.0
30.5
27.5
20.0
16.0
21.5
20.0
28.5
26.5
23.0
18.5
19.0
13.0
23.5
24.5
20.0
22.5
23.0
17.0
22.5
27.5
32.5
23.0
29.0
21.0
17.5
17.0
22.0
30.0
29.5
467.0
427.0
402.0
418.0
358.0
245.0
404.0
377.0
367.0
417.0
439.0
341.0
225.0
189.0
295.0
376.0
