-0.159012366652
-0.323725167781
-0.228574526294
-0.121260527151
-0.0659838378793
-0.195183478954
-0.0314348915393
-0.187486784484
-0.0765625545001
-0.237540881425
-0.193420811317
-0.106566988207
-0.0960840695141
-0.0313250178412
-0.19803289614
-0.293078757864
-0.304521784786
-0.113260930058
-0.152778173609
-0.136235401472
-0.105002330837
-0.252449123054
-0.32497965127
-0.305576880039
-0.229198290054
-0.217511697687
-0.207883610308
-0.235272576324
-0.227715592679
-0.239368976428
-0.280473930065
-0.196068899875
-0.0696270330134
-0.149116809107
-0.12344560941
-0.146781475357
-0.324372710736
-0.170635731683
-0.276163689684
-0.211578152919
-0.0510847803088
-0.0273497927437
0.0691446766075
0.125932092666
0.131873243613
-0.117019199998
-0.290416568597
-0.391152299501
-0.449728047087
-0.440809606252
-0.557453815343
-0.548896121708
-0.433825109413
-0.457470241353
-0.38944242239
-0.422624533516
-0.506445388331
-0.45607142826
-0.392666879745
-0.356930825121
-0.29595982493
-0.169936578901
-0.208253110745
-0.324287336393
-0.384977917037
-0.374239360569
-0.227509487345
-0.167132849211
-0.212177512102
-0.277616525369
-0.244838184823
-0.323608945441
-0.298549736596
-0.248426173273
-0.11514703325
-0.0168497663391
-0.0774246883775
-0.279019066156
-0.19167906486
-0.077763493203
-0.236426377701
-0.117006341676
-0.155698877504
-0.186463123544
-0.304802560976
-0.0559842224037
-0.206545069392
-0.105110140377
-0.116477557048
-0.0251406342415
-0.0336745500322
-0.104746529516
-0.120589748711
-0.116465155995
0.141523614821
-0.14243541014
-0.136404601921
-0.139957183291
-0.200011465598
-0.183039070127
-0.247297186845
-0.152407797399
-0.0438569264594
0.00710851302039
-0.0582029221147
-0.210865021672
-0.234042203255
-0.189392335074
-0.166397599524
-0.0209737216931
0.126424752246
-0.117303732282
-0.209276157923
-0.14118071648
-0.174786161023
-0.0572552036055
0.0764960609815
0.0272938072309
-0.0626451531344
-0.161161542026
-0.224566604429
-0.18257789934
-0.143916804778
-0.00063403332759
-0.0647373020579
-0.0814436164444
-0.276635260564
-0.151768850631
-0.175551251976
-0.223242979843
-0.0573159370319
-0.134914423538
-0.0214609655715
-0.193032331405
-0.211189425146
-0.236987387632
-0.0837530860761
-0.0996752327777
-0.163803542871
-0.148352693052
-0.239622936194
-0.29804279304
-0.12879286456
-0.113413964298
-0.246751386893
-0.17170960741
-0.155096498946
-0.163088057574
-0.325499973651
-0.209289600669
-0.127441997284
-0.13961124988
0.088421230506
-0.127372106343
-0.252370868826
-0.244301051238
-0.168370787387
-0.175774340149
-0.080451373647
0.228431824409
0.0988496277413
-0.147102395405
-0.167165115638
-0.208402478681
-0.212036063714
-0.147400017809
0.00983027841183
-0.0317432619364
-0.181239804851
-0.251763570439
-0.185744595725
-0.163504692908
-0.00310940332078
0.0170688880452
-0.0649514951416
-0.245580293951
-0.304570782571
-0.276173953814
-0.183823927479
-0.0386818058321
0.105863656411
-0.208247052054
-0.167263784096
-0.335204823075
-0.355432469627
-0.0441497832969
0.00396229147393
-0.00848537701308
0.206677673561
-0.132927299484
-0.124888478227
-0.14788113175
0.118891178962
0.0469312646945
0.198916869741
0.0810455870733
-0.138023991814
-0.243569682526
-0.202216008492
-0.190208920808
-0.114994714759
-0.0355348867596
-0.16156613762
-0.282265783941
-0.344515241266
-0.307863419334
-0.212212195965
-0.107939767512
-0.0748474991862
-0.271933042307
-0.276970882447
-0.196688913116
-0.327793908249
-0.271495594567
0.0582322497134
-0.123597701897
-0.181345112607
-0.287592150039
-0.122742432251
-0.131836059833
-0.262595737154
-0.13010863834
-0.0304563489376
-0.23598281753
-0.35101214858
-0.230463425958
0.0179196668535
-0.0955603711943
-0.124016240415
-0.161901646817
-0.282161309632
-0.272286669153
-0.345105104278
-0.21344672739
-0.270207251878
-0.135496793941
-0.222742401728
-0.151434270092
-0.280060931995
-0.336902850386
-0.373354618968
-0.26321694449
-0.253356316402
-0.2498150101
-0.263881131104
-0.405010088357
-0.37444567722
-0.420948210845
-0.283803198541
-0.235833637542
-0.228853295214
-0.166381320159
-0.35424611082
-0.478174661657
-0.254009953691
-0.236106112325
-0.249570773785
-0.313707872831
-0.307707410795
-0.305007073311
-0.452403011432
-0.362505163132
-0.211141892021
-0.2546147363
-0.214767281551
-0.246789688647
-0.315773094082
-0.455436554026
-0.290262498006
-0.35627027856
-0.283717424295
-0.296519286055
-0.285074072797
-0.32895654364
-0.493508977124
-0.430164345996
-0.314509756934
-0.398209003698
-0.301710463363
-0.265015424255
-0.444082470777
-0.388363994313
-0.355602637452
-0.370718123405
-0.304766525737
-0.270033488048
-0.263725541069
-0.366896377565
-0.384532407641
-0.404644028367
-0.370724168629
0.0752799567619
-0.0712454862921
-0.2532660156
-0.330636284662
-0.364799852145
-0.351299326862
-0.200745135659
-0.184034537447
-0.172646528139
-0.310420343225
-0.369399163797
-0.344869736845
-0.393759542637
-0.260376270415
-0.19179691912
-0.0774294809749
-0.219469406085
-0.309971429188
-0.309333493784
-0.317997300698
-0.346095060099
-0.170675563964
-0.0730145037161
-0.209989283263
-0.320704696532
-0.192381715591
-0.19876301171
-0.25550945737
-0.265419497446
-0.277454378441
-0.0908712048523
-0.167858441771
-0.287656432438
-0.194104827298
-0.212034742134
0.296048968793
0.106011920975
-0.0333572585467
-0.0916879753088
-0.231127249086
0.0526360846728
-0.0359949282764
0.153387415564
0.011869023518
0.0217240990556
-0.0893231837454
-0.203213931956
0.0202808916427
0.284920275987
0.619768391877
0.508183037128
0.0841166718236
0.296675298187
-0.160766477917
-0.226728954245
-0.0567184559212
-0.118355005491
-0.0923039691753
-0.0745816164297
-0.0711647591615
-0.258243761044
-0.15405203189
0.0197493195929
0.037694865769
-0.0664230704061
-0.0774203181014
-0.191152546649
-0.301638971648
-0.254332232873
-0.0955081620083
-0.0197229328056
-0.015936764905
0.0162022023898
-0.207124197016
-0.30347270468
-0.220716364921
-0.0769383916627
-0.0567612962798
0.124568333409
0.0526687660865
-0.222087873011
-0.327048157304
-0.167749547426
-0.0304226140036
-0.0734551137428
-0.00148744648393
-0.0789569222646
-0.165365645732
-0.0519218047696
-0.0834859099588
-0.0844214002387
-0.0396180175738
-0.0520730926232
-0.0828860927953
-0.0916350323059
-0.296033434905
-0.24318825784
-0.219049070477
-0.00594844306493
-0.0259333351646
-0.107557071207
-0.242437250769
-0.203681577928
-0.154490551523
-0.110651801705
0.163282720314
0.115624307883
-0.126915850568
-0.149978622175
-0.245091987399
-0.118924555151
-0.14335888184
0.252067316676
0.497649085745
0.0362316487749
-0.17816453234
-0.0936115861237
0.128049964681
-0.0290529029825
-0.143039702943
-0.148591304277
-0.192047945394
-0.320793291192
-0.397781835496
-0.439058970069
-0.171776039414
-0.299887390069
-0.1295892241
-0.300600396873
-0.31450904616
-0.350225353564
-0.229360860326
-0.234549765275
2.23474395225e-05
-0.278130330318
-0.230334823778
-0.348397873387
-0.323830180491
-0.0659264686348
-0.0886081401154
-0.0133267085015
0.0241473619733
-0.0821906410002
-0.225787767087
-0.260561101023
-0.121673406542
-0.184619241635
-0.142864433921
-0.1133402291
-0.0111291729398
-0.129916752541
-0.261712056131
0.28470369136
-0.0342905524259
-0.0526849798423
0.00195354727221
0.0453346011177
-0.0386875585164
-0.0935973648851
-0.159691322495
-0.10569007726
-0.134150137968
-0.0306990042323
-0.0245538974753
-0.101124981498
-0.160074090693
-0.0397686406853
-0.0961304434057
-0.0723752508952
-0.0628520451279
0.0837119741338
-0.164326321676
-0.244377182598
-0.223382254238
-0.0754807903395
0.0028285472117
0.0403777869092
0.0200437036124
-0.0946246581394
-0.184261024947
-0.0703444878941
-0.0323304988488
-0.0949647656407
0.211550364286
0.116255888867
-0.0374545535259
-0.0679438876531
0.165820424939
0.303192397485
0.0806331261865
-0.108859506432
0.102342608513
-0.147960669144
-0.166930191205
-0.104415725701
0.102564438362
0.10675566033
0.071760357805
0.0212652312184
-0.0918709926475
-0.149507765416
-0.0740626023024
0.0332743992224
0.118267530301
0.216075722364
0.190185722302
0.00503225653653
-0.0465499509506
0.0585560757156
0.134894061269
0.224209418543
0.111009843004
0.669680267151
0.259814414165
-0.0265775665151
-0.00981985064746
0.025631720644
0.366250601845
0.073941723139
-0.0109590590271
-0.100171451967
-0.192629669549
-0.0961757762899
-0.0619554560726
0.0798732062699
0.0503999265647
0.0792837558686
-0.0598667701641
-0.084115337419
0.0401538334041
-0.0458048281954
0.22932436596
0.127641079469
0.0436025280822
-0.21502526241
-0.255205760502
-0.163902925969
-0.0939723067722
-0.024482051784
0.0918255751523
0.113138515437
-0.170371610179
-0.162869759606
-0.170850086595
-0.043535166184
0.0842428985734
0.0571240036094
-0.0312358982945
-0.0427849770631
-0.0867809286784
-0.146686550444
-0.0444709771942
0.180269686689
0.101093575261
-0.0429784112965
-0.0410211236551
-0.22535769512
-0.19361897138
-0.109420070529
-0.0747991780402
-0.143391577206
-0.119135582802
0.0221395283238
-0.224476316947
-0.107933502002
-0.0575580438702
-0.0272376262853
-0.0346038062971
-0.0913008894771
-0.224065189044
-0.211361867707
-0.212878916876
-0.151113783219
-0.149584325074
-0.0722987458923
0.0409609114853
-0.155997660903
-0.170028144787
-0.196241890318
0.0673289692296
-0.0566076720643
-0.0272292200294
0.147707038079
-0.17202281287
-0.323557665753
-0.246774171207
-0.157188107343
-0.0232884196863
0.00621305067888
-0.0174846641934
-0.0637794636072
-0.304618162361
-0.239381814325
-0.0833857601937
-0.161895946364
-0.0471273398955
-0.142801939892
-0.153410901596
-0.330871596211
-0.200442568377
-0.0297871201937
-0.156769834201
-0.135445777547
-0.143683652039
-0.194290972325
-0.011109129289
-0.0759500820948
0.182929057407
0.136129823957
-0.0265651276977
-0.190386513378
-0.208722959747
-0.192649472153
-0.254798704846
-0.155644516193
0.0656026576497
-0.0844135465881
-0.0818011164308
-0.211752375444
-0.30612889627
-0.128016888273
-0.173028016473
-0.140596195062
-0.20138921949
-0.092662797537
-0.31870182864
-0.365113794801
-0.242858337089
-0.232425015906
-0.180802100912
-0.0731744997307
0.0829267773984
0.391208837608
-0.276490006929
-0.255539685461
-0.0739409579979
0.0293877069482
0.000836779248118
-0.179707214393
-0.212336037964
-0.293648741539
-0.195927273266
-0.19932516433
-0.0452419421687
-0.131608459026
-0.218573969634
-0.264900201619
-0.343321581729
-0.232094228392
-0.213754394626
-0.0489603838927
-0.00286070706567
-0.148668480936
-0.254452372165
-0.294762580952
-0.260435192719
-0.0722849435372
0.00657488654583
0.24463325489
-0.154335345248
-0.333319102066
-0.303493591704
-0.309899572266
-0.201425116028
0.0705784469226
-0.000939329542523
-0.108966326861
-0.248630053945
-0.235963593989
-0.169631304912
0.0547531777598
0.0525543705065
0.276298602006
-0.132756243706
-0.143939117244
-0.0974142776676
-0.123603677464
-0.109138108422
0.153592589023
0.263974695742
0.0280138253024
-0.135918855215
-0.204522600294
-0.205741381204
-0.0753683954228
-0.00269824291694
-0.0733716786568
-0.0217322110248
-0.0930714688909
-0.132987062851
-0.141497480228
-0.13472384904
0.0351454473508
-0.0242471767404
0.0337445532239
-0.116910928673
-0.191255849852
-0.126504081735
-0.0108349853266
0.0157712453784
0.0789846317419
0.0245447862534
0.0912591099
-0.0954655071557
0.117883754191
0.00593542735729
0.164989881462
0.28097255758
0.334399282093
0.157070598521
-0.173112591037
0.186836461238
0.394624284213
1.51519665201
0.708435806689
0.233209473916
0.0264363663974
-0.0328919256191
-0.0104259335442
0.0371634523564
0.0472863484358
0.0929205077828
-0.00615645403919
-0.0183565582011
-0.146675505306
-0.0320344817838
-0.0986614852074
0.127979845104
0.0622039063753
0.103700637541
-0.0609398068379
-0.175781878104
-0.0957974921149
-0.111678299385
0.099874012187
0.233364011688
0.235086248106
-0.0525941074425
-0.166403963442
-0.153989631718
-0.0485058047842
0.00688735056676
0.0271939842808
0.0434308721489
-0.143650690384
-0.200058167024
0.0651198500261
0.0898838502683
0.132126737117
0.0731233529127
0.162160913237
0.00347475927289
-0.139189441848
-0.0581952646999
0.0959289237408
0.0322817235847
0.0604263501033
0.0666607858687
0.0441169785114
-0.24099519461
-0.171731688309
-0.0226311721358
0.0349662650771
0.023041498547
-0.0672496446989
-0.143333202187
-0.1512476518
-0.116766327136
-0.0463472797356
0.116195573132
0.0609597805267
-0.0907837412027
-0.0416055033485
-0.151229382439
-0.106849912925
0.0531998242638
0.186691053781
0.0241732516154
0.0745938819991
-0.0640171948108
-0.21813975567
-0.166020032844
-0.10451155042
-0.129938097661
-0.143651088821
-0.205236994105
-0.300528315723
-0.380045516062
-0.411912031275
-0.399653901484
-0.363003559324
-0.410702789116
-0.270736451841
-0.222765353737
-0.344165376654
-0.0148683932916
-0.318722153044
-0.227190994446
-0.216061632916
-0.206041357742
-0.180070433971
-0.321824938452
-0.275344029101
0.139344762183
-0.0105228760874
-0.029954283946
-0.143091349746
-0.172758060249
-0.185943084695
-0.185131566393
-0.0504818765942
-0.0195267240852
0.0159332640175
-0.0875762778649
-0.117245962615
-0.0554599821697
-0.254088291876
-0.0980029373407
0.0361513120542
-0.0426429867369
0.191251741962
-0.0865673956051
-0.101270380128
-0.0892550157467
-0.0177510691225
0.0858523802035
0.0757427041055
0.165082383288
-0.153954459064
-0.207557047128
-0.21591521895
-0.0743377651181
0.061868943292
0.0365021991989
0.0730573888182
-0.116892545241
-0.178097333533
-0.0976697990688
0.069039971003
0.0514822404639
0.15105917384
0.098560677313
-0.107730060902
-0.142659407626
-0.187410995529
-0.0854201674329
-0.0508320116621
0.0540724128785
0.105697333525
0.0236490110371
-0.14902175111
-0.131761803617
0.15971100613
0.0522966246324
0.0700526143367
-0.0727653047763
0.098106129824
0.137670282787
0.0237581636326
0.0480945251881
0.0205083243407
0.144544284126
0.0917078011654
0.155479496335
-0.113720595441
-0.0968016094876
-0.0222354015063
0.0876713555967
0.196813312893
0.487019395128
0.58271136395
0.0223603131964
-0.105979004979
0.235475308149
0.160455516635
0.159244823404
0.119379870118
0.0909080805674
-0.113020896022
-0.0408398239985
0.0827439735497
0.0670104243253
0.0279053496284
0.0705366566193
0.117431899876
-0.0787880216319
-0.0485337117586
-0.0585474525146
-0.0791238425279
0.0643699383544
0.0172959762027
0.250009099952
-0.165409740758
-0.0232716582613
-0.164902148561
0.0163914405542
0.0830525148671
0.0878799369541
0.0115163788079
-0.207546155917
-0.0713150366423
-0.0372805209188
0.0710896605201
0.221015684694
0.0766950544166
-0.016138380794
-0.0437859612834
-0.162431717388
0.0147347658657
0.0579785636391
-0.0126935638037
-0.0615627795475
-0.0316707979879
0.0295170357975
0.0295153532415
0.109538769217
-0.000985583076408
0.130892772559
0.0117481126143
-0.0829815663901
-0.0521817697362
0.034396407283
-0.15295725255
-0.0478661693811
0.45142422938
0.0163099515329
-0.0880885731731
-0.105431711186
0.0329963377195
0.081599313593
0.128125583945
0.0772263081761
0.0464345983449
-0.00875878238752
-0.047150243609
-0.0534308690279
0.0132430100766
-0.0837716609409
0.0242162081629
0.042682154807
-0.0802100556985
-0.0426725497142
-0.16480734848
-0.068489950742
0.40712218159
0.10474502373
0.00660943852685
-0.0652270943244
-0.20926653607
0.0119312477821
-0.102252130399
0.176669136963
0.176976438248
0.161009777498
-0.00687753566375
-0.125093760961
-0.0426648338436
-0.00504606378713
0.0543568854199
0.177180369094
-0.0735213608098
0.0263543319863
-0.105465319701
-0.0163291567343
-0.0400857564617
0.0846112493122
0.171953717362
-0.0404260993432
-0.0265643618819
0.00604059514535
-0.0730345742108
0.0228357916576
0.0370743265979
-0.0266154964061
-0.0374327037329
-0.226792067631
-0.231904961731
-0.266905176171
-0.2138158813
-0.108469778941
-0.0880270760908
-0.115416610289
-0.224104360334
-0.284820161246
-0.154959646412
-0.126794516641
-0.0778436304509
-0.0915671613035
-0.162563288654
-0.168506727775
-0.210744378431
-0.287255765504
-0.0891432358255
-0.168209835375
-0.102885902996
-0.11020041834
-0.303061499391
-0.323718708742
-0.200398116689
-0.158441879108
-0.164115903571
-0.0321940929909
-0.0202064393065
-0.0600820295655
-0.234050187911
-0.12586938183
-0.0279327724287
-0.127015331638
0.0340739269564
0.201064227879
-0.103381228858
-0.00174603508384
-0.0924051359871
-0.127931007816
0.0988622886418
0.168285242317
0.0520817999759
-0.115424781693
-0.174885089241
-0.0209163178312
-0.0157793715051
0.092472200795
-0.00523505942069
-0.030214727243
-0.177262905286
-0.218400933906
-0.104332005953
0.137153196422
-0.0222871663062
0.0829328773331
0.0941271182997
0.0674868105164
-0.18557136315
-0.00679975954761
-0.066015150708
-0.0271862663623
0.0681945838546
-0.0438005999507
0.0343529718818
-0.247500076122
-0.0933581216649
-0.0293490325962
0.147069065571
0.0413629837883
0.065396226659
0.00594726779366
-0.193247238038
-0.0890630378992
-0.0993119534019
0.260025666611
0.0702895405366
0.315244382722
0.00193513815465
-0.122611377611
-0.113804225775
-0.0194313997242
0.0618165008053
0.446097197774
0.683539452004
0.827352946854
0.804756301359
0.381754316442
0.598548476794
1.26605524872
1.76615558381
2.01576985406
1.66671952984
1.12055783155
1.17268352037
1.26924753542
2.08451552718
1.75018540256
1.66175700335
1.8213016278
1.97283015354
2.50020505372
5.91983766628
14.1819868735
5.2504120136
2.84616607464
1.46045508609
1.05785093394
0.779047267824
0.776622160809
0.956859703704
0.744899751388
0.591629006633
0.324265171713
0.160010011933
0.256937676259
0.221457264221
0.455690066808
0.254577597217
0.36381604944
0.13890785209
-0.0168053864529
0.0534575216514
0.216419330117
0.290509322268
0.33685531035
0.23472293248
0.0743168685607
0.100633761618
-0.0263298046692
0.212596971169
0.247510254282
0.193138506319
0.220867750984
0.0758283378183
0.257131848939
0.0823899679412
0.200860579303
0.801752513121
0.303830139816
0.160822115833
0.222757158645
0.17254140319
0.321781251375
0.31575876168
0.26246257799
0.314151746957
0.319515289853
0.0887977907693
0.130010289502
0.217928027919
0.214134428454
0.338775986424
0.26846985281
0.157243292694
0.052175539314
0.00726021436968
0.177866662704
0.103283190433
0.428508769845
0.285228931158
0.280885622175
0.261235314099
0.288293641025
0.124574811039
0.212938772715
0.372985826382
0.330871060281
0.246256500394
0.188679277415
0.100510381812
0.0975255619016
0.299065573942
0.100411059078
0.010874167949
0.0567377704114
-0.158182119398
-0.157857475757
-0.143714420911
-0.166999940521
-0.232995119662
-0.0848452102388
-0.189742259985
-0.21641975801
-0.248573107556
-0.212534819193
-0.267174101138
-0.17435640154
-0.135696055966
-0.148413089142
-0.121196609425
-0.255988059467
-0.15087823303
-0.0174699511598
0.231502974464
0.167855542216
0.0939032593999
-0.00417481450398
-0.118702994285
0.0950268397879
0.0797189161883
0.0869974932407
0.266990735847
0.183763022784
0.09924340508
-0.0739157857315
-0.164221901807
0.0178355969647
0.0467450898085
0.147849571269
0.0775384968866
-0.00625612209587
0.0607097391902
0.0483770844147
0.133949701997
0.26003259988
0.239400968318
0.256063324274
0.0473196112781
-0.101721831267
0.0107352379176
0.107069261975
0.175393230213
0.277712936388
0.207469316222
0.0830084893452
0.134602028523
0.0678187767057
0.422128010426
0.49559405853
0.522347469555
0.593668635059
0.0998579964454
0.0313695520128
-0.0149359595769
0.198320816083
0.310578686366
0.331837294539
0.303122836077
0.0702298333823
0.155706560944
0.168064781393
0.111812721145
0.613317345176
0.311345927802
0.527711399025
0.532955459228
0.370447969445
0.287193932882
0.284806555024
0.393435620704
0.325126135052
0.303410483326
0.0811317087942
0.0515774889761
0.110497862294
0.235724124911
0.292911837892
0.299522208934
0.323932256594
0.0838134488349
0.0626097762619
0.0960325564994
0.159769127238
0.323702733849
0.378856774527
0.20911320641
-0.0296308632851
-0.015592888046
0.015532424985
0.141570046256
0.319382625816
0.368030876558
0.216425733044
0.126566327288
-0.0605835710703
0.0192654632459
0.215753830728
0.280169640986
0.446155025547
0.318891351052
0.256871138781
0.0732452059569
0.0519818558965
0.121109740261
0.302269646236
0.199129299051
0.123811341712
0.164776107168
0.00872911810338
-0.0425911560921
0.099879832215
0.144687760208
0.258034692318
0.250298440867
0.216980922038
0.0148635992596
0.0528176595488
0.0704827526451
0.179866886608
0.152313842374
0.286432438233
0.12861062849
0.114904105016
0.157319110924
0.220759599338
0.246836048715
0.311675860693
0.195118650983
0.0820072100046
0.0270357327374
0.0330429058828
0.0679225053184
0.135578675553
0.1159448916
0.234877105344
0.0213527321538
-0.0413271382912
0.0699765739078
0.0490641444382
0.306210534204
0.0939426841393
0.198338868671
-0.0116194683129
-0.0849038513689
0.0471585417897
0.190558486414
0.086960086069
0.000289170583816
0.215427575612
0.0117141839012
0.0372387064619
-0.0346870523653
0.027214109861
0.0913365800787
0.126670561607
0.299628710165
0.0229874580301
-0.120013524049
0.0147006726709
0.100037716731
0.219851157411
0.151223508251
0.199691618696
0.0118694961378
0.0121025809464
-0.0438286540719
0.117178897575
0.108466915275
0.0950030342289
0.122897403907
-0.0370537477592
-0.135227257428
-0.0742219898109
0.206216691599
0.0660766934384
0.0511430651605
0.318838664891
0.137436823268
0.00613873536736
-0.00236206712282
0.104734133829
0.204565325952
0.0372453420423
-0.124719468808
-0.1016368595
-0.260107241678
-0.114729001184
-0.0717534079886
-0.00716894138814
0.0292723239061
0.00430389416134
-0.0958944711413
-0.161441752273
-0.178704308717
-0.181668426574
-0.0486509061577
0.0463033592195
0.0573705569804
-0.0644929608028
-0.218900842394
-0.206712744926
-0.204859246081
-0.135615802883
0.0250273246527
-0.102539832639
-0.0717035571549
-0.200655040011
0.0137132486862
-0.0793586096655
0.00466975473852
-0.0555587856563
0.0988711053738
-0.053417929301
-0.0432309602258
0.016366503341
0.0118102027488
0.305331930263
0.171289711502
0.0434258651903
-0.125647901215
-0.272665782835
-0.166589118127
-0.0341821403124
0.0185261746366
0.0426988153442
0.140727195157
-0.135678505498
-0.193243968499
0.00427002308802
-0.0343347906303
0.15576307573
0.132470679251
0.0995099890297
-0.170440973317
-0.165565147164
0.0866235366211
-0.0598744878969
0.0317612211143
0.106487103074
0.020140421865
0.0139898229415
-0.225793383041
-0.143725151652
-0.085919202695
0.00923757291854
-0.00915793859912
0.00442336039826
0.0153926422057
0.128638658453
-0.114812589258
0.100050210843
0.0493392725627
0.0470232277917
0.0116024191287
-0.0568626034907
-0.119253407783
-0.127056617014
0.0592492724472
0.159161969665
0.125200003142
0.12986493581
0.0348733354606
-0.109406560893
0.0337636146108
0.348083369818
0.385880812033
0.344580245347
0.311236882485
0.0385012932211
0.0716616721438
0.0559488931428
0.190926007796
0.16097311694
0.223470734259
0.228417503264
0.246908633937
0.112437557952
