0.0
0.0
0.0
0.0
0.0555555555556
0.0588235294118
0.0
0.0
0.0
0.0
0.0
0.0277777777778
0.222222222222
0.375
0.205882352941
0.433333333333
0.25
0.5
0.176470588235
0.25
0.176470588235
0.4
0.470588235294
0.5
0.375
0.1875
0.0333333333334
0.1875
0.0625
0.0
0.0
0.0
0.0
0.0
0.0
0.3125
0.0
0.0
0.294117647059
0.0588235294118
0.0
0.0
0.0
0.0
0.25
0.0
0.0
0.0
0.0
0.0
0.0
0.0
0.125
0.0
0.0
0.0
0.0
0.0
0.0
0.0714285714286
0.0669642857143
0.0294117647059
0.0849673202614
0.111111111111
0.0833333333333
0.0544117647059
0.235294117647
0.233333333333
0.0606617647059
0.21875
0.183823529412
0.09375
0.0
0.025
0.0882352941179
0.0
0.0625
0.0
0.0
0.0
0.0588235294118
0.0666666666667
0.0
0.0
0.0588235294118
0.333333333333
0.2
0.272727272727
0.0625
0.235294117647
0.529411764706
0.666666666667
0.0833333333333
0.0555555555556
0.25
0.0625
0.0625
0.0
0.363636363636
0.0588235294118
0.0
0.142857142857
0.0666666666667
0.133333333333
0.0669642857143
0.0669642857143
0.0884615384615
0.264957264957
0.271493212669
0.538461538462
0.469230769231
0.583333333334
0.472222222222
0.469230769231
0.288888888889
0.444444444444
0.316666666667
0.372549019607
0.45
0.591666666667
0.5
0.534722222222
0.444444444444
0.4
0.516339869281
0.398692810457
0.594117647059
0.701388888889
0.486111111111
0.839583333333
0.541666666666
0.78125
0.375
0.272727272727
0.357142857142
0.428571428571
0.261363636364
0.323863636364
0.375
0.53125
0.40404040404
0.333333333333
0.588235294117
0.656862745098
0.7
0.611111111111
0.633333333333
0.522727272728
0.5625
0.585227272728
0.5
0.375
0.5
0.3375
0.5
1.07738095238
1.03571428572
0.452380952381
0.519230769231
0.3125
0.25
0.285714285714
0.25
0.333333333333
0.555555555556
0.25
0.25
0.25
0.5
0.375
0.428571428571
0.428571428571
0.625
0.571428571429
0.285714285714
0.3
0.444444444444
0.444444444444
0.4
0.222222222222
0.333333333333
0.285714285714
0.266666666667
0.333333333333
0.1875
0.272727272727
0.285714285714
0.285714285714
0.333333333333
0.375
0.6
0.777777777778
0.9375
0.888888888889
0.777777777778
0.5
0.266666666667
0.266666666667
0.375
0.333333333333
0.375
0.875
1.0
1.0
1.16666666667
1.0
0.8
0.833333333333
0.819444444444
1.0625
0.941176470588
1.05555555556
1.0
0.9
0.878676470588
0.875
0.866071428571
0.878676470588
0.944444444444
0.9375
0.845238095238
1.0
1.08496732026
0.888888888889
0.881944444444
1.0
0.8875
1.0
0.928571428571
0.878571428572
0.928571428571
0.944444444444
1.0
1.0625
1.0
1.13392857143
1.0
1.0
1.0
0.9375
0.757352941176
0.6125
0.6875
1.0
0.928571428571
1.0
1.0
0.958333333334
0.630681818182
0.75
1.0
1.17424242425
1.0
0.866071428571
0.866071428571
0.833333333333
1.0
0.833333333333
1.0
1.07142857143
0.933333333333
0.833333333333
0.928571428571
0.916666666666
0.916666666666
0.833333333333
1.0
0.866071428571
0.928571428571
0.878676470588
0.710084033613
0.710084033613
0.657142857143
0.657142857143
0.585714285715
0.75
0.739495798319
0.845238095238
0.757142857143
0.928571428571
0.8
0.816666666667
0.757142857143
0.8
0.666666666667
0.732142857143
0.676470588235
0.732142857143
0.811764705883
0.733333333333
0.8
0.8
1.0
0.6875
1.0
0.666666666667
0.888888888889
1.0
0.882352941176
0.818181818182
0.727272727273
0.714285714286
0.8
0.866666666667
1.0
0.875
0.833333333333
0.875
0.8
0.875
1.13333333333
1.0
1.0
0.823529411765
0.8
0.833333333333
0.828431372549
0.811764705883
0.849264705883
0.811764705883
0.828571428572
0.866071428571
0.875
0.866071428571
0.845238095238
0.875
0.823076923077
0.920588235294
0.875
1.0
0.8
0.823529411765
0.857142857143
0.8
0.833333333333
0.75
0.75
0.8125
0.875
1.0
0.8
0.80625
0.934873949579
1.0
0.828431372549
0.882352941176
0.932126696832
1.0
0.75
0.970588235294
0.811764705883
0.630681818182
0.545454545455
0.741666666666
0.75
0.85
0.866071428571
0.866071428571
0.775
0.808333333333
0.75
0.75
0.75
0.8875
0.8
0.642857142857
0.63961038961
0.75
0.75
0.75
0.7
0.692307692308
0.714285714286
0.75
0.8
0.8
0.692307692308
0.75
0.75
0.733333333333
0.75
0.666666666667
0.75
0.75
0.705882352941
0.769230769231
0.777777777778
0.833333333333
0.888888888889
0.857142857143
0.818181818182
0.75
0.75
0.75
0.75
0.75
0.75
0.818181818182
0.818181818182
0.8
0.75
0.818181818182
0.8
0.8
0.75
0.6
0.75
0.75
0.75
0.75
0.75
0.75
0.75
0.75
0.75
0.714285714286
0.8
0.833333333333
0.8
0.75
0.75
0.75
0.714285714286
0.75
0.75
0.8
0.75
0.75
0.75
0.714285714286
0.714285714286
0.714285714286
0.7
0.666666666667
0.75
0.8
0.75
0.727272727273
0.714285714286
0.7
0.75
0.714285714286
0.666666666667
0.666666666667
0.714285714286
0.75
0.75
0.8
0.8
0.7
0.75
0.7
0.75
0.777777777778
0.714285714286
0.666666666667
0.636363636364
0.545454545455
0.6
0.666666666667
0.7
0.75
0.8
0.75
0.75
0.666666666667
0.75
0.714285714286
0.833333333333
0.714285714286
0.666666666667
0.666666666667
0.75
0.75
0.75
0.75
0.75
0.666666666667
0.7
0.75
0.75
0.714285714286
0.714285714286
0.714285714286
0.714285714286
0.714285714286
0.714285714286
0.714285714286
0.75
0.75
0.75
0.75
0.714285714286
0.8
0.714285714286
0.666666666667
0.75
0.75
0.8
0.857142857143
0.666666666667
0.75
0.666666666667
0.8
0.714285714286
0.75
0.666666666667
0.666666666667
0.6
0.545454545455
0.6
0.75
0.75
0.666666666667
0.666666666667
0.75
0.75
0.666666666667
0.8
0.666666666667
1.0
0.8
0.666666666667
0.666666666667
0.666666666667
0.666666666667
0.75
0.666666666667
0.666666666667
0.714285714286
0.75
0.714285714286
0.714285714286
0.714285714286
0.714285714286
0.666666666667
0.75
0.75
0.75
0.666666666667
0.75
0.75
0.75
0.666666666667
0.666666666667
0.666666666667
0.666666666667
0.666666666667
0.75
0.714285714286
0.75
1.0
0.666666666667
0.8
0.75
0.666666666667
0.666666666667
0.666666666667
0.8
1.0
1.0
2.14285714286
1.42857142857
1.33333333333
1.0
1.0
1.0
1.0
0.833333333333
1.0
1.14285714286
1.0
1.0
1.0
1.0
1.0
1.0
0.8
0.816666666667
0.8
0.8
0.8
0.8
0.75
0.75
0.75
0.75
0.8
0.8
0.75
0.75
0.75
0.8
0.8
0.833333333333
0.833333333333
0.75
1.0
0.75
1.0
0.8
0.833333333333
1.0
1.0
0.708333333334
0.75
0.8
0.775
0.75
0.775
0.833333333333
0.8
0.75
0.585714285715
0.714285714286
0.8
0.833333333333
0.775
0.666666666667
0.708333333334
0.75
0.75
0.75
0.75
1.0
1.0
0.8
0.75
0.8
1.0
1.0
0.75
0.8
0.75
0.75
0.75
0.75
0.75
0.666666666667
0.75
0.8
0.75
0.714285714286
0.75
0.8
0.75
0.75
0.75
0.75
0.75
0.8
0.8
0.75
0.75
0.708333333334
0.9
0.8
0.8
0.75
0.666666666667
0.75
0.75
0.666666666667
0.75
0.666666666667
0.6125
0.571428571429
0.733333333334
0.75
0.75
0.75
0.75
0.75
0.708333333334
0.75
0.75
1.0
1.0
0.75
0.75
0.75
0.75
0.75
0.75
0.666666666667
0.75
0.75
0.666666666667
0.75
0.666666666667
0.75
0.666666666667
0.666666666667
0.75
0.666666666667
0.75
0.666666666667
0.666666666667
0.666666666667
0.666666666667
0.666666666667
0.666666666667
0.75
0.666666666667
0.666666666667
0.666666666667
0.666666666667
0.75
0.666666666667
0.75
0.75
0.75
0.666666666667
0.75
0.666666666667
0.75
0.75
0.625
0.5
0.6
0.75
0.75
0.75
0.666666666667
0.666666666667
0.666666666667
0.75
0.75
1.0
1.0
0.75
0.75
0.666666666667
0.666666666667
0.666666666667
0.666666666667
0.708333333334
0.666666666667
0.666666666667
0.708333333334
0.708333333334
0.666666666667
0.666666666667
0.666666666667
0.666666666667
0.666666666667
0.666666666667
0.666666666667
0.666666666667
0.666666666667
0.708333333334
0.666666666667
0.875
0.666666666667
0.666666666667
0.666666666667
0.666666666667
0.666666666667
0.666666666667
0.708333333334
0.708333333334
0.666666666667
0.666666666667
0.708333333334
0.666666666667
0.666666666667
0.666666666667
0.75
0.666666666667
0.5
0.5
0.633333333334
0.666666666667
0.666666666667
0.666666666667
0.666666666667
0.666666666667
0.666666666667
0.666666666667
0.666666666667
0.666666666667
1.0
0.666666666667
0.666666666667
0.666666666667
0.666666666667
0.666666666667
0.666666666667
0.666666666667
0.666666666667
0.666666666667
0.666666666667
0.666666666667
0.666666666667
0.666666666667
0.666666666667
0.666666666667
0.666666666667
0.666666666667
0.666666666667
0.666666666667
0.666666666667
0.666666666667
0.666666666667
0.666666666667
0.666666666667
0.666666666667
0.666666666667
0.666666666667
0.666666666667
0.666666666667
0.666666666667
0.666666666667
0.666666666667
0.666666666667
0.666666666667
0.666666666667
0.666666666667
0.666666666667
0.666666666667
0.5
0.5
0.375
0.666666666667
0.666666666667
0.666666666667
0.666666666667
0.666666666667
0.666666666667
0.666666666667
0.666666666667
0.666666666667
0.666666666667
1.0
0.666666666667
0.666666666667
0.666666666667
0.666666666667
0.666666666667
0.666666666667
0.666666666667
0.666666666667
0.666666666667
0.666666666667
0.666666666667
0.666666666667
0.666666666667
0.666666666667
0.666666666667
0.666666666667
0.666666666667
0.666666666667
0.666666666667
0.666666666667
0.666666666667
0.666666666667
0.666666666667
0.666666666667
0.666666666667
0.666666666667
0.666666666667
0.666666666667
0.666666666667
0.666666666667
0.666666666667
0.583333333334
0.5
0.666666666667
0.5
0.583333333334
0.666666666667
0.666666666667
0.666666666667
0.5
0.401785714286
0.5
0.666666666667
0.666666666667
0.666666666667
0.583333333334
0.666666666667
0.666666666667
0.666666666667
0.666666666667
0.5
1.0
0.666666666667
0.666666666667
0.666666666667
0.666666666667
0.666666666667
0.666666666667
0.666666666667
0.666666666667
0.666666666667
0.666666666667
0.666666666667
0.666666666667
0.666666666667
0.666666666667
0.666666666667
0.666666666667
0.666666666667
0.666666666667
0.666666666667
0.666666666667
0.666666666667
1.0
0.666666666667
0.666666666667
0.666666666667
0.666666666667
0.666666666667
0.666666666667
0.666666666667
1.0
0.666666666667
0.666666666667
1.0
0.666666666667
0.666666666667
0.666666666667
0.666666666667
0.666666666667
0.333333333333
0.428571428571
0.285714285714
0.75
0.666666666667
0.666666666667
0.666666666667
0.666666666667
0.666666666667
0.666666666667
0.666666666667
0.666666666667
0.666666666667
0.666666666667
0.583333333334
1.33333333333
1.33333333333
1.33333333333
0.999999999998
1.5
1.5
1.5
1.25
1.25
1.66666666667
1.16666666666
0.833333333334
0.833333333334
0.833333333334
0.833333333334
0.357142857142
0.625
1.16666666666
1.0
1.0
1.0
0.833333333334
0.833333333334
0.833333333334
0.5
0.833333333335
1.0
1.75
