1.71875
1.625
1.64705882353
1.58823529412
1.76470588235
1.94444444444
1.82352941176
2.05882352941
1.72222222222
1.76470588235
1.94117647059
1.33333333333
1.33333333333
1.55555555556
1.47058823529
1.66666666667
1.8125
1.625
1.375
1.52941176471
1.3125
1.33333333333
1.46666666667
1.58823529412
1.375
1.8125
1.75
1.86666666667
2.0
1.66666666667
2.13333333333
1.47058823529
1.64705882353
1.64705882353
1.53333333333
1.66666666667
1.5625
1.76470588235
1.70588235294
1.41176470588
1.53333333333
1.53333333333
2.33333333333
1.5
1.6875
2.125
1.375
1.46666666667
1.6
1.64285714286
1.5
1.5
1.61428571429
1.35294117647
1.38461538462
1.47058823529
1.30769230769
1.11111111111
1.35972850679
1.41176470588
1.10084033614
1.0
1.11764705882
1.16666666667
1.16666666667
1.27777777778
1.16666666667
1.05882352941
1.16666666667
1.125
1.07692307692
1.08333333333
1.08333333333
1.33333333333
1.08333333333
1.16666666667
1.0
1.09090909091
1.0
1.16666666667
1.08333333333
1.17424242425
1.22727272727
1.26136363637
1.17424242425
1.07486631016
1.19090909091
1.14545454546
1.15340909091
1.17045454546
1.13368983958
1.04545454546
1.27205882353
0.96875
1.14166666666
1.12215909091
1.15625
1.0
1.26136363637
1.23636363637
1.08571428571
1.10714285714
1.05
1.03333333333
1.0
1.11111111111
1.07142857143
1.11111111111
1.23529411765
1.11111111111
1.17647058824
1.23529411765
1.21428571429
1.17647058824
1.17647058824
1.2
1.1
1.11111111111
1.11111111111
1.08333333333
1.25
1.0
0.941176470588
0.888888888889
1.0
1.16666666667
1.2
1.1875
1.1875
1.1875
1.25
1.16666666667
1.33333333333
1.27272727273
1.33333333333
1.15476190477
1.07142857143
1.23529411765
1.22222222222
1.15073529412
1.14379084968
1.20202020202
1.0
1.09090909091
1.09722222222
1.04166666666
1.075
1.03333333333
1.15757575758
1.07291666666
1.1875
1.17878787879
1.08333333334
1.13392857143
1.03333333333
1.34285714285
1.2
1.2
1.21428571429
1.23529411765
1.22222222222
1.15384615385
1.15384615385
1.11111111111
1.125
1.17647058824
1.15384615385
1.1
1.15384615385
1.0
1.125
1.14285714286
1.125
1.125
1.23076923077
1.16666666667
1.08333333333
1.0
1.14285714286
1.08333333333
1.11111111111
1.08333333333
1.25
1.25
1.125
1.125
1.04166666666
1.0
1.13025210084
1.10101010101
1.14358974359
1.19375
1.07670454546
1.0
1.0
0.970588235294
0.916666666667
1.0
0.944444444444
0.902777777778
1.03125
1.07670454546
0.944444444444
1.11666666667
0.966666666667
1.0
1.0
1.12142857143
1.2
1.0
1.0
1.16666666667
1.11111111111
1.15384615385
1.14285714286
1.16666666667
1.11111111111
1.25
1.0
1.0
1.11111111111
1.0
1.22222222222
1.16666666667
1.16666666667
1.25
1.16666666667
1.22222222222
1.2
1.07692307692
1.0
1.11764705882
1.11111111111
1.125
1.16666666667
1.33333333333
1.26666666667
1.09090909091
1.36666666667
1.21590909091
1.13025210084
1.10795454546
1.14583333334
1.2
1.03125
1.0
1.10101010101
1.0
1.0
0.912878787879
1.125
1.0
0.96875
1.125
1.125
1.23011363637
1.16666666666
1.15476190477
1.0
1.08571428571
1.15966386555
1.16666666667
1.11111111111
1.0
1.11111111111
1.0
1.16666666667
1.0
1.0
1.0
1.1
1.05555555556
1.0
1.0
1.16666666667
1.1
1.1
1.14285714286
1.0
1.0
1.14285714286
1.16666666667
1.16666666667
1.0
1.0
1.16666666667
1.0
1.0
1.0
1.2
1.125
1.0
1.17647058824
1.0
1.14285714286
1.0
1.0
1.11111111111
1.0
1.0
0.916666666667
0.818181818182
1.125
1.0
1.0
0.875
1.0
1.0
1.0
1.2
1.0
1.0
1.14285714286
1.14285714286
1.14166666666
1.0
1.14583333334
1.14583333334
1.0
1.16666666667
1.0
1.0
1.0
1.1125
1.0
1.13392857143
1.04545454546
1.12698412699
1.18333333334
1.0
1.2
1.0
0.857142857143
1.18333333334
1.0
1.16666666667
0.944444444444
1.0
1.0
1.08333333334
1.20833333334
1.08333333334
0.828571428572
1.0
1.0
1.0
1.0
1.0
0.8875
1.0
1.0
0.954545454545
1.0
0.738636363636
0.878571428572
1.0
0.816666666667
0.857142857143
1.0
1.07142857143
1.08333333334
1.0
1.0625
1.0
1.0
1.18333333334
1.225
1.0
1.0
1.0
1.0
1.0
1.0
1.0
1.0
1.0
1.0
1.05
0.828571428572
1.0
1.0
1.0
1.0
1.0
1.0
1.0
1.0
0.928571428571
1.0
1.16666666667
1.0
1.0
0.816666666667
1.0
1.0
1.0
1.0
1.0
1.2
1.0
1.0
1.0
0.816666666667
1.0
0.75
0.75
0.816666666667
1.0
1.0
1.0
1.0
1.0
1.0
0.816666666667
1.0
1.0
1.0
1.0
1.0
1.0
1.0
1.16666666667
1.08333333334
1.0
0.928571428571
1.0
1.0
1.0
1.0
0.928571428571
1.0
1.0
1.07142857143
1.0
1.0
1.0
1.0
0.816666666667
1.0
1.0
1.0
1.0
1.0
1.0
1.0
1.0
1.0
0.9
1.0
1.0
1.20833333334
1.0
1.0
1.0
1.0
1.0
0.8
0.75
0.732142857143
1.0
0.75
1.0
1.0
1.0
1.0
1.0
0.928571428571
1.0
1.0
1.0
0.916666666666
0.9
1.0
1.0
1.0
1.0
1.0
1.0
1.0
1.0
1.0
0.9
1.0
1.0
1.08333333334
1.0
1.0
1.0
1.0
1.0
1.0
1.0
1.0
1.0
1.0
1.0
1.0
1.0
1.0
1.0
1.0
1.0
1.125
1.0
1.0
1.0
1.0
1.0
0.9
0.75
0.585714285715
0.8
0.75
1.0
1.1
1.0
1.0
1.0
1.0
1.0
1.0
1.0
1.0
1.0
1.0
1.0
1.0
1.0
1.0
1.0
1.0
1.0
1.0
1.0
1.0
1.0
1.0
1.0
1.0
1.0
1.0
1.0
1.125
1.0
1.0
1.0
1.0
1.0
0.775
1.0
1.0
1.0
1.0
1.0
1.0
1.0
1.0
1.0
1.0
1.0
1.33333333333
1.5
2.17142857143
1.25
1.36666666667
1.33333333333
1.33333333333
1.25
1.0
1.225
1.33333333333
1.33333333333
1.0
1.0
1.0
1.0
1.0
1.0
1.0
1.0
1.0
1.0
1.0
1.0
1.0
1.0
1.0
1.0
1.0
1.0
1.0
1.0
0.8
1.0
1.0
1.0
0.75
1.0
1.0
0.75
1.0
0.666666666667
0.666666666667
1.0
1.0
1.0
1.0
1.0
1.0
1.0
1.0
1.0
1.0
0.75
0.571428571429
0.8
1.0
1.0
1.0
0.75
1.0
0.75
0.75
0.75
1.0
1.0
1.0
1.0
1.0
1.0
1.0
1.0
1.0
0.875
1.0
0.75
1.0
0.666666666667
1.0
1.0
1.0
0.75
1.0
1.0
0.666666666667
1.0
1.0
1.0
1.0
0.666666666667
0.666666666667
1.0
0.666666666667
1.0
1.0
1.0
1.16666666666
1.0
0.708333333334
1.0
1.0
1.0
1.0
1.0
1.0
0.666666666667
0.598214285715
0.75
1.0
1.0
1.0
1.0
1.0
1.0
0.833333333334
1.0
1.0
1.0
1.0
1.0
0.666666666667
0.666666666667
1.0
1.0
1.0
1.0
1.0
1.0
0.666666666667
1.0
1.0
1.0
1.0
1.33333333333
1.33333333333
1.0
1.0
1.0
1.33333333333
1.0
1.0
1.0
1.0
1.0
1.33333333333
1.0
1.0
1.0
1.33333333333
0.833333333334
1.0
1.0
1.0
1.0
1.16666666666
1.0
1.0
0.803571428571
0.642857142858
1.0
0.75
1.0
1.0
1.16666666666
1.0
1.16666666666
1.16666666666
1.33333333333
1.0
1.16666666666
1.0
1.0
1.33333333333
1.33333333333
1.0
1.33333333333
1.33333333333
1.66666666667
1.33333333333
1.0
1.0
1.66666666667
1.33333333333
1.66666666667
1.0
1.33333333333
1.0
1.0
1.0
1.33333333333
1.66666666667
1.66666666667
1.33333333333
1.0
1.33333333333
1.66666666667
1.33333333333
1.33333333333
1.66666666667
1.33333333333
1.33333333333
1.5
1.33333333333
1.41666666666
1.83333333333
1.33333333333
1.16666666666
1.0
1.5
1.0
1.0
0.857142857143
1.125
1.33333333333
1.33333333333
1.16666666666
1.16666666666
1.16666666666
1.16666666666
1.16666666666
1.83333333334
2.0
1.5
1.5
0.666666666667
0.666666666667
0.666666666667
1.33333333333
1.0
0.666666666667
0.666666666667
1.33333333333
1.0
1.0
1.0
1.33333333333
0.666666666667
1.0
0.666666666667
0.666666666667
0.666666666667
1.0
1.33333333333
0.666666666667
1.0
1.33333333333
1.0
0.666666666667
0.666666666667
0.666666666667
0.666666666667
1.0
0.666666666666
0.666666666666
0.833333333334
0.75
0.666666666667
0.333333333333
0.666666666666
0.666666666667
0.666666666667
1.16666666667
0.964285714285
1.1875
0.75
0.5
0.999999999998
0.666666666667
0.666666666666
0.666666666667
0.666666666667
0.833333333334
0.666666666667
0.583333333334
1.5
1.0
0.333333333333
0.666666666667
0.333333333333
0.666666666667
0.666666666667
0.333333333333
0.666666666667
0.666666666667
1.66666666667
1.0
0.666666666667
0.666666666667
0.666666666667
0.666666666667
0.666666666667
0.666666666667
0.666666666667
0.666666666667
1.0
0.333333333333
0.666666666667
0.666666666667
0.666666666667
0.666666666667
0.333333333333
0.666666666667
0.333333333333
0.333333333333
0.666666666667
1.0
0.666666666667
1.0
0.5
0.333333333333
0.666666666667
0.333333333333
0.666666666667
0.666666666667
0.666666666667
0.285714285714
0.5
0.333333333333
0.666666666667
0.666666666667
0.666666666667
0.666666666667
0.666666666667
0.666666666667
0.666666666667
0.666666666667
0.5
1.0
