0.0625
0.0
0.0
0.0
0.0555555555556
0.0588235294118
0.0
0.0
0.0
0.0
0.0
0.0
0.0555555555556
1.9
0.0588235294118
0.0666666666667
0.0625
0.0625
0.0588235294118
0.0625
0.0588235294118
0.0
0.0
0.0625
0.0625
0.0625
0.0666666666667
0.0625
0.0625
0.0
0.0
0.0
0.0
0.0
0.0
0.0
0.0
0.0
0.0588235294118
0.0588235294118
0.0
0.0
0.0
0.0
1.5
0.0
0.0
0.0
0.0
0.0714285714286
0.0714285714286
0.25
0.15625
0.176470588235
0.176470588235
0.171568627451
0.138888888889
0.117647058824
0.142156862745
0.111111111111
0.117647058824
0.117647058824
0.111111111111
0.111111111111
0.111111111111
0.1
0.176470588235
0.166666666667
0.125
0.176470588235
0.166666666667
0.125
0.0
0.05
0.0
0.0625
0.0833333333333
0.0625
0.133333333333
0.0625
0.0606617647059
0.0958333333334
0.0606617647059
0.117647058824
0.0606617647059
0.149305555556
0.133333333333
0.125
0.125
0.14705882353
0.152573529412
0.176470588235
0.108333333333
0.108333333333
0.160416666667
0.139204545455
0.107954545455
0.125
0.125490196078
0.138095238095
0.142857142857
0.142857142857
0.138095238095
0.142857142857
0.1875
0.142857142857
0.14358974359
0.165158371041
0.153846153846
0.192307692308
0.195378151261
0.178571428571
0.159663865546
0.230392156863
0.132478632479
0.198717948718
0.25
0.198717948718
0.160256410257
0.154761904762
0.25
0.160256410257
0.166666666667
0.230769230769
0.198717948718
0.166666666667
0.166666666667
0.166666666667
0.174242424243
0.181818181818
0.15
0.208333333334
0.174242424243
0.272727272727
0.25
0.166666666667
0.166666666667
0.181818181818
0.181818181818
0.181818181818
0.181818181818
0.181818181818
0.181818181818
0.166666666667
0.2
0.2
0.266666666667
0.25
0.1875
0.272727272727
0.266666666667
0.2
0.2
0.166666666667
0.2
0.133333333333
0.3
0.235294117647
0.294117647059
0.222222222222
0.294117647059
0.2
0.2
0.285714285714
0.2
0.222222222222
0.2
0.222222222222
0.222222222222
0.166666666667
0.176470588235
0.2
0.2
0.222222222222
0.176470588235
0.2
0.222222222222
0.2
0.2
0.222222222222
0.222222222222
0.25
0.1875
0.125
0.125
0.142857142857
0.159663865546
0.199346405229
0.236111111111
0.25
0.25
0.204861111111
0.204861111111
0.222222222222
0.222222222222
0.222222222222
0.222222222222
0.236111111111
0.25
0.25
0.25
0.25
0.25
0.258333333334
0.232142857143
0.267857142857
0.267857142857
0.171428571428
0.178571428571
0.222222222222
0.25
0.25
0.2
0.285714285714
0.25
0.25
0.25
0.25
0.25
0.25
0.25
0.222222222222
0.25
0.285714285714
0.25
0.285714285714
0.25
0.230769230769
0.285714285714
0.222222222222
0.25
0.285714285714
0.333333333333
0.375
0.333333333333
0.25
0.285714285714
0.285714285714
0.285714285714
0.285714285714
0.272727272727
0.272727272727
0.2
0.285714285714
0.222222222222
0.222222222222
0.222222222222
0.25
0.272727272727
0.333333333333
0.25
0.285714285714
0.272727272727
0.285714285714
0.25
0.3
0.25
0.25
0.214285714286
0.285714285714
0.309523809524
0.297058823529
0.207142857143
0.215384615384
0.233031674208
0.254273504273
0.25
0.25
0.281746031746
0.176470588235
0.194444444444
0.194444444444
0.25
0.183333333333
0.25
0.2
0.27619047619
0.25
0.166666666667
0.242647058824
0.25
0.2
0.211111111111
0.222222222222
0.177083333334
0.1875
0.166666666667
0.166666666667
0.166666666667
0.2
0.266666666667
0.181818181818
0.235294117647
0.235294117647
0.222222222222
0.222222222222
0.222222222222
0.222222222222
0.2
0.235294117647
0.222222222222
0.25
0.266666666667
0.25
0.25
0.25
0.266666666667
0.25
0.333333333333
0.25
0.285714285714
0.2
0.2
0.214285714286
0.214285714286
0.2
0.230769230769
0.230769230769
0.2
0.2
0.214285714286
0.230769230769
0.235294117647
0.2
0.222222222222
0.25
0.2
0.235294117647
0.25
0.25
0.230769230769
0.222222222222
0.2
0.230769230769
0.25
0.2
0.2
0.2
0.2
0.2
0.25
0.2
0.2
0.261363636364
0.217647058823
0.217647058823
0.269696969697
0.2
0.2
0.19375
0.2
0.225
0.181818181818
0.25
0.242857142857
0.25
0.2
0.2
0.2
0.2
0.2
0.207142857143
0.25
0.25
0.25
0.25
0.235294117647
0.25
0.25
0.25
0.2
0.222222222222
0.235294117647
0.235294117647
0.2
0.222222222222
0.222222222222
0.2
0.2
0.25
0.25
0.25
0.25
0.222222222222
0.25
0.235294117647
0.235294117647
0.25
0.25
0.25
0.25
0.25
0.25
0.25
0.225
0.25
0.235294117647
0.228758169934
0.25
0.25
0.25
0.222222222222
0.211111111111
0.2
0.222222222222
0.2
0.2
0.25
0.211111111111
0.2
0.225
0.25
0.25
0.232142857143
0.232142857143
0.285714285714
0.25
0.25
0.25
0.25
0.25
0.25
0.25
0.230769230769
0.222222222222
0.25
0.240384615385
0.25
0.230769230769
0.25
0.25
0.267857142857
0.25
0.25
0.25
0.2
0.25
0.240384615385
0.25
0.25
0.25
0.25
0.25
0.25
0.25
0.25
0.25
0.2
0.25
0.225
0.225
0.2
0.25
0.2
0.2
0.25
0.166666666667
0.166666666667
0.2
0.25
0.225
0.225
0.225
0.25
0.2
0.25
0.25
0.3
0.267857142857
0.25
0.25
0.25
0.25
0.25
0.25
0.25
0.25
0.25
0.25
0.25
0.25
0.2
0.25
0.267857142857
0.25
0.25
0.25
0.25
0.25
0.25
0.236111111111
0.25
0.291666666666
0.333333333333
0.25
0.25
0.25
0.267857142857
0.25
0.285714285714
0.25
0.25
0.25
0.25
0.25
0.25
0.25
0.222222222222
0.211111111111
0.142857142857
0.222222222222
0.25
0.25
0.25
0.225
0.25
0.25
0.25
0.25
0.285714285714
0.285714285714
0.25
0.25
0.25
0.25
0.25
0.333333333333
0.291666666666
0.25
0.25
0.25
0.25
0.25
0.25
0.225
0.285714285714
0.25
0.25
0.267857142857
0.285714285714
0.25
0.25
0.285714285714
0.333333333333
0.267857142857
0.309523809524
0.285714285714
0.25
0.2
0.2
0.25
0.242857142857
0.2
0.25
0.2
0.225
0.25
0.333333333333
0.25
0.25
0.309523809524
9.09090909091
2.0625
1.33333333333
1.0
1.0
0.8
0.666666666667
0.708333333334
1.0
1.0
1.0
0.75
0.666666666667
0.666666666667
0.666666666667
0.666666666667
0.666666666667
0.5
0.5
0.5
0.5
0.571428571429
0.5
0.4
0.4
0.428571428571
0.5
0.4
0.4
0.4
0.4
0.4
0.4
0.4
0.333333333333
0.333333333333
0.333333333333
0.333333333333
0.333333333333
0.333333333333
0.333333333333
0.333333333333
0.4
0.333333333333
0.4
0.333333333333
0.333333333333
0.333333333333
0.333333333333
0.333333333333
0.4
0.333333333333
0.428571428571
0.4
0.4
0.4
0.4
0.333333333333
0.4
0.4
0.333333333333
0.333333333333
0.333333333333
0.5
0.5
0.333333333333
0.333333333333
0.366666666667
0.333333333333
0.333333333333
0.333333333333
0.333333333333
0.333333333333
0.4
0.333333333333
0.333333333333
0.333333333333
0.333333333333
0.333333333333
0.4
0.333333333333
0.333333333333
0.4
0.333333333333
0.333333333333
0.333333333333
0.333333333333
0.333333333333
0.333333333333
0.333333333333
0.333333333333
0.25
0.333333333333
0.333333333333
0.333333333333
0.333333333333
0.333333333333
0.333333333333
0.333333333333
0.291666666666
0.333333333333
0.333333333333
0.333333333333
0.25
0.285714285714
0.4
0.333333333333
0.366666666667
0.366666666667
0.4
0.366666666667
0.333333333333
0.333333333333
0.333333333333
0.333333333333
0.5
0.333333333333
0.333333333333
0.4
0.416666666666
0.333333333333
0.333333333333
0.333333333333
0.333333333333
0.333333333333
0.333333333333
0.333333333333
0.291666666666
0.333333333333
0.333333333333
0.333333333333
0.333333333333
0.333333333333
0.333333333333
0.333333333333
0.333333333333
0.333333333333
0.333333333333
0.333333333333
0.333333333333
0.333333333333
0.333333333333
0.333333333333
0.333333333333
0.333333333333
0.333333333333
0.333333333333
0.333333333333
0.333333333333
0.333333333333
0.333333333333
0.333333333333
0.333333333333
0.333333333333
0.333333333333
0.333333333333
0.333333333333
0.285714285714
0.333333333333
0.333333333333
0.333333333333
0.333333333333
0.333333333333
0.333333333333
0.333333333333
0.333333333333
0.333333333333
0.333333333333
0.333333333333
0.333333333333
0.333333333333
0.333333333333
0.333333333333
0.333333333333
0.333333333333
0.333333333333
0.333333333333
0.333333333333
0.333333333333
0.333333333333
0.333333333333
0.333333333333
0.333333333333
0.333333333333
0.333333333333
0.333333333333
0.333333333333
0.333333333333
0.333333333333
0.333333333333
0.333333333333
0.333333333333
0.333333333333
0.333333333333
0.333333333333
0.333333333333
0.333333333333
0.333333333333
0.333333333333
0.333333333333
0.333333333333
0.333333333333
0.333333333333
0.333333333333
0.333333333333
0.333333333333
0.333333333333
0.333333333333
0.25
0.25
0.25
0.333333333333
0.333333333333
0.333333333333
0.333333333333
0.333333333333
0.333333333333
0.333333333333
0.333333333333
0.333333333333
0.416666666666
0.333333333333
0.333333333333
0.333333333333
0.333333333333
0.333333333333
0.333333333333
0.333333333333
0.333333333333
0.333333333333
0.333333333333
0.333333333333
0.333333333333
0.333333333333
0.333333333333
0.333333333333
0.333333333333
0.333333333333
0.333333333333
0.333333333333
0.333333333333
0.333333333333
0.333333333333
0.333333333333
0.333333333333
0.333333333333
0.333333333333
0.333333333333
0.333333333333
0.333333333333
0.333333333333
0.333333333333
0.333333333333
0.333333333333
0.333333333333
0.333333333333
0.333333333333
0.333333333333
0.333333333333
0.333333333333
0.333333333333
0.285714285714
0.25
0.333333333333
0.333333333333
0.333333333333
0.333333333333
0.333333333333
0.333333333333
0.333333333333
0.333333333333
0.333333333333
0.5
0.416666666666
0.333333333333
0.333333333333
0.333333333333
0.333333333333
0.333333333333
0.333333333333
0.333333333333
0.333333333333
0.333333333333
0.333333333333
0.333333333333
0.333333333333
0.333333333333
0.333333333333
0.333333333333
0.333333333333
0.333333333333
0.333333333333
0.333333333333
0.333333333333
0.333333333333
0.333333333333
0.333333333333
0.333333333333
0.333333333333
0.333333333333
0.333333333333
0.333333333333
0.333333333333
0.333333333333
0.333333333333
0.25
0.333333333333
0.333333333333
0.333333333333
0.333333333333
0.333333333333
0.333333333333
0.25
0.25
0.25
0.333333333333
0.333333333333
0.333333333333
0.333333333333
0.333333333333
0.333333333333
0.333333333333
0.333333333333
0.333333333333
0.5
0.5
0.333333333333
0.333333333333
0.333333333333
0.333333333333
0.333333333333
0.333333333333
0.333333333333
0.333333333333
0.333333333333
0.333333333333
0.333333333333
0.333333333333
0.333333333333
0.333333333333
0.333333333333
0.333333333333
0.333333333333
0.333333333333
0.333333333333
0.333333333333
0.333333333333
0.333333333333
0.333333333333
0.333333333333
0.333333333333
0.333333333333
0.333333333333
0.333333333333
0.416666666666
0.5
0.333333333333
0.5
0.5
0.333333333333
0.166666666667
0.333333333333
0.333333333333
0.333333333333
0.333333333333
0.142857142857
0.25
0.333333333333
0.333333333333
0.333333333333
0.333333333333
0.333333333333
0.333333333333
0.333333333333
0.333333333333
0.333333333333
0.5
0.5
1.33333333333
0.666666666667
2.0
0.666666666667
0.666666666667
1.0
0.666666666667
1.0
1.0
1.0
1.33333333333
0.666666666667
0.666666666667
0.666666666667
0.666666666667
0.285714285714
0.5
1.0
1.0
1.0
1.0
0.666666666667
0.666666666667
0.666666666667
0.0
0.0
0.0
0.0
