-0.0991299513909
-0.279107884986
-0.279107884986
-0.0802109140063
-0.0802109140063
0.0981934946425
-0.279107884986
-0.0991299513909
-0.126445658013
-0.126445658013
-0.112787804702
-0.0813673248539
0.0512031561735
0.0538073763675
0.0538073763675
-0.0813673248539
-0.112787804702
0.0172943981628
0.0172943981628
0.0172943981628
0.134706472847
0.338374901621
0.687491426301
0.132102252653
0.0172943981628
-0.0719078061616
-0.257767322505
-0.0896704326986
-0.0991299513909
-0.41640469362
-0.0991299513909
-0.0991299513909
-0.126445658013
-0.0991299513909
-0.0991299513909
-0.0802109140063
-0.0991299513909
-0.0991299513909
0.0981934946425
-0.0802109140063
-0.0802109140063
-0.0991299513909
-0.0991299513909
-0.0802109140063
-0.063604698317
-0.0802109140063
-0.0991299513909
-0.0991299513909
-0.0991299513909
-0.279107884986
-0.279107884986
-0.41640469362
-0.154938595194
-0.112787804702
-0.154938595194
-0.154938595194
-0.112787804702
-0.112787804702
-0.154938595194
-0.0719078061616
-0.141280741883
-0.0896704326986
-0.0556746317966
-0.0719078061616
-0.0896704326986
-0.0719078061616
0.101181444518
0.020282348038
-0.0719078061616
-0.0006362609499
-0.0556746317966
-0.0719078061616
-0.134626213891
-0.141280741883
-0.0896704326986
-0.235900691633
-0.141280741883
-0.235900691633
-0.193839985405
-0.134626213891
-0.0719078061616
-0.0719078061616
-0.112787804702
-0.0896704326986
-0.0805197680371
-0.00257668548905
-0.0719078061616
-0.0556746317966
-0.0719078061616
0.101181444518
0.138600558388
0.138600558388
-0.112787804702
-0.154938595194
-0.10332828601
-0.134626213891
-0.10363714004
-0.112787804702
0.0282124145584
-0.0719078061616
-0.134626213891
-0.0719078061616
-0.112787804702
-0.0896704326986
-0.0991299513909
-0.0802109140063
-0.126445658013
-0.0295340404712
-0.03755918586
0.156462359567
0.104169394393
0.156462359567
0.0439398226473
0.202536527126
-0.03755918586
0.202536527126
0.0439398226473
-0.0295340404712
-0.0295340404712
-0.0295340404712
0.13880156454
0.202536527126
0.13880156454
0.173031722384
0.156462359567
0.143850230214
0.156462359567
0.156462359567
0.156462359567
0.13880156454
-0.0295340404712
0.173031722384
-0.00396900119791
-0.063604698317
-0.0477445652762
-0.0802109140063
-0.0477445652762
-0.0808286220679
-0.03755918586
-0.0295340404712
0.0623321764172
0.104169394393
0.0975275198593
0.13880156454
0.13880156454
0.13880156454
0.0975275198593
0.143850230214
0.0623321764172
-0.03755918586
0.0425911942981
-0.03755918586
-0.0295340404712
-0.03755918586
-0.03755918586
-0.03755918586
0.0309626078674
-0.063604698317
-0.0295340404712
-0.0477445652762
-0.063604698317
-0.0719078061616
-0.0571507658961
-0.0492206993758
0.0466108228471
-0.0379006143256
0.0434828017225
-0.0167515208346
0.0799298481382
-0.0362253511765
0.0173005985254
0.00674587016325
0.0461538019223
-0.0402379238709
-0.0445919250309
0.0173005985254
-0.0256706228143
-0.0571507658961
-0.0492206993758
-0.045330613579
-0.0492206993758
-0.0402379238709
-0.0681265115361
-0.0470058767281
-0.0556746317966
-0.0764296193807
-0.0764296193807
-0.0681265115361
-0.0556746317966
-0.0571507658961
-0.0719078061616
0.00685267523764
0.0576347014617
0.0811788329978
0.0863096838603
-0.0556746317966
-0.0402379238709
-0.062361325849
-0.0492206993758
-0.03568822624
0.0428084875479
-0.018979312109
0.0303500662355
0.0243184797703
0.0303500662355
0.0488249456244
-0.0169465218526
-0.018979312109
-0.0445919250309
-0.0229918848034
0.00115827641063
-0.0160282354753
0.00167245353001
-0.0043729094208
-0.0265829638374
-0.0335466131656
-0.00289339791541
-0.00289339791541
-0.0305955365318
-0.016579910918
-0.0160282354753
-0.0473271439893
-0.0305955365318
-0.0473271439893
-0.0488032780888
-0.0559073934282
-0.0782684209875
-0.0488032780888
-0.0666696035096
-0.0730302183355
-0.0782684209875
-0.0782684209875
-0.0630604387171
-0.0402379238709
-0.0402379238709
-0.0470058767281
-0.0445919250309
-0.0470058767281
-0.0630604387171
-0.0666696035096
-0.0750253661328
-0.0865851066056
-0.0865851066056
-0.0750253661328
-0.0750253661328
-0.0402379238709
-0.0445919250309
-0.0488032780888
-0.0492206993758
-0.0992345639829
-0.0750253661328
-0.0472760628359
-0.0449131922921
-0.0960446252979
-0.0992345639829
-0.137453682002
-0.131878734513
-0.12800110671
-0.138830272358
-0.0865851066056
-0.0960446252979
-0.127470396555
-0.0992345639829
-0.0865851066056
-0.0492206993758
-0.0865851066056
-0.0463143098848
-0.0750253661328
-0.0750253661328
-0.0865851066056
-0.0992345639829
-0.132021417158
-0.127470396555
-0.0895709052552
-0.112892417294
-0.104416621251
-0.0439003581876
-0.0563508543175
-0.0895709052552
-0.0628047867383
-0.0865851066056
-0.0719078061616
-0.117969861971
-0.117969861971
-0.138734454666
-0.141481934043
-0.134626213891
-0.112892417294
-0.160959179921
-0.141481934043
-0.138734454666
-0.139873981011
-0.0865851066056
-0.0988295441271
-0.0719078061616
-0.0719078061616
-0.117969861971
-0.0719078061616
-0.112976879598
-0.0865851066056
-0.0563508543175
-0.112787804702
-0.0865851066056
-0.0476934841229
-0.0571507658961
-0.0896704326986
-0.0571507658961
-0.0571507658961
-0.0439003581876
-0.0805197680371
-0.0628047867383
-0.104312008659
-0.104312008659
-0.132903473055
-0.106859776931
-0.131878734513
-0.0991299513909
-0.0611179533811
-0.0477445652762
-0.0506968334753
-0.00396900119791
-0.0429166618818
-0.00842458374684
-0.0802109140063
-0.0298990053742
-0.0506968334753
-0.063604698317
-0.00551010274151
-0.134626213891
-0.1120418342
-0.1120418342
-0.104312008659
-0.120517630243
-0.0492206993758
-0.140059290391
-0.138688401368
-0.173371694044
-0.120517630243
-0.162722513417
-0.165547226581
-0.0960446252979
-0.138734454666
-0.147394816429
-0.0889509509558
-0.104312008659
-0.104312008659
-0.120517630243
-0.127470396555
-0.103774450839
-0.131878734513
-0.116217133374
-0.12800110671
-0.0868939606364
-0.0749727113543
-0.0622605271384
-0.048696522059
-0.0719078061616
-0.134438798762
-0.129005722263
-0.147773026892
-0.164445715848
-0.147773026892
-0.17801007934
-0.138734454666
-0.137311811013
-0.109494065928
-0.0802109140063
-0.126445658013
-0.0585998939501
-0.142806769768
-0.151982863089
-0.126445658013
-0.142239470503
-0.143563190696
-0.0822193257086
-0.11983444583
-0.126445658013
-0.143563190696
-0.143563190696
-0.128495135097
-0.143563190696
-0.142239470503
-0.142239470503
-0.126445658013
-0.117844664276
-0.137311811013
-0.11983444583
-0.063604698317
-0.0808286220679
-0.109494065928
-0.0991299513909
-0.117844664276
-0.11983444583
-0.128495135097
-0.151982863089
-0.137311811013
-0.142806769768
-0.126445658013
-0.137311811013
-0.126445658013
-0.142792572832
-0.114614869776
-0.109494065928
-0.0820988526177
-0.0479833796349
-0.0820988526177
-0.0991299513909
-0.126445658013
-0.142239470503
-0.167631798015
-0.142806769768
-0.137311811013
-0.142792572832
-0.151982863089
-0.151982863089
-0.151982863089
-0.179111590073
-0.172972565237
-0.163582197185
-0.163582197185
-0.170202105796
-0.176908568606
-0.170202105796
-0.183263137728
-0.183263137728
-0.163582197185
-0.143563190696
-0.143563190696
-0.142806769768
-0.161635928259
-0.151982863089
-0.170202105796
-0.183263137728
-0.179111590073
-0.179111590073
-0.151982863089
-0.172972565237
-0.163854355642
-0.161635928259
-0.161635928259
-0.163854355642
-0.179111590073
-0.181648542901
-0.187709900123
-0.181648542901
-0.181648542901
-0.179111590073
-0.179111590073
-0.183263137728
-0.181881836137
-0.197080331389
-0.187709900123
-0.193948087975
-0.176908568606
-0.168749597418
-0.156215457012
-0.151982863089
-0.183263137728
-0.186996529252
-0.151982863089
-0.186996529252
-0.18317412865
-0.190879373776
-0.203032283956
-0.197080331389
-0.186996529252
-0.203032283956
-0.207031989334
-0.197080331389
-0.207445728846
-0.231632501322
-0.197080331389
-0.203032283956
-0.203032283956
-0.183431532376
-0.190879373776
-0.207031989334
-0.183263137728
-0.196596931697
-0.183030971999
-0.197080331389
-0.172972565237
-0.179111590073
-0.197080331389
-0.207031989334
-0.183703226127
-0.18810559995
-0.197080331389
-0.197080331389
-0.197080331389
-0.207445728846
-0.197080331389
-0.183703226127
-0.183030971999
-0.212121120351
-0.209766516883
-0.197080331389
-0.203032283956
-0.212121120351
-0.183030971999
-0.197080331389
-0.207445728846
-0.212121120351
-0.212121120351
-0.212121120351
-0.18317412865
-0.187709900123
-0.183431532376
-0.179111590073
-0.183703226127
-0.191956794907
-0.207445728846
-0.179111590073
-0.203032283956
-0.183703226127
-0.181881836137
-0.203032283956
-0.183431532376
-0.183263137728
-0.196596931697
-0.201255580178
-0.186996529252
-0.193948087975
-0.197080331389
-0.203032283956
-0.209766516883
-0.209766516883
-0.207445728846
-0.209766516883
-0.18581630301
-0.183703226127
-0.186996529252
-0.183431532376
-0.183703226127
-0.186996529252
-0.209766516883
-0.183263137728
-0.186996529252
-0.183431532376
-0.207445728846
-0.197080331389
-0.228347119073
-0.206814737521
-0.212121120351
-0.212121120351
-0.209766516883
-0.209766516883
-0.207044691772
-0.191956794907
-0.2313359409
-0.231632501322
-0.232230823495
-0.242678031926
-0.258098611153
-0.239222526747
-0.225789535825
-0.207445728846
-0.197080331389
-0.183030971999
-0.142806769768
-0.106400706559
1.79638012571
0.142166332483
0.0647163290472
0.00603204150707
-0.0174019409609
-0.000321235094768
-0.0898921307517
-0.0867299510988
-0.0120554525729
-0.0174019409609
-0.0867299510988
-0.142792572832
-0.154668661622
-0.143266731431
-0.0790110739164
-0.151295910778
-0.141114879144
-0.148381528336
-0.136582602378
-0.183419314578
-0.179395202372
-0.189492486863
-0.138734454666
-0.179111590073
-0.184956793019
-0.184956793019
-0.149333351937
-0.186996529252
-0.146376364544
-0.137311811013
-0.172757687188
-0.146376364544
-0.181881836137
-0.183703226127
-0.156215457012
-0.184956793019
-0.186996529252
-0.186996529252
-0.176908568606
-0.216306035303
-0.191956794907
-0.210943818617
-0.200056307672
-0.196616464
-0.210943818617
-0.23298593177
-0.237464162071
-0.215392327324
-0.182456404068
-0.185976661135
-0.180496713105
-0.132903473055
-0.0498909638937
-0.141844087778
-0.150905452875
-0.17589739692
-0.184439182694
-0.186406416131
-0.193979852583
-0.20639940042
-0.196110909661
-0.196110909661
-0.208606122864
-0.233378019502
-0.207038340553
-0.209766516883
-0.179111590073
-0.206814737521
-0.239222526747
-0.231632501322
-0.251757593564
-0.244634852773
-0.231632501322
-0.207031989334
-0.231632501322
-0.23628941157
-0.231632501322
-0.244634852773
-0.216306035303
-0.239222526747
-0.23628941157
-0.267732548419
-0.23628941157
-0.23628941157
-0.212121120351
-0.244634852773
-0.254429582123
-0.258098611153
-0.239222526747
-0.213784279889
-0.316151288622
-0.258098611153
-0.244634852773
-0.279725331649
-0.258098611153
-0.2848606585
-0.287416124589
-0.299225671264
-0.287416124589
-0.316151288622
-0.244634852773
-0.294605544122
-0.244634852773
-0.231632501322
-0.196152596612
-0.191956794907
-0.239222526747
-0.212121120351
-0.23628941157
-0.23628941157
-0.258098611153
-0.287416124589
-0.244634852773
-0.274545984548
-0.267732548419
-0.2848606585
-0.287416124589
-0.233960956446
-0.208606122864
-0.282093313426
-0.282093313426
-0.271479634826
-0.273529258386
-0.282093313426
-0.221876810837
-0.273529258386
-0.306471673789
-0.273529258386
-0.251366731963
-0.24319696241
-0.240462132172
-0.229989810198
-0.273529258386
-0.281727449972
-0.292043164882
-0.262915579786
-0.251366731963
-0.306471673789
-0.311007428788
-0.251366731963
-0.315533372649
-0.303761426264
-0.313963080888
-0.306471673789
-0.312082733287
-0.315533372649
-0.273384474708
-0.313963080888
-0.306471673789
-0.306471673789
-0.282093313426
-0.289911716956
-0.251366731963
-0.279181184674
-0.281948529748
-0.221876810837
-0.20206251158
-0.228711018574
-0.282093313426
-0.297445148221
-0.281948529748
-0.23298593177
-0.268567506074
-0.297445148221
-0.231049564378
-0.236695786685
-0.29953457198
-0.337378931828
-0.339166903041
-0.315179887042
-0.294677803147
-0.281948529748
-0.320682287361
-0.295885056605
-0.267732548419
-0.310029637941
-0.310029637941
-0.310029637941
-0.314208485461
-0.326687366753
-0.314208485461
-0.316151288622
-0.314208485461
-0.335307689207
-0.2848606585
-0.308297181263
-0.267732548419
-0.326687366753
-0.308297181263
-0.267732548419
-0.2848606585
-0.183030971999
-0.313717676314
-0.314208485461
-0.314208485461
-0.313717676314
-0.313717676314
-0.316151288622
-0.314208485461
-0.335307689207
-0.310029637941
-0.326687366753
-0.326687366753
-0.360867766578
-0.361010175732
-0.316151288622
-0.314208485461
-0.2848606585
-0.231632501322
-0.267732548419
-0.267732548419
-0.279325968352
-0.267732548419
-0.244634852773
-0.231632501322
-0.267732548419
-0.2848606585
-0.314208485461
-0.2848606585
-0.350974373637
-0.361010175732
-0.316858259837
-0.361010175732
-0.314208485461
-0.350974373637
-0.279325968352
-0.32768461543
-0.279325968352
-0.314208485461
-0.310029637941
-0.267732548419
-0.2848606585
-0.267732548419
-0.310029637941
-0.325213286101
-0.316151288622
-0.314208485461
-0.284128931592
-0.325213286101
-0.326687366753
-0.314208485461
-0.2848606585
-0.314208485461
-0.314208485461
-0.2848606585
-0.360867766578
-0.2848606585
-0.361010175732
-0.366511648854
-0.310469838616
-0.366511648854
-0.350974373637
-0.348173015708
-0.361010175732
-0.350974373637
-0.2848606585
-0.34834305281
-0.327359432445
-0.325213286101
-0.316151288622
-0.314208485461
-0.184956793019
-0.310029637941
-0.294962775413
-0.314208485461
-0.350974373637
-0.267732548419
-0.350974373637
-0.327359432445
-0.244634852773
-0.294962775413
-0.361010175732
-0.394605805563
-0.386168800932
-0.2848606585
-0.316151288622
-0.2848606585
-0.366511648854
-0.316151288622
-0.310029637941
-0.2848606585
-0.316151288622
-0.366511648854
-0.371863452375
-0.2848606585
-0.316151288622
-0.350974373637
-0.336902728429
-0.2848606585
-0.310029637941
-0.32768461543
-0.323624867412
-0.2848606585
-0.386168800932
-0.325213286101
-0.366511648854
-0.316151288622
-0.316151288622
-0.325213286101
-0.316151288622
-0.316151288622
-0.279325968352
-0.326687366753
-0.366511648854
-0.394745850388
-0.394605805563
-0.350974373637
-0.316151288622
-0.267732548419
-0.323624867412
-0.310029637941
-0.267732548419
-0.32768461543
-0.2848606585
-0.325213286101
-0.267732548419
-0.310029637941
-0.366511648854
-0.394745850388
-0.366511648854
-0.325213286101
-0.366511648854
-0.386168800932
-0.394745850388
-0.394745850388
-0.366511648854
-0.378261645307
-0.316151288622
-0.267732548419
-0.252010979995
-0.340604461112
-0.341331468738
-0.182346066331
-0.365784641228
-0.317122098636
-0.273384474708
-0.252010979995
-0.252010979995
-0.320682287361
-0.341331468738
-0.29647291726
-0.267732548419
-0.267732548419
-0.316151288622
-0.316151288622
-0.316151288622
-0.316151288622
-0.316151288622
-0.365057633602
-0.267732548419
-0.23628941157
-0.267732548419
-0.316151288622
-0.267732548419
-0.365057633602
-0.366511648854
-0.316151288622
-0.316151288622
-0.267732548419
-0.261358482756
-0.365057633602
-0.316151288622
-0.279036400996
-0.267732548419
-0.366511648854
-0.261358482756
-0.267732548419
-0.261358482756
-0.212121120351
-0.279036400996
-0.267732548419
-0.316151288622
-0.261358482756
-0.261358482756
-0.279036400996
-0.316151288622
-0.386168800932
-0.273384474708
-0.260397736522
-0.432125522377
-0.262268932965
-0.432125522377
-0.345326031228
-0.432125522377
-0.345326031228
-0.461058686093
-0.461058686093
-0.302861883874
-0.376130391387
-0.461058686093
-0.461058686093
-0.461058686093
-0.461058686093
-0.461058686093
-0.461058686093
-0.389661375024
-0.418594538741
-0.418594538741
-0.418594538741
-0.461058686093
-0.461058686093
-0.461058686093
-0.545986980799
-0.488120653367
-0.517053817083
-0.430254325933
