2.93549037529
0.933129758906
1.08745192478
1.61329735077
1.52917376093
1.42368536161
1.0691023805
1.38465758681
1.14856172644
0.721313091491
1.04043800106
0.436024835698
0.319382882614
0.228394993542
2.10696820972
0.900240884331
1.06846172119
1.20308652426
1.20308652426
0.900240884331
0.733843456906
0.546110307404
0.0928992795435
0.862018785031
0.582724190733
0.938462983631
1.16486442496
1.23653890658
1.46262884871
1.42917646638
1.16486442496
1.16486442496
0.991358970862
1.06450727797
0.988063079372
1.01475180363
1.17151246003
1.1380600777
1.09873336285
1.27840423124
1.35537354482
0.806492016823
0.992501883354
0.94946530292
1.3691895537
1.29219916523
1.15937429641
1.09657989765
0.97993794457
0.739587252168
0.95501238759
0.954610697046
1.05137414931
1.0715400186
1.04217283529
1.11031217454
1.00179633015
0.97707512369
1.08453783266
0.936698618553
0.970100354759
0.974586507698
0.763230196267
1.08631237808
1.13529054873
0.965987350064
0.97024097505
0.898810729407
0.898810729407
0.763230196267
0.970562513566
0.863842194464
0.829883280541
0.829883280541
0.758232948617
0.763230196267
0.638713890931
0.782312103558
0.474900691445
0.55088182757
0.681606021403
0.866409728157
0.763537216306
0.782312103558
0.763537216306
0.763537216306
0.703658673871
0.625005244184
0.758232948617
0.656551698579
0.715991521386
0.641927350048
0.641927350048
0.641927350048
0.660210555675
0.541879389537
0.719189163902
0.935976651125
0.681606021403
0.635965417018
0.433785583248
0.441592000374
0.338226438834
0.46769838481
0.474900691445
0.56786317871
0.650300721987
0.589775449777
0.589775449777
0.681606021403
0.693177145182
0.535223939882
0.594391955451
0.474587884933
0.571150426523
0.502401676679
0.557070126721
0.475035684185
0.639852713726
0.345670664696
0.470802790282
0.535223939882
0.349317465019
0.349317465019
0.285614189455
0.571150426523
0.416520824353
0.55088182757
0.56786317871
0.594391955451
0.474587884933
0.345670664696
0.594391955451
0.371569410194
0.472919237233
0.41291392205
0.355773158088
0.496474066448
0.556242855802
0.381658199844
0.393487989196
0.455691227537
0.381658199844
0.381658199844
0.413281927822
0.294810298936
0.449108494944
0.258776939045
0.281681024947
0.369131772189
0.192259735411
0.38306370644
0.266651237697
0.549615374216
0.21068965235
0.114956010163
0.270107517798
0.357153726105
0.201545364093
0.418966310123
0.397274382129
0.174899360585
0.193188934979
0.212888050828
0.228780922621
0.247446360291
0.201545364093
0.212888050828
0.271944763191
0.212888050828
0.325525830457
0.228780922621
0.271944763191
0.269063276738
0.341091162136
0.269063276738
0.330187265847
0.193188934979
0.138198785964
0.24891550679
0.395064283039
0.138198785964
0.228780922621
0.150373540249
0.0856625612406
0.104372948018
0.0717941317409
0.050420498061
0.138198785964
0.0717941317409
0.138198785964
0.104372948018
0.104372948018
-0.00422219331141
0.0211303070279
0.138198785964
0.193188934979
0.0514124427922
0.138198785964
0.0105276163703
-0.030142954394
0.05245925274
0.104340970228
0.0856625612406
-0.0220983306739
0.129416623724
-0.030142954394
-0.030142954394
-0.0102001739625
0.046595798902
0.0174387657182
0.24844833172
0.248788370568
0.150251403609
0.129820411148
0.0761574695691
0.145781078288
-0.0055650889508
0.105765905453
0.128857624941
0.198596203106
0.129904074649
0.11437830332
0.217935210198
0.23099020483
0.143800234907
0.120170911935
0.121704685288
0.172234596827
0.215119155243
0.186622829662
0.04497850463
0.12452460039
0.108569896512
0.0520470724035
0.173957931134
0.199333080209
0.0515943353895
0.0520165004258
0.0936218320259
0.0196069026906
0.129904074649
-0.0062605628776
0.135234465774
0.121269878096
0.0684544423051
0.110349749704
0.0087552267832
0.113126223094
0.0076453319255
-0.00381715998736
-0.0230235422186
0.143651577365
0.0972645757659
-0.0338506291612
0.00212283926912
0.0545183896285
-0.069759412056
-0.097875116678
-0.0909323053242
0.0014936794766
-0.0660078363924
0.0286465537969
0.00582070180506
0.0113010045208
0.00582070180506
0.0407323450641
0.00749879064639
-0.00422219331141
-0.005983600597
0.0697559168302
0.130587431305
-0.00583964317689
0.000995491836259
-0.104231430296
-0.0306472654906
-0.0306472654906
-0.00583964317689
-0.030142954394
-0.0316313851315
-0.0102001739625
0.147234192372
0.00749879064639
-0.0654516511829
-0.0682568128708
0.00749879064639
-0.060381336282
-0.194146955102
-0.194146955102
-0.0828756229983
-0.0731207447292
-0.127773648614
-0.136063973523
-0.0944019250986
-0.11158384591
-0.0955515024945
-0.102137499429
-0.097875116678
-0.0867624302511
0.0203145519968
-0.0250889904894
0.00939989758359
-0.0249577537389
-0.0364483738792
-0.090467566103
-0.113085810048
-0.00410437918769
-0.0759105629542
-0.0820830072577
-0.097875116678
-0.0562374380867
-0.122180179
-0.187006578219
-0.10401866635
0.045012787903
-0.0694480680929
0.00895673418614
-0.0885127117086
-0.0586002093134
-0.0616550344175
-0.0687962363215
0.0018847992114
-0.135172243679
-0.036096433054
0.025573511395
0.00895673418614
0.0529151591351
0.0488384237574
-0.0338506291612
-0.0162315469776
-0.0672680402976
-0.0865025623206
-0.0538505667253
-0.0866691112676
-0.112771972465
-0.0207556355327
-0.096031516237
-0.114030036792
-0.0763452839816
-0.0726077541464
-0.056065051863
-0.114030036792
-0.150978404182
-0.108665894717
-0.10401866635
-0.211730883767
-0.175207539856
-0.134194118028
-0.102741237713
-0.19763623933
-0.154382691044
-0.108665894717
-0.0422494822677
-0.115873023567
-0.0979437021102
-0.087084338639
-0.147054732262
-0.184064246489
-0.173945688763
-0.102741237713
-0.125719160449
-0.0998407739142
-0.257689176973
-0.215892152127
-0.192769028833
-0.214738095783
-0.14015685748
-0.214037846233
-0.149144915148
-0.212160651842
-0.164384200433
-0.14413994172
-0.205793649209
-0.105703566215
-0.139298499938
-0.109446842402
-0.146201893089
-0.203709666253
-0.211598868708
-0.0801415272852
-0.13961716624
-0.140185581299
-0.215048081513
-0.211957212053
-0.123570382458
-0.184320888037
-0.21346081806
-0.216098094062
-0.211395428918
-0.165985089609
-0.216040503975
-0.229960550383
-0.29120474216
-0.233142135447
-0.21953239984
-0.305145113247
-0.236037205613
-0.250806262617
-0.236235298177
-0.284811873279
-0.210727783565
-0.236235298177
-0.219136146212
-0.25294092574
-0.202233235445
-0.112269459142
-0.194819490198
-0.179273140283
-0.255259016929
-0.250806262617
-0.277514970696
-0.254116026591
-0.23662066213
-0.261162909778
-0.271231675482
-0.329189948602
-0.322374708107
-0.327103838058
-0.283669090007
-0.254116026591
-0.333316705642
-0.274570028322
-0.285661388131
-0.26558294267
-0.249624856861
-0.251807513549
-0.180072162664
-0.19427119293
-0.273610998868
-0.293080875665
-0.326834663436
-0.262432866366
-0.281873364138
-0.287524668366
-0.285661388131
-0.347856473864
-0.28178802679
-0.297876817448
-0.337138777655
-0.316166378873
-0.35330369308
-0.289843710698
-0.379327632087
-0.346565396923
-0.329587129543
-0.312819190883
-0.356119740811
-0.335061226269
-0.337872185667
-0.389265236012
-0.353714286969
-0.352171838285
-0.311174526244
-0.334832728957
-0.346556140174
-0.341468189582
-0.314114492887
-0.28178802679
-0.254116026591
-0.35330369308
-0.366287072419
-0.344930640747
-0.311303001084
-0.336222634435
-0.360630252578
-0.350251835804
-0.38803118961
-0.325325604356
-0.401633587538
-0.437735513958
-0.402117415867
-0.358346623127
-0.357912541489
-0.358273170209
-0.394119744612
-0.33886977862
-0.369405817343
-0.377093107037
-0.328176788294
-0.351788815183
-0.32890360666
-0.349805653683
-0.370176042893
-0.360955484507
-0.328176788294
-0.348013882801
-0.346030721302
-0.389545069932
-0.342470940658
-0.372215711521
-0.354108683095
-0.343641228242
-0.360139423806
-0.391164982587
-0.384619743037
-0.404121066201
-0.467453336813
-0.368921594004
-0.358346623127
-0.363266173027
-0.414559200155
-0.434529567096
-0.439725758788
-0.402117415867
-0.374345395031
-0.387839102135
-0.380373562831
-0.394119744612
-0.394935689329
-0.340742563847
-0.360905298875
-0.439950434417
-0.362955471536
-0.35330369308
-0.39010154325
-0.366998411087
-0.402117415867
-0.411257943237
-0.377093107037
-0.381313622359
-0.424903122485
-0.446897939777
-0.512451644863
-0.392726474473
-0.446344173
-0.395363388378
-0.445444536383
-0.423683355006
-0.389459239733
-0.457530005572
-0.435918990089
-0.389631945581
-0.429200583846
-0.453271653959
-0.410925409196
-0.425592299137
-0.360139423806
-0.437494633312
-0.445444536383
-0.451054824026
-0.489092812761
-0.455815705317
-0.434343304268
-0.4559104195
-0.420297614103
-0.453322870318
-0.418037334223
-0.510852786794
-0.499841478457
-0.498413742253
-0.46029913143
-0.448271583198
-0.458106953463
-0.491015009432
-0.500753171848
-0.418824637561
-0.503845329069
-0.468187458662
-0.494418245085
-0.458501737786
-0.288715384473
-0.173504592425
0.191597400176
-0.355862368828
-0.393248192702
-0.42320561592
-0.36604381156
-0.480221434284
-0.357901624404
-0.434644711316
-0.434277887182
-0.420040984557
-0.461365577827
-0.483920933276
-0.486852141902
-0.433969750328
-0.428921271712
-0.447063744957
-0.453271653959
-0.453271653959
-0.442614901087
-0.436862174739
-0.43706055297
-0.440624656257
-0.442614901087
-0.467215726448
-0.464628177267
-0.452465512968
-0.48266756054
-0.47425497317
-0.431338072383
-0.422113056007
-0.451106040386
-0.43723572868
-0.45988277201
-0.472920976582
-0.485894593434
-0.502819900223
-0.474572012286
-0.531522342542
-0.459384118745
-0.463315248932
-0.4843333172
-0.445387262791
-0.419294357643
-0.517276819906
-0.481165326811
-0.468187458662
-0.454678341773
-0.481242605732
-0.453322870318
-0.497395463349
-0.451835686485
-0.413486036515
-0.354026768186
-0.464628177267
-0.435018265257
-0.447553509854
-0.420689198745
-0.486905715646
-0.475643051637
-0.456076010723
-0.480871889053
-0.527528162557
-0.536717642246
-0.527597798529
-0.547083466332
-0.455484482764
-0.44937566657
-0.458106953463
-0.442614901087
-0.425118287893
-0.444661085443
-0.460792985933
-0.487199153404
-0.476806733141
-0.441448187137
-0.462017787682
-0.452347188673
-0.490015858178
-0.476806733141
-0.484937044965
-0.454196119244
-0.452347188673
-0.47233729143
-0.432894934968
-0.462017787682
-0.484937044965
-0.512508173613
-0.488874386327
-0.504997819791
-0.513424538821
-0.516362062325
-0.569905958025
-0.493906887059
-0.569905958025
-0.47233729143
-0.496329342969
-0.507706064212
-0.513424538821
-0.488123131805
-0.51718387028
-0.490015858178
-0.513424538821
-0.476806733141
-0.457624719755
-0.41522361476
-0.386585674106
-0.430964518443
-0.49237997285
-0.513424538821
-0.425327121713
-0.488123131805
-0.488123131805
-0.496329342969
-0.507145393585
-0.522983583452
-0.556001007788
-0.556066437303
-0.564291639078
-0.488123131805
-0.496329342969
-0.551994624377
-0.520812207532
-0.496329342969
-0.504997819791
-0.456772846285
-0.457435291389
-0.444580949852
-0.484937044965
-0.500310240562
-0.516362062325
-0.517369769533
-0.496329342969
-0.49237997285
-0.513363084683
-0.496329342969
-0.513424538821
-0.532212013605
-0.507706064212
-0.540761712355
-0.556066437303
-0.555773735215
-0.569849326926
-0.500310240562
-0.56965596268
-0.569849326926
-0.569849326926
-0.556826242003
-0.554936686585
-0.573683990359
-0.565987802481
-0.515158235577
-0.569709222596
-0.491218479451
-0.513393811752
-0.520083726866
-0.503029128303
-0.501149462574
-0.461600948677
-0.486823526143
-0.457104068837
-0.511367498149
-0.490315139503
-0.505748848688
-0.517276819906
-0.539925442112
-0.530430773299
-0.54781368977
-0.565072159009
-0.573404039431
-0.620748518297
-0.589068615889
-0.51718387028
-0.551994624377
-0.552442788478
-0.555773735215
-0.493906887059
-0.52378444692
-0.552442788478
-0.509310457477
-0.551994624377
-0.551994624377
-0.583999695308
-0.569849326926
-0.484937044965
-0.516362062325
-0.540761712355
-0.488874386327
-0.522844311509
-0.525778052614
-0.47233729143
-0.485523920481
-0.503870329643
-0.595144309623
-0.562126278036
-0.552442788478
-0.555773735215
-0.522983583452
-0.512508173613
-0.575815298368
-0.513424538821
-0.559485381886
-0.573963941287
-0.571061103359
-0.532212013605
-0.551994624377
-0.551994624377
-0.484937044965
-0.580296010764
-0.488123131805
-0.421084110126
-0.569849326926
-0.552442788478
-0.551994624377
-0.594120813839
-0.582745888854
-0.571061103359
-0.568963018622
-0.516362062325
-0.569849326926
-0.587870223499
-0.571061103359
-0.534589247328
-0.554108261846
-0.49829022527
-0.495996730724
-0.474074194362
-0.462342240051
-0.527528162557
-0.561646019136
-0.527528162557
-0.553385904064
-0.471159625524
-0.508616707163
-0.469566582104
-0.554108261846
-0.507134746511
-0.53267885453
-0.428554747065
-0.490690766763
-0.552218706427
-0.40576194906
-0.560921975652
-0.498125151247
-0.501060457622
-0.572512522323
-0.562695061504
-0.536592439034
-0.505859348918
-0.585907252371
-0.576903496107
-0.560921975652
-0.53617861517
-0.468480461351
-0.570455215142
-0.569406172774
-0.565810593402
-0.597245289469
-0.522250885788
-0.532563612626
-0.511577276035
-0.537419467943
-0.420952396318
-0.485230482723
-0.569309490651
-0.558950006625
-0.554108261846
-0.491390636693
-0.57629760789
-0.554221898133
-0.494216686184
-0.510543199966
-0.574176635257
-0.59105807084
-0.576903496107
-0.551994624377
-0.571061103359
-0.422623050476
-0.493906887059
-0.503870329643
-0.571061103359
-0.551994624377
-0.580360074678
-0.601399047653
-0.51718387028
-0.639210179001
-0.580360074678
-0.595418249101
-0.577292167155
-0.551994624377
-0.571061103359
-0.577292167155
-0.556001007788
-0.513363084683
-0.522844311509
-0.580209289454
-0.51718387028
-0.503353613944
-0.488874386327
-0.51718387028
-0.551994624377
-0.595418249101
-0.577292167155
-0.557060451207
-0.574176635257
-0.594219434358
-0.507134746511
-0.520058878091
-0.574176635257
-0.561527863868
-0.563417419287
-0.510268742112
-0.569709222596
-0.574176635257
-0.561527863868
-0.44299026299
-0.502653501042
-0.506093858372
-0.557060451207
-0.498563810587
-0.578750728304
-0.522950755718
-0.534589247328
-0.588331209991
-0.522950755718
-0.615683366405
-0.589068615889
-0.532698722074
-0.534589247328
-0.456731952408
-0.431874831931
-0.467516750223
-0.496560618881
-0.534589247328
-0.481985462448
-0.465000499856
-0.491390636693
-0.551235717829
-0.431874831931
-0.512164631932
-0.431874831931
-0.415013730515
-0.447480170953
-0.456731952408
-0.548696579867
-0.467516750223
-0.51066795142
-0.477264716578
-0.515293345025
-0.589556383877
-0.501138603049
-0.477264716578
-0.589556383877
-0.591446909132
-0.686007728936
-0.441126613386
-0.611744690085
-0.580209289454
-0.589068615889
-0.450544313396
-0.51718387028
-0.51340281977
-0.51340281977
-0.441126613386
-0.493906887059
-0.441126613386
-0.441126613386
-0.422623050476
-0.51718387028
-0.441126613386
-0.441126613386
-0.441126613386
-0.611744690085
-0.51718387028
-0.441126613386
-0.577292167155
-0.507145393585
-0.611744690085
-0.580209289454
