-0.469595323681
-0.469595323681
-0.429363977317
-0.323817050674
-0.303304111558
-0.323817050674
-0.323817050674
0.499168804419
-0.323817050674
-0.302928482451
-0.302928482451
-0.302928482451
-0.323817050674
-0.435416562968
-0.373041919634
-0.435416562968
-0.461364997664
-0.429363977317
-0.401971753611
-0.461364997664
-0.463754634386
-0.401971753611
-0.323817050674
-0.393641827443
-0.435416562968
-0.461364997664
-0.429363977317
-0.463754634386
-0.463754634386
-0.302928482451
-0.429363977317
-0.469595323681
-0.461364997664
-0.435416562968
-0.460914539355
-0.461364997664
-0.237871812265
-0.303304111558
-0.323817050674
-0.306388904957
-0.461364997664
-0.460914539355
-0.461364997664
-0.323817050674
0.800771106081
0.883240087249
0.804120377473
0.804120377473
0.77004965757
-0.237871812265
-0.302928482451
0.549801550467
0.707488497332
0.615613368202
0.765547648725
0.754793658535
0.751371722684
0.74891012763
0.632133719083
0.614205888584
0.632133719083
0.530446011002
0.632133719083
0.673967020016
0.695306012507
0.703889928002
-0.237871812265
-0.302928482451
0.520923279836
-0.302928482451
0.520923279836
0.614547016938
0.614547016938
0.534240580229
0.632133719083
0.69348050704
0.615613368202
0.530446011002
0.614205888584
0.20485412635
-0.302928482451
-0.303304111558
-0.237871812265
-0.302928482451
-0.237871812265
-0.237871812265
0.341388404593
0.534667618158
0.504034407707
0.519157614678
0.519157614678
0.441614814867
0.544493106976
0.503507747283
0.498967800021
0.406668081861
0.395465040195
0.394754720078
0.344097831414
0.334053733743
0.00114575854113
0.340868537997
0.132975258718
0.181202444639
0.174400850571
0.174400850571
0.240122261128
0.314365942489
0.306067114807
0.292656744259
0.315593007027
0.434824573448
0.375608093429
0.375608093429
0.306067114807
0.230242046706
0.181202444639
0.203614558977
0.211590289154
0.313720078835
0.261467549946
0.281658881919
0.248099963637
0.305767103716
0.369150547841
0.302731216414
0.281658881919
0.305767103716
0.281658881919
0.248099963637
0.2096167722
0.277858182886
0.230570203636
0.230570203636
0.267044427125
0.225205887449
0.230570203636
0.216293742881
0.240301480646
0.248099963637
0.18843659114
0.179108585465
0.188453227628
0.204915708406
0.179108585465
0.17535449155
0.1414724312
0.138926932668
0.138926932668
0.144425309345
0.184931802926
0.184931802926
0.134343862166
0.119529884789
0.138125413706
0.158051258739
0.158051258739
0.105093998039
0.100893336969
0.0767282365015
0.0911727438062
0.0682590291162
0.0558469040387
0.0439703912012
0.00323690214696
0.0109588423039
-0.0355086137436
0.00323690214696
-0.000606090431428
0.0241849686555
0.0241849686555
0.0241849686555
-0.00826600291265
-0.00160735547369
-0.00826600291265
-0.00160735547369
-0.00160735547369
0.0205877606956
0.0406808689706
0.0506231784386
0.0506231784386
0.0522696200302
0.0337208966412
0.0241849686555
-0.000606090431428
-0.0180404666922
-0.00160735547369
-0.00826600291265
-0.00826600291265
-0.0266468999202
-0.019786354014
-0.00160735547369
-0.0147284549043
-0.0464671326575
-0.0387723726546
-0.00799735514036
0.0130903617881
0.00150113281038
-0.0373149026258
-0.0874751028593
-0.048618969518
-0.0446137486463
-0.0754378871572
-0.0714737400636
-0.0754378871572
-0.0616244611374
-0.080389900975
-0.0595055759504
-0.0758660388356
-0.113512079372
-0.0644774794575
-0.0791733886986
-0.0754378871572
-0.0758660388356
-0.0758660388356
-0.035256758367
-0.080389900975
-0.0874751028593
-0.0387723726546
-0.0644774794575
-0.0940834155126
-0.0978754837147
-0.111695644016
-0.0758660388356
-0.0791733886986
-0.0874751028593
-0.0866861910487
-0.144983690726
-0.160146348045
-0.145581133292
-0.144983690726
-0.185438879088
-0.169362478774
-0.15454361599
-0.123553970465
-0.114963698647
-0.0978754837147
-0.111909650386
-0.111909650386
-0.0714737400636
-0.0876862416171
-0.126874273466
-0.126874273466
-0.141725748906
-0.141725748906
-0.111695644016
-0.156996011195
-0.172533845742
-0.193022749245
-0.197641837716
-0.168039090667
-0.178240138436
-0.17748470934
-0.175509521228
-0.162798652756
-0.162798652756
-0.178240138436
-0.197641837716
-0.178240138436
-0.176451338529
-0.22138473542
-0.256296190927
-0.265427574199
-0.219135982471
-0.230103992838
-0.230103992838
-0.211370725253
-0.226815307161
-0.22138473542
-0.203156835254
-0.229672075088
-0.227844557812
-0.227844557812
-0.200620069038
-0.205671390182
-0.177108712587
-0.204447330995
-0.200620069038
-0.211370725253
-0.204447330995
-0.229672075088
-0.22138473542
-0.227844557812
-0.229672075088
-0.239892424141
-0.22138473542
-0.227844557812
-0.227844557812
-0.265427574199
-0.256296190927
-0.237871812265
-0.239892424141
-0.255688280359
-0.225337590151
-0.22138473542
-0.257597115607
-0.265427574199
-0.237871812265
-0.232957835267
-0.254889412009
-0.201118184836
-0.256296190927
-0.243639027337
-0.269728829806
-0.283851033032
-0.275398811503
-0.271284630238
-0.201118184836
-0.233920247067
-0.271284630238
-0.283851033032
-0.284268135549
-0.276629327948
-0.318408709302
-0.262404745384
-0.295059760142
-0.269728829806
-0.257397166405
-0.271284630238
-0.274729224701
-0.263295973411
-0.295059760142
-0.281057411222
-0.28625922073
-0.281057411222
-0.271284630238
-0.274729224701
-0.262404745384
-0.262404745384
-0.295059760142
-0.274729224701
-0.295059760142
-0.289098529122
-0.291802394228
-0.318408709302
-0.336663880598
-0.327455836009
-0.3186201989
-0.31870881143
-0.304260647951
-0.304260647951
-0.303304111558
-0.338931556325
-0.320680543716
-0.315046826279
-0.315175633821
-0.338931556325
-0.323817050674
-0.292855319901
-0.291802394228
-0.295059760142
-0.311004368007
-0.320680543716
-0.311004368007
-0.297056153445
-0.333899895401
-0.327455836009
-0.3186201989
-0.289098529122
-0.272613120205
-0.292855319901
-0.35781363191
-0.368757284808
-0.374044122305
-0.365738294825
-0.365738294825
-0.375999275884
-0.368757284808
-0.365738294825
-0.338931556325
-0.333899895401
-0.349581355536
-0.321522563311
-0.301566353589
-0.312573275016
-0.364329122039
-0.364329122039
-0.361033341628
-0.357406255863
-0.357406255863
-0.367179474243
-0.364329122039
-0.361033341628
-0.34907112084
-0.358318530771
-0.380363628828
-0.356526345349
-0.365738294825
-0.34907112084
-0.361033341628
-0.361033341628
-0.365738294825
-0.405395045418
-0.368757284808
-0.365738294825
-0.365738294825
-0.40410434043
-0.382461648417
-0.382461648417
-0.357406255863
-0.34907112084
-0.368757284808
-0.365738294825
-0.405395045418
-0.333734383904
-0.335867327383
-0.364329122039
-0.336663880598
-0.335867327383
-0.343337470051
-0.405395045418
-0.380555220527
-0.404617329762
-0.368757284808
-0.373041919634
-0.380555220527
-0.382461648417
-0.365738294825
-0.356526345349
-0.404617329762
-0.380555220527
-0.363117025122
-0.374044122305
-0.312573275016
-0.364329122039
-0.369085283443
-0.404617329762
-0.411902807648
-0.404617329762
-0.421828748118
-0.399173792323
-0.392894574944
-0.380363628828
-0.376187134863
-0.376187134863
-0.410087291354
-0.421957191825
-0.436065954001
-0.433548520742
-0.431723766016
-0.42856016699
-0.434224085313
-0.420805663013
-0.409698817346
-0.376316201323
-0.419553734496
-0.422100300433
-0.417046469445
-0.443380045538
-0.434224085313
-0.434436645186
-0.421957191825
-0.398165210255
-0.417974825469
-0.427006923114
-0.450419178428
-0.421957191825
-0.442324724525
-0.420805663013
-0.398165210255
-0.413455245417
-0.421957191825
-0.421957191825
-0.46005950894
-0.414728538524
-0.450419178428
-0.417974825469
-0.427006923114
-0.43814915246
-0.427006923114
-0.417974825469
-0.424167128366
-0.413455245417
-0.413455245417
-0.408217228092
-0.450419178428
-0.417974825469
-0.419553734496
-0.410087291354
-0.434604531478
-0.433548520742
-0.413455245417
-0.421957191825
-0.435416562968
-0.413455245417
-0.420805663013
-0.42613959574
-0.410087291354
-0.419553734496
-0.410087291354
-0.417974825469
-0.434224085313
-0.441147815013
-0.455420104671
-0.434224085313
-0.434224085313
-0.422933317049
-0.434436645186
-0.427006923114
-0.427006923114
-0.404617329762
-0.433548520742
-0.441147815013
-0.429363977317
-0.408217228092
-0.434604531478
-0.43814915246
-0.427006923114
-0.410087291354
-0.434224085313
-0.419553734496
-0.462785344916
-0.436696936257
-0.43814915246
-0.448648780037
-0.462785344916
-0.445118589778
-0.422798168959
-0.448648780037
-0.433548520742
-0.439383073271
-0.439383073271
-0.43814915246
-0.440573156815
-0.430986659742
-0.442324724525
-0.441147815013
-0.440573156815
-0.431723766016
-0.422798168959
-0.440573156815
-0.462785344916
-0.450419178428
-0.465440657375
-0.478041731254
-0.490672047603
-0.476890195435
-0.441147815013
-0.462785344916
-0.465440657375
-0.465440657375
-0.434436645186
-0.427001327291
-0.463754634386
-0.450419178428
-0.450419178428
-0.476890195435
-0.476890195435
-0.476890195435
-0.450419178428
-0.435416562968
-0.440573156815
-0.452724605801
-0.441147815013
-0.450419178428
-0.450419178428
-0.441147815013
-0.457373613841
-0.463754634386
-0.465440657375
-0.460384581219
-0.46005950894
-0.461364997664
-0.463754634386
-0.462785344916
-0.460384581219
-0.441147815013
-0.465440657375
-0.460914539355
-0.486508127787
-0.4573854945
-0.465440657375
-0.492980504599
-0.504595026713
