1.19501139678
1.24947736378
1.35708669634
1.34926877614
1.30078110441
1.3645596906
1.2807371055
1.30327556212
1.23517986741
1.17084789903
1.23517986741
1.27348358006
1.14767635358
1.45985888346
1.16263221039
1.1765205976
1.16592005746
1.172191413
1.11309193529
1.00661829577
1.12241420905
1.15611396349
1.07225200296
1.11269506548
1.16502967622
1.10528177739
1.09562707216
1.05176680858
1.14154018125
1.04013896005
1.15611396349
1.14093208007
1.16592005746
1.17510258965
0.947061005507
0.875005758285
0.90921303779
0.863274484096
0.920696251224
0.920696251224
0.826570866208
0.850937539867
0.863212061131
1.02531276363
1.00839452863
0.788619701656
0.815254297813
0.690724744036
0.681890989402
0.74788185184
0.693452996551
0.791894094077
0.73954427666
0.657890733232
0.657890733232
0.627176041961
0.6330226632
0.591812786877
0.591812786877
0.591812786877
0.565928860662
0.541762686976
0.560384370978
0.52368922315
0.531264249722
0.523887372386
0.591016391651
0.542384744437
0.465208472274
0.517091940027
0.531264249722
0.453125126973
0.462550567552
0.52368922315
0.487746078756
0.409652149596
0.483364591638
0.471538262652
0.473390321078
0.468857197969
0.465208472274
0.481866098691
0.458534300454
0.413012998462
0.413012998462
0.411592908806
0.367341795591
0.340717774289
0.329425190551
0.378535235695
0.298617550577
0.33000455302
0.269831202089
0.270836749678
0.26964713313
0.236040514799
0.212040919147
0.222160030417
0.20775806144
0.23058344172
0.187400280116
0.201406158505
0.222056355455
0.196673322848
0.142947786561
0.15529555018
0.145377644904
0.153075102287
0.222187558756
0.0917354448531
0.171304701943
0.127117801309
0.0912713788692
0.0519163254226
0.0759976199534
0.0607928421455
0.0912713788692
0.0917354448531
0.0956219085665
0.0655694792198
0.0954395415185
0.0583181677868
0.0769940705178
0.0122800006587
0.0310449524523
0.0281863414442
0.0772804272259
0.0558531353991
0.0223048564422
-0.0207219667996
0.0310449524523
0.0121534829564
0.0280947568106
0.0510353093742
-0.0525356323522
-0.0425904880702
-0.0671102111138
-0.0708358848283
-0.0207219667996
-0.0518864593499
-0.0487646389775
-0.0866761964216
-0.0719571890795
-0.0392545087598
0.0191481171498
-0.058796087832
-0.058796087832
-0.0670009425655
-0.12940553272
-0.0589396485876
-0.0589396485876
-0.0719571890795
-0.0906748076039
-0.0810105404374
-0.12334351869
-0.106594812605
-0.109103356242
-0.0780717304734
-0.152937958018
-0.189916345002
-0.103381559518
-0.123532710069
-0.132232020191
-0.175584849932
-0.127360755071
-0.111254923895
-0.155428339431
-0.146129431842
-0.166284501112
-0.155428339431
-0.160305604898
-0.163841999244
-0.0789115892823
-0.148888662918
-0.14906638634
-0.135953060241
-0.256489171315
-0.191983308407
-0.179561163578
-0.191983308407
-0.219938588183
-0.236241208273
-0.238636843466
-0.25460534699
-0.245785857274
-0.238636843466
-0.222030403065
-0.215409706761
-0.256489171315
-0.277654511385
-0.263592643121
-0.257885120338
-0.236241208273
-0.190322050599
-0.252748608553
-0.242539479322
-0.244074562233
-0.274992013538
-0.249866185432
-0.286123624678
-0.190322050599
-0.244185663038
-0.262342101813
-0.311275135688
-0.248641751516
-0.316445330791
-0.263592643121
-0.285386308263
-0.292006151574
-0.284935403084
-0.274992013538
-0.240373687094
-0.250873264422
-0.26728949594
-0.30308604673
-0.261091073995
-0.242298907132
-0.227333188874
-0.24442607105
-0.284935403084
-0.284935403084
-0.299052935559
-0.266688292498
-0.263519922391
-0.265021401131
-0.25460534699
-0.276524733805
-0.304220809913
-0.334916639227
-0.298116970702
-0.311892011437
-0.320909123753
-0.359963502795
-0.368954455097
-0.385565310866
-0.335201977836
-0.369395928877
-0.311551858101
-0.356700894346
-0.335201977836
-0.393299577503
-0.347446273369
-0.371290836668
-0.371290836668
-0.323632352194
-0.272333153975
-0.349688934911
-0.323141645026
-0.285386308263
-0.336185013932
-0.319949593771
-0.283048708554
-0.341049448934
-0.283562295845
-0.317409345354
-0.409266536665
-0.323632352194
-0.335201977836
-0.341599681667
-0.4159867644
-0.421007823873
-0.432798678485
-0.360810658886
-0.382064037019
-0.367534825211
-0.366101936915
-0.385565310866
-0.369249258875
-0.382099282423
-0.335249670081
-0.30281036165
-0.314207181123
-0.369249258875
-0.33760021845
-0.369249258875
-0.368900752529
-0.346397962511
-0.348140471843
-0.304220809913
-0.360865747597
-0.367814389927
-0.38698139896
-0.394574990233
-0.334916639227
-0.386954777543
-0.387163015363
-0.414442466737
-0.444299883404
-0.425072144212
-0.408894364507
-0.437794356043
-0.442999525973
-0.442999525973
-0.414442466737
-0.41900613506
-0.430849229879
-0.429875985315
-0.439684534356
-0.41900613506
-0.412350314591
-0.38963482394
-0.418410148445
-0.41900613506
-0.38698139896
-0.409266536665
-0.399781706797
-0.383913427911
-0.443557843261
-0.445436357365
-0.438850282281
-0.463450118529
-0.494970555829
-0.496653129734
-0.41221732343
-0.442441078733
-0.445436357365
-0.435226428583
-0.479195998564
-0.461668769681
-0.41854945376
-0.462890983429
-0.419655237423
-0.466970229549
-0.461445139215
-0.438850282281
-0.444299883404
-0.443557843261
-0.406811312551
-0.452314450529
-0.46639752881
-0.444967358318
-0.444383127936
-0.47953718164
-0.450725225812
-0.513174310833
-0.471546772816
-0.47570096881
-0.486867718529
-0.500832712161
-0.490190472412
-0.509805655984
-0.53712648441
-0.544189485855
-0.535970689481
-0.520538787759
-0.510824849518
-0.51919939446
-0.511659360133
-0.501254748137
-0.510824849518
-0.490209546927
-0.482374110899
-0.469101810664
-0.489241102595
-0.476267443834
-0.480798529033
-0.536177526626
-0.483616434103
-0.454085307274
-0.533589110826
-0.488042724762
-0.488540405354
-0.483616434103
-0.552695221895
-0.565199376803
-0.566675682951
-0.496653129734
-0.562204720852
-0.521306088854
-0.510824849518
-0.524992381075
-0.54010081186
-0.510663520852
-0.514339420149
-0.477916100234
-0.493857439476
-0.533589110826
-0.521490694639
-0.544272512225
-0.510646731407
-0.47570096881
-0.510663520852
-0.478028601297
-0.545343367352
-0.54001494418
-0.526956833394
-0.567973907671
-0.537668346814
-0.545074528563
-0.557194120231
-0.565307056998
-0.54940142254
-0.555646894878
-0.55002998198
-0.555646894878
-0.557966331541
-0.607787103139
-0.555806258032
-0.54010081186
-0.545074528563
-0.537376181635
-0.53712648441
-0.555666345044
-0.529190012355
-0.54940142254
-0.522780476566
-0.556936064496
-0.535970689481
-0.569647433109
-0.569700950357
-0.565941176048
-0.571232046287
-0.556552938613
-0.545343367352
-0.556936064496
-0.575921975356
-0.63412781815
-0.590556355045
-0.556936064496
-0.574648845768
-0.568083560451
-0.58125209801
-0.58125209801
-0.576591217176
-0.567973907671
-0.544806203634
-0.551575191726
-0.549287247285
-0.568083560451
-0.607964095319
-0.596110217199
-0.556936064496
-0.569841636179
-0.563359766742
-0.584378956895
-0.607787103139
-0.590556355045
-0.589593773022
-0.595786934511
-0.571232046287
-0.613881613291
-0.596110217199
-0.58125209801
-0.607964095319
-0.636120715734
-0.627651183797
-0.609323948827
-0.620880138579
-0.617143621192
-0.633505533533
-0.632316228979
-0.610528592093
-0.608703062217
-0.589108747213
-0.619138989502
-0.585028969522
-0.612628213906
-0.584475712744
-0.566675682951
-0.562204720852
-0.59357731359
-0.613881613291
-0.58092457375
-0.577063043223
-0.639613432877
-0.610452477188
-0.587083710756
-0.615141194802
-0.661743530353
-0.652482653372
-0.584395482764
-0.58645767692
-0.589353302879
-0.584475712744
-0.607787103139
-0.586916543779
-0.589108747213
-0.600808280437
-0.597636912858
-0.609323948827
-0.607964095319
-0.610528592093
-0.603273902714
-0.622734105864
-0.613692677546
-0.613881613291
-0.613881613291
-0.603273902714
-0.598239909223
-0.619138989502
-0.619783504979
-0.613881613291
-0.613357399133
-0.633505533533
-0.635780983046
-0.624602213365
-0.656793523704
-0.646093260965
-0.640805387559
-0.660246684751
-0.640799676726
-0.637447794185
-0.63412781815
-0.632928368045
-0.607787103139
-0.63412781815
-0.636863741217
-0.621639316695
-0.589353302879
-0.597273920297
-0.620301646099
-0.632928368045
-0.633505533533
-0.610452477188
-0.632928368045
-0.620301646099
-0.650908146409
-0.64246414337
-0.590556355045
-0.640799676726
-0.682142875225
-0.656793523704
-0.640191178061
-0.655926129191
-0.611923369418
-0.642969233426
-0.611923369418
-0.635047612522
-0.617143621192
-0.630853648086
-0.598239909223
-0.609323948827
-0.627651183797
-0.623782858698
-0.63412781815
-0.635047612522
-0.625252210273
-0.627651183797
-0.629026501085
-0.642969233426
-0.619138989502
-0.652035879838
-0.652035879838
-0.622915605336
-0.640805387559
-0.652461607504
-0.652035879838
-0.661743530353
-0.652461607504
-0.662508061379
-0.63412781815
-0.662508061379
-0.652035879838
-0.662508061379
-0.652035879838
-0.650500800646
-0.646093260965
-0.640805387559
-0.622388600996
-0.653708851443
-0.657816391094
-0.646531816443
-0.635047612522
-0.655926129191
-0.642969233426
-0.650908146409
-0.640191178061
-0.652035879838
-0.671458982287
-0.622388600996
-0.646093260965
-0.652035879838
-0.685806788894
-0.694246588269
