0.0
0.0
0.0
0.352941176471
0.333333333333
0.470588235294
0.0
0.0
0.0
0.0
0.0
0.166666666667
0.194444444444
0.175
0.382352941176
0.433333333333
0.21875
0.5
0.352941176471
0.5
0.470588235294
0.866666666665
0.64705882353
0.59375
0.53125
0.375
0.0
0.15625
0.0
0.0
0.4375
0.411764705882
0.0
0.0
0.0
0.3125
0.0
0.0
0.294117647059
0.294117647059
0.333333333333
0.0
0.0
0.3125
0.25
0.25
0.0
0.0
0.0
0.0
0.0
0.0
0.285714285714
0.0
0.0
0.0
0.0
0.0
0.0
0.0
0.0
0.0
0.916666666667
0.846153846154
0.916666666667
0.0
0.583333333333
0.583333333333
0.5
0.461538461538
0.25
0.0
0.0
0.0
0.5
0.0
0.0
0.0
0.0
0.0
0.635416666666
0.5
0.454545454545
0.414215686275
0.5
0.636363636364
0.75
0.454545454545
0.318181818181
0.433155080214
0.909090909092
0.999999999998
0.5
0.275
0.313725490196
0.318181818181
0.318181818181
0.318181818181
0.727272727273
0.15625
0.0
0.15
0.0
0.0
0.0
0.0
0.188235294118
0.333333333333
0.65
0.65
0.677777777778
1.00326797385
0.970588235293
1.04914529915
0.4
1.02777777778
0.66875
0.486928104575
0.483333333334
0.58125
0.64375
0.468627450981
0.388888888889
0.552941176471
0.876923076925
0.777777777778
0.9375
1.0625
1.225
1.225
1.125
1.25
0.401785714286
0.330357142857
0.445054945055
0.5
0.375
0.442307692308
0.625
1.01136363637
0.71568627451
1.07692307693
0.745098039216
0.833333333334
0.7
0.611111111111
0.625
0.444444444444
0.625
0.5625
0.625
0.5
0.8125
0.375
0.719047619048
1.09126984127
0.571428571429
0.25
0.307692307692
0.25
0.25
0.251748251748
0.261363636364
0.354166666666
0.769230769231
0.261363636364
0.278846153846
0.261363636364
0.4375
0.460227272728
0.857142857143
0.648809523809
1.0
0.857142857143
0.607142857143
0.534965034965
0.464285714286
0.27922077922
0.416666666666
0.333333333334
0.416666666666
0.285714285714
0.364285714286
0.5
0.292857142857
0.428571428571
0.364285714286
0.428571428571
0.5
0.75
0.75
1.13392857143
1.21428571428
1.25757575758
0.944444444444
0.652777777778
0.331818181818
0.291666666666
0.381818181818
0.477272727273
0.755681818182
1.14285714286
1.3125
1.33333333333
1.45
1.33035714286
0.916666666666
1.18333333334
1.0
0.7875
0.875
1.08333333334
1.08333333334
1.0
0.888888888889
0.875
0.8375
1.0625
1.0625
1.1875
1.0
1.1
1.28333333333
1.0
0.881944444444
1.08333333334
1.0
1.16666666667
1.07142857143
0.95
1.08333333334
0.888888888889
1.14583333334
1.13392857143
1.15476190477
1.16666666667
1.15476190477
1.21428571428
1.0
1.0625
0.7375
0.464285714286
0.5
1.0
1.07142857143
1.08333333334
1.0625
1.0
0.636363636364
0.8125
1.07142857143
1.33333333333
1.225
0.773809523809
0.785714285714
0.729166666666
0.8125
0.928571428571
0.857142857143
1.26666666666
1.2
1.18333333334
1.08333333334
1.26666666666
1.07142857143
0.916666666666
1.18823529412
1.15476190477
1.0
1.0
1.0
0.857142857143
0.857142857143
0.666666666667
0.833333333333
0.833333333333
0.818181818182
1.125
1.16666666667
1.16666666667
1.14285714286
1.16666666667
1.0
1.0
1.0
0.833333333333
1.0
0.833333333333
1.0
1.0
1.0
0.875
1.05882352941
1.0
1.11111111111
1.0
1.16666666667
1.22222222222
1.125
1.0
0.875
1.0
0.833333333333
1.0
1.125
1.0
1.2
1.18181818182
1.0
1.0
1.3
1.4
1.33333333333
1.16666666667
1.06666666667
1.0
1.0625
1.15
1.18333333334
1.0
1.125
1.0919117647
1.0
1.0
1.10096153846
1.13392857143
1.18333333334
1.17142857143
1.14285714286
1.125
1.0
1.0
1.0
1.16666666667
1.0
1.0
1.0
1.0
1.0
1.0
1.0
1.0
1.2
1.28571428571
1.0
1.27272727273
1.0
1.16666666667
1.0
1.0
1.0
0.8
0.714285714286
1.0
0.888888888889
1.0
1.14285714286
1.0
1.0
1.0
1.0
1.0
0.933333333333
1.14285714286
1.18333333334
1.0
0.888888888889
0.8
0.923076923077
0.866666666667
0.866666666667
1.0
1.0
1.0
1.0
1.11111111111
0.9
0.8
1.0
1.0
0.8
0.8
0.888888888889
0.8
0.9
1.0
1.0
1.0
1.0
1.0
1.0
1.0
0.888888888889
1.0
0.858333333334
1.0
1.0
1.16666666667
1.0
1.03333333333
1.0
1.13025210084
1.07142857143
1.0
0.892045454545
1.0
1.0
1.0
1.0
1.0
1.0
1.0
1.0
1.0
1.0
1.0
1.0
1.0
1.0
1.0
1.0
1.0
1.0
1.0
1.0
1.0
1.0
1.0
0.861538461539
1.0
1.0
1.0
0.791666666666
0.958333333334
0.899038461538
1.14285714286
1.2
1.0
1.0
1.0
1.0
1.0
0.928571428571
0.75
0.845238095238
1.0
1.0
1.0
1.0
1.0
1.0
1.0
1.0
1.0
1.0
0.8
0.916666666666
0.657142857143
0.775
0.916666666666
0.909090909091
1.0
1.0
1.0
0.85
0.775
1.0
1.0
1.0
0.75
0.844444444445
0.916666666666
1.0
1.0
1.0
1.0
1.0
0.944444444444
0.916666666666
1.0
0.816666666667
1.0
1.0
0.816666666667
1.0
1.0
1.0
0.9
1.0
1.0
1.0
1.0
1.0
1.0
1.0
1.0
1.0
1.0
1.0
1.0
1.0
1.0
1.0
1.0
1.0
1.0
0.816666666667
0.763888888889
0.775
0.690476190477
1.0
1.0
1.0
1.0
1.14285714286
1.0
1.0
1.0
1.0
1.0
1.0
1.0
1.0
1.0
1.0
1.0
0.9
1.0
1.0
1.0
1.0
0.9375
1.0
1.0
1.0
1.0
1.0
1.0
1.0
1.0
1.0
0.775
0.9
0.916666666666
1.0
1.0
1.0
0.775
1.0
1.0
1.0
1.0
1.0
1.0
1.0
1.0
0.75
1.0
1.0
1.30952380952
1.26785714286
1.875
1.25
1.5
1.33333333333
1.18333333334
1.2
1.2
1.0
1.0
1.29166666666
1.33333333333
1.29166666666
1.2
1.33333333333
1.2
1.2
1.0
1.0
1.2
1.0
1.0
1.0
1.0
1.0
1.0
1.0
1.0
1.1
1.0
1.0
1.0
1.0
1.0
1.0
1.0
1.0
1.0
1.0
1.0
1.0
1.0
1.0
1.25
1.0
1.0
1.0
1.0
1.0
1.0
1.0
1.0
1.0
0.625
1.0
1.0
1.0
1.0
1.0
1.0
1.2
1.0
1.0
1.0
1.33333333333
1.0
1.2
1.0
1.0
1.0
1.0
1.0
1.0
1.0
1.0
1.0
1.0
0.8
1.0
1.0
1.0
1.25
1.0
1.0
1.0
1.0
1.0
1.0
1.0
1.0
1.0
1.0
1.0
1.0
1.0
1.0
1.33333333333
1.125
1.0
1.0
1.0
1.0
1.0
0.8
0.775
0.75
0.690476190477
1.0
1.0
1.0
1.0
1.1
1.0
1.0
0.775
1.0
1.33333333333
1.33333333333
1.25
1.0
0.875
0.875
0.875
1.0
1.0
0.875
1.0
0.75
1.0
0.75
0.9
1.0
1.0
0.875
1.0
1.0
0.775
1.0
1.0
1.0
1.0
1.0
1.0
1.0
0.75
1.0
1.0
1.0
1.0
1.0
1.0
1.0
1.0
1.0
1.0
1.0
1.0
0.75
0.633333333334
0.75
0.75
1.0
1.0
1.0
1.0
1.0
1.0
1.0
1.0
1.16666666666
1.0
1.0
1.0
1.0
1.0
1.0
1.0
1.0
1.0
1.0
1.0
1.0
1.0
1.0
1.0
1.0
1.0
1.0
1.0
1.0
1.125
1.0
1.0
1.0
1.0
1.0
1.0
1.0
1.0
1.0
1.0
1.0
1.0
1.0
1.0
1.0
1.0
1.0
1.0
0.75
0.666666666667
0.75
1.0
1.0
1.0
1.0
1.0
1.0
0.833333333334
1.0
1.0
1.0
1.0
0.666666666667
0.666666666667
0.666666666667
1.16666666666
0.833333333334
1.16666666666
1.0
1.125
1.16666666666
0.875
1.0
1.33333333333
0.666666666667
1.29166666666
0.666666666667
0.690476190477
1.33333333333
0.958333333334
1.0
1.0
1.0
1.0
1.0
1.29166666666
1.0
1.0
1.0
0.833333333334
1.0
1.0
1.16666666666
1.0
1.0
0.666666666667
1.16666666666
1.0
1.16666666666
0.875
0.666666666667
0.5
0.733333333334
1.0
0.666666666667
0.666666666667
0.833333333334
1.16666666666
1.0
1.0
0.999999999998
1.0
1.0
1.0
1.16666666666
0.666666666667
0.666666666667
0.666666666667
0.666666666667
1.0
0.833333333334
0.666666666667
0.666666666667
1.33333333333
1.0
1.0
1.0
1.0
1.0
0.666666666667
1.0
1.0
1.0
0.666666666667
1.33333333333
1.0
1.0
1.33333333333
1.0
0.666666666667
0.666666666667
0.666666666667
1.0
1.0
1.0
1.0
1.0
1.33333333333
1.33333333333
1.0
1.33333333333
1.33333333333
0.75
0.571428571429
0.75
1.0
1.33333333333
0.666666666667
0.666666666667
1.0
1.33333333333
0.666666666667
0.666666666667
1.33333333333
1.0
1.0
1.66666666667
1.66666666667
1.33333333333
1.5
1.5
1.5
1.33333333333
1.0
1.5
1.66666666666
1.5
1.33333333333
1.33333333333
1.5
1.16666666666
1.66666666667
1.33333333333
1.33333333333
1.33333333333
1.33333333333
1.33333333333
1.33333333333
1.33333333333
1.33333333333
1.66666666667
1.33333333333
1.33333333333
1.33333333333
1.33333333333
1.5
1.33333333333
1.5
1.5
1.33333333333
1.66666666667
1.33333333333
1.66666666667
1.33333333333
1.33333333333
1.14285714286
1.25
1.33333333333
1.66666666667
1.66666666667
1.33333333333
1.33333333333
1.33333333333
1.66666666667
1.33333333333
1.5
1.5
1.75
2.33333333333
1.33333333333
1.33333333333
1.33333333333
2.33333333333
2.0
2.33333333333
1.5
1.5
2.33333333333
1.0
1.0
1.0
1.0
1.0
0.428571428571
0.75
1.33333333333
1.0
1.0
1.0
1.0
1.0
1.0
1.0
1.66666666667
2.0
3.5
